1 0 0 -0 0 1 0 0 0 0 1 -0
1 0 0 -0.015406 0 1 0 0.000646 0 0 1 0.724242
1 0 0 -0.03303 0 1 0 -0.005778 0 0 1 2.2249
1 0 0 -0.073036 0 1 0 -0.01249 0 0 1 3.77681
0.999564 0.00410984 -0.0292538 -0.154038 -0.00398125 0.999982 0.00445271 -0.023896 0.0292716 -0.0043343 0.999562 6.19713
0.999559 0.00412659 -0.0293957 -0.249875 -0.00399649 0.999982 0.00448323 -0.027825 0.0294137 -0.00436377 0.999558 8.68783
0.999555 0.00414525 -0.0295236 -0.340633 -0.00401382 0.999982 0.00450975 -0.039736 0.0295417 -0.00438924 0.999554 11.2705
0.999552 0.00416189 -0.0296375 -0.436821 -0.00402918 0.999982 0.00453621 -0.052713 0.0296558 -0.00441477 0.99955 13.9359
0.999549 0.00417843 -0.0297333 -0.541125 -0.00404463 0.999981 0.00455864 -0.059612 0.0297518 -0.00443632 0.999547 16.6445
0.999546 0.00419695 -0.0298212 -0.597213 -0.0040621 0.999981 0.00458108 -0.069405 0.0298399 -0.00445787 0.999545 18.4795
0.999544 0.00421339 -0.0298991 -0.659414 -0.00407764 0.999981 0.00459948 -0.072785 0.0299179 -0.00447546 0.999542 20.3341
0.999542 0.00422979 -0.029961 -0.747062 -0.00409323 0.999981 0.00461784 -0.085974 0.02998 -0.00449309 0.99954 23.1513
0.999541 0.00424611 -0.0300069 -0.827212 -0.00410892 0.999981 0.00463218 -0.110754 0.030026 -0.00450675 0.999539 25.9994
0.999526 -0.00139791 -0.0307638 -0.88666 0.00178565 0.999919 0.0125798 -0.108219 0.0307437 -0.0126287 0.999448 27.9565
0.999372 -0.0112815 -0.0335857 -0.936445 0.0115707 0.999898 0.00842891 -0.10951 0.0334872 -0.00881223 0.9994 29.9164
0.999372 -0.0112653 -0.0335937 -1.06009 0.0115549 0.999898 0.00843713 -0.118729 0.0334952 -0.00882 0.9994 32.8732
0.999372 -0.0112512 -0.0335937 -1.12214 0.011541 0.999898 0.00844536 -0.128904 0.0334952 -0.00882777 0.9994 34.8208
0.999386 -0.0035254 -0.034873 -1.23751 0.00410116 0.999856 0.0164524 -0.139603 0.0348099 -0.0165853 0.999256 37.7333
0.999387 -0.00350971 -0.0348369 -1.35644 0.00408487 0.999856 0.0164528 -0.122473 0.0347741 -0.016585 0.999258 40.7216
0.999389 -0.00349618 -0.0347888 -1.43467 0.00407041 0.999856 0.0164491 -0.121133 0.0347262 -0.0165807 0.999259 42.701
0.999391 -0.00348083 -0.0347227 -1.56333 0.00405377 0.999857 0.0164436 -0.11563 0.0346604 -0.0165743 0.999262 45.6491
0.999394 -0.00346769 -0.0346405 -1.68351 0.00403892 0.999857 0.016434 -0.094136 0.0345786 -0.0165639 0.999265 48.5776
0.999397 -0.00345479 -0.0345404 -1.77996 0.00402382 0.999857 0.0164184 -0.091815 0.0344788 -0.0165475 0.999268 51.4477
0.999249 -0.00967352 -0.0375191 -1.87619 0.0106689 0.999594 0.0264204 -0.069334 0.0372483 -0.0268009 0.998947 54.2982
0.999159 -0.00486103 -0.0407157 -1.99636 0.00554441 0.999845 0.016688 -0.037068 0.0406283 -0.0168997 0.999031 57.0805
0.99904 0.00403305 -0.0436236 -2.14175 -0.00335696 0.999873 0.0155605 -0.034534 0.0436808 -0.0153991 0.998927 59.8021
0.999047 0.00404511 -0.0434577 -2.27205 -0.0033729 0.999874 0.0155305 -0.033652 0.043515 -0.0153692 0.998935 62.4233
0.999055 0.004057 -0.0432738 -2.39978 -0.00338902 0.999874 0.0154985 -0.036142 0.0433312 -0.0153372 0.998943 64.9111
0.998734 0.0140247 -0.048302 -2.562 -0.0130934 0.999723 0.0195436 -0.028184 0.0485628 -0.0188864 0.998642 68.0209
0.998578 0.0141934 -0.0513784 -2.6799 -0.0139365 0.999889 0.00535603 -0.033924 0.0514487 -0.00463238 0.998665 70.1429
0.99859 0.0142079 -0.0511469 -2.78778 -0.0139541 0.999889 0.00531684 -0.063846 0.0512167 -0.00459563 0.998677 72.0828
0.999067 0.0100096 -0.0420152 -2.90016 -0.0101017 0.999947 -0.0019802 -0.094747 0.0419931 0.00240278 0.999115 74.4642
1 0 0 -2.93725 0 1 0 -0.126157 0 0 1 76.6205
0.997539 0.00823578 0.0696285 -2.83836 -0.00898537 0.999905 0.0104593 -0.139406 -0.0695358 -0.0110592 0.997518 78.5833
0.977486 0.00654 0.210901 -2.47973 -0.0097431 0.999852 0.0141522 -0.150863 -0.210777 -0.0158884 0.977405 80.3639
0.884766 0.0105733 0.465915 -1.59315 -0.0145421 0.999882 0.00492418 -0.168583 -0.465808 -0.0111321 0.884816 82.2268
0.640657 0.00667934 0.767798 0.073731 -0.0121486 0.999925 0.00143822 -0.194834 -0.767731 -0.0102491 0.64069 83.7978
0.356559 0.00795103 0.934239 2.13787 -0.0036449 0.999968 -0.00711933 -0.232383 -0.934265 -0.000866748 0.356577 84.6317
0.214748 0.00839671 0.976634 3.6301 0.00153858 0.999959 -0.00893556 -0.261501 -0.976669 0.00342153 0.214726 84.9307
0.116021 0.0222107 0.992998 5.22569 0.0113837 0.999655 -0.0236896 -0.30486 -0.993181 0.0140525 0.115728 85.0864
0.0630773 0.025459 0.997683 6.54891 0.00896999 0.99962 -0.0260755 -0.335557 -0.997968 0.010594 0.062825 85.1672
0.0240675 0.0194218 0.999521 8.00332 0.01486 0.999694 -0.0197829 -0.383713 -0.9996 0.015329 0.0237715 85.1878
0.000867421 0.0212504 0.999774 9.59583 0.0218813 0.999534 -0.0212643 -0.424953 -0.99976 0.0218948 0.000402029 85.1769
-0.0144743 0.0231537 0.999627 11.3358 0.0262049 0.999397 -0.0227689 -0.471397 -0.999552 0.0258656 -0.0150723 85.1399
-0.0138363 0.0231669 0.999636 12.5946 0.0262332 0.999396 -0.0227983 -0.50392 -0.999561 0.0259082 -0.0144357 85.1076
-0.0150766 0.021995 0.999644 14.6176 0.0362935 0.999111 -0.0214359 -0.558938 -0.999227 0.0359574 -0.0158615 85.0627
-0.00343219 0.0215125 0.999762 16.7878 0.0414426 0.998913 -0.0213519 -0.614435 -0.999134 0.0413595 -0.00431999 85.0363
0.0153508 0.0153239 0.999765 19.9034 0.0383298 0.999139 -0.0159028 -0.694639 -0.999147 0.0385649 0.0147502 85.0827
0.023867 0.0250064 0.999402 22.3236 0.0275212 0.999292 -0.0256609 -0.768789 -0.999336 0.0281172 0.0231619 85.1567
0.0209833 0.0243645 0.999483 24.7887 0.0272415 0.999318 -0.0249324 -0.851089 -0.999409 0.0277506 0.0203053 85.2484
0.0150089 0.0232812 0.999617 27.2676 0.0270785 0.999353 -0.0236816 -0.949156 -0.999521 0.0274235 0.0143688 85.3111
0.00367715 0.0223257 0.999744 30.5434 0.0151721 0.999634 -0.0223791 -1.0676 -0.999878 0.0152505 0.00333707 85.3745
-0.0147619 0.0178385 0.999732 32.9814 0.0113203 0.99978 -0.0176723 -1.14541 -0.999827 0.0110564 -0.0149606 85.357
-0.0408002 0.0191962 0.998984 35.3978 0.0128506 0.999743 -0.0186859 -1.21641 -0.999085 0.0120752 -0.0410364 85.2743
-0.0580427 0.0189638 0.998133 36.9928 0.0127277 0.999752 -0.0182544 -1.27013 -0.998232 0.0116444 -0.0582697 85.1754
-0.0797097 0.019781 0.996622 38.5474 0.0130826 0.999738 -0.0187965 -1.31961 -0.996733 0.0115402 -0.0799476 85.0525
-0.109809 0.0226813 0.993694 40.8296 0.0146716 0.999668 -0.0211964 -1.39721 -0.993844 0.0122515 -0.110105 84.8126
-0.137482 0.0229612 0.990239 43.0779 0.0173252 0.999634 -0.0207737 -1.47212 -0.990354 0.0143001 -0.137829 84.522
-0.154041 0.0192396 0.987877 45.2191 0.0253255 0.999559 -0.0155181 -1.54331 -0.987739 0.0226281 -0.15446 84.1848
-0.154056 0.0192092 0.987875 46.5902 0.0253471 0.999559 -0.0154836 -1.58832 -0.987736 0.0226544 -0.154475 83.9676
-0.154072 0.0191773 0.987872 47.8891 0.0253671 0.999559 -0.0154478 -1.62807 -0.987733 0.0226794 -0.15449 83.7545
-0.137882 0.0217037 0.99021 49.7081 0.0260724 0.999493 -0.0182766 -1.70018 -0.990104 0.0232971 -0.138378 83.4938
-0.0751752 0.0253387 0.996849 51.8921 0.0210993 0.999494 -0.0238148 -1.79027 -0.996947 0.0192426 -0.0756718 83.3195
0.0491032 0.0269755 0.99843 53.9289 0.0135071 0.999526 -0.0276695 -1.87576 -0.998703 0.0148445 0.0487155 83.3877
0.239502 0.0135446 0.970801 55.864 0.000845114 0.999899 -0.014159 -1.95366 -0.970895 0.00421156 0.239467 83.8001
0.41522 0.0176871 0.909549 57.2631 0.00375116 0.999769 -0.021154 -1.99137 -0.909713 0.0121954 0.415058 84.3844
0.535337 0.0246099 0.84428 58.0656 0.00161853 0.999544 -0.030162 -2.02792 -0.844637 0.0175133 0.535053 84.9226
0.647913 0.029061 0.76116 58.757 -0.00411723 0.999391 -0.0346519 -2.05195 -0.761704 0.0193176 0.647638 85.555
0.745392 0.0243162 0.666183 59.3521 -0.00678938 0.99956 -0.028888 -2.07966 -0.666592 0.0170099 0.745228 86.2816
0.860229 0.0129829 0.509743 60.0336 -0.0102713 0.999914 -0.00813376 -2.11249 -0.509805 0.0017612 0.860288 87.5132
0.949488 0.0272591 0.312617 60.7266 -0.0296717 0.999555 0.00296195 -2.14948 -0.312397 -0.0120882 0.949875 89.7183
0.968554 0.0420943 0.245217 61.4363 -0.0432585 0.999064 -0.000639097 -2.16655 -0.245014 -0.00998869 0.969468 92.6704
0.96618 0.0416675 0.25448 62.0029 -0.0383218 0.999102 -0.0180932 -2.19399 -0.255006 0.00772914 0.966909 94.8064
0.961213 0.0408639 0.272764 62.6491 -0.0414698 0.999133 -0.00354594 -2.23558 -0.272672 -0.00790307 0.962074 97.1717
0.959736 0.029341 0.279368 63.3893 -0.0282582 0.999569 -0.00790351 -2.26733 -0.279479 -0.000309144 0.960152 99.6835
0.961249 0.0332123 0.273674 63.9487 -0.0304808 0.999434 -0.0142283 -2.29081 -0.273992 0.00533515 0.961717 101.686
0.962795 0.032245 0.268302 64.5358 -0.0331461 0.99945 -0.00117148 -2.32987 -0.268192 -0.00776528 0.963334 103.829
0.965219 0.0383785 0.25861 65.1161 -0.0358784 0.999253 -0.0143816 -2.35377 -0.258968 0.0046029 0.965875 106.047
0.968239 0.0272709 0.248535 65.9091 -0.0267708 0.999627 -0.00539246 -2.40867 -0.248589 -0.00143229 0.968608 109.152
0.968232 0.0272327 0.248566 66.5203 -0.0267295 0.999628 -0.00539979 -2.43812 -0.248621 -0.00141581 0.9686 111.546
0.96477 0.0506731 0.258169 67.5457 -0.0501985 0.998704 -0.00843429 -2.51786 -0.258262 -0.00482253 0.966063 115.661
0.964492 0.0366044 0.261563 68.2274 -0.0348206 0.999328 -0.0114529 -2.56781 -0.261806 0.00193851 0.965119 118.137
0.962603 0.0439135 0.267335 69.1049 -0.0459853 0.998941 0.00149092 -2.64298 -0.266986 -0.0137286 0.963603 121.459
0.963162 0.0346465 0.26668 70.0199 -0.0306617 0.999347 -0.0190929 -2.72045 -0.267167 0.0102126 0.963596 124.705
0.964127 0.0274693 0.264015 70.6787 -0.0314851 0.999444 0.0109905 -2.76103 -0.263566 -0.0189088 0.964456 127.146
0.966046 0.0328363 0.256276 71.5095 -0.0308833 0.999455 -0.0116426 -2.82513 -0.256519 0.00333258 0.966533 130.324
0.968693 0.0382164 0.245302 72.0961 -0.0357886 0.999256 -0.0143489 -2.88895 -0.245668 0.00512067 0.969341 132.722
0.969698 0.0437552 0.240356 72.6593 -0.0432024 0.999038 -0.00757133 -2.95233 -0.240456 -0.00304204 0.970655 135.096
0.969692 0.043716 0.240389 73.0381 -0.0431621 0.999039 -0.00757119 -2.99178 -0.240489 -0.00303397 0.970647 136.664
0.97266 0.0366161 0.229329 73.4146 -0.0346789 0.999321 -0.0124734 -3.01916 -0.22963 0.00417949 0.973269 138.221
0.975696 0.031748 0.216819 73.7698 -0.0326927 0.999465 0.000770761 -3.03748 -0.216678 -0.00784041 0.976212 139.791
0.977981 0.0380953 0.205186 74.239 -0.04067 0.999138 0.00834421 -3.05877 -0.204691 -0.0165054 0.978687 142.167
0.983146 0.0421182 0.177902 74.7971 -0.0424551 0.999097 -0.00191452 -3.09575 -0.177822 -0.00567059 0.984046 145.311
0.988381 0.0494969 0.143709 75.261 -0.0487681 0.998773 -0.00859142 -3.13927 -0.143958 0.00148316 0.989583 148.534
0.991914 0.0543015 0.114712 75.6364 -0.0557969 0.998393 0.00986292 -3.16902 -0.113992 -0.0161837 0.99335 151.806
0.992695 0.0649816 0.101658 75.8684 -0.0649205 0.997883 -0.00391305 -3.18827 -0.101697 -0.00271524 0.994812 154.242
0.993225 0.06878 0.0936658 76.0784 -0.0700212 0.997495 0.0100258 -3.20674 -0.0927416 -0.0165165 0.995553 156.74
0.996044 0.0519044 0.0721208 76.3517 -0.0520326 0.998645 -0.000102276 -3.21995 -0.0720284 -0.00365076 0.997396 160.006
0.998222 0.0389318 0.0451266 76.5168 -0.0396706 0.999091 0.0155929 -3.22741 -0.0444785 -0.0173554 0.99886 163.322
1 0 0 76.6411 0 1 0 -3.24853 0 0 1 167.505
0.99946 0.032654 -0.00378969 76.5971 -0.0326164 0.999422 0.009605 -3.2439 0.00410115 -0.0094762 0.999947 170.868
0.999461 0.0326139 -0.00375983 76.5546 -0.0325765 0.999423 0.00960844 -3.26006 0.00407103 -0.00948078 0.999947 174.251
1 0 0 76.5366 0 1 0 -3.27463 0 0 1 177.62
1 0 0 76.483 0 1 0 -3.31714 0 0 1 181.03
0.999457 0.028359 -0.0167747 76.4024 -0.0283412 0.999597 0.00129792 -3.35124 0.0168047 -0.000821796 0.999858 184.402
0.999091 0.0387674 -0.0177289 76.3267 -0.0386466 0.999228 0.00710824 -3.3766 0.0179908 -0.00641661 0.999818 186.897
0.999036 0.0394555 -0.0192525 76.2867 -0.0395014 0.999218 -0.00200614 -3.39243 0.0191582 0.0027647 0.999813 188.527
0.99892 0.0406706 -0.0224729 76.243 -0.0405069 0.99915 0.0076913 -3.39971 0.0227666 -0.00677269 0.999718 190.142
0.998922 0.0406307 -0.0224469 76.1665 -0.0404669 0.999151 0.00770033 -3.41779 0.0227407 -0.00678367 0.999718 193.235
0.999254 0.0334442 -0.0193348 76.1295 -0.0335709 0.999417 -0.00626853 -3.45285 0.0191138 0.00691294 0.999793 195.309
0.999065 0.0430733 0.00365387 76.0795 -0.0431093 0.999016 0.0104435 -3.49032 -0.00320043 -0.0105913 0.999939 198.026
0.998236 0.0458851 0.0376753 76.1562 -0.0454209 0.998882 -0.0130875 -3.53044 -0.0382337 0.0113532 0.999204 201.251
0.997654 0.0331039 0.0599213 76.352 -0.0332571 0.999446 0.00155993 -3.58813 -0.0598364 -0.00354907 0.998202 204.482
0.997142 0.0484673 0.0579504 76.5119 -0.0482514 0.998822 -0.00512075 -3.61951 -0.0581304 0.00230993 0.998306 207.738
0.997785 0.0489975 0.0449907 76.6261 -0.0490482 0.998796 2.20455e-05 -3.65092 -0.0449355 -0.00222871 0.998987 210.384
0.998719 0.0396561 0.0314442 76.7167 -0.0401756 0.999063 0.0160647 -3.65618 -0.0307777 -0.0173074 0.999376 213.097
0.999709 0.0119412 0.0209621 76.8271 -0.0122524 0.999816 0.0147822 -3.65671 -0.0207817 -0.0150348 0.999671 216.588
1 0 0 76.9127 0 1 0 -3.65632 0 0 1 219.353
1 0 0 76.9422 0 1 0 -3.66535 0 0 1 221.438
1 0 0 76.9665 0 1 0 -3.67982 0 0 1 222.792
1 0 0 76.9883 0 1 0 -3.71035 0 0 1 224.796
1 0 0 77.0293 0 1 0 -3.74873 0 0 1 226.658
0.999279 -0.0279866 -0.0256754 77.0074 0.0280233 0.999607 0.00107237 -3.7783 0.0256353 -0.00179111 0.99967 229.46
0.987907 -0.032697 -0.151564 76.6919 0.0336332 0.999428 0.00361639 -3.81928 0.151359 -0.00867023 0.988441 231.924
0.931692 -0.00714412 -0.36318 75.9184 0.0036191 0.99994 -0.0103855 -3.84906 0.363232 0.00836169 0.931661 234.041
0.75485 0.0532383 -0.653733 74.3401 -0.0507213 0.998454 0.0227448 -3.85911 0.653933 0.0159893 0.756383 236.038
0.589563 0.0804071 -0.80371 72.9577 -0.0586729 0.996667 0.0566718 -3.80756 0.805588 0.0137444 0.592316 236.992
0.338923 0.0563581 -0.939124 71.0451 -0.0301899 0.998342 0.0490164 -3.67713 0.940329 0.0117393 0.340063 237.754
0.201934 0.0568327 -0.977748 69.6987 -0.0247808 0.998292 0.0529088 -3.61298 0.979085 0.0135454 0.202997 237.997
0.0973776 0.0521299 -0.993881 68.2275 -0.0224627 0.998488 0.0501707 -3.54705 0.994994 0.0174398 0.0984014 238.11
0.0326001 0.0474802 -0.99834 66.667 -0.0255536 0.998584 0.0466573 -3.47823 0.999142 0.0239902 0.0337672 238.119
-0.00247339 0.0426027 -0.999089 64.366 -0.0309317 0.998611 0.0426589 -3.37903 0.999519 0.0310091 -0.00115217 238.1
-0.00246837 0.0425674 -0.99909 61.7621 -0.0309078 0.998613 0.0426235 -3.27925 0.999518 0.0309849 -0.00114928 238.078
-0.00247195 0.0425335 -0.999092 59.6213 -0.0308852 0.998615 0.0425896 -3.19443 0.999519 0.0309624 -0.00115487 238.076
-0.00247553 0.0424995 -0.999093 57.272 -0.0308625 0.998617 0.0425558 -3.09834 0.999521 0.0309399 -0.00116047 238.067
-0.00248195 0.0424655 -0.999095 54.7347 -0.0308398 0.998619 0.0425219 -2.99634 0.999522 0.0309174 -0.00116889 238.064
0.000851597 0.0537452 -0.998554 52.084 -0.0265268 0.998205 0.0537037 -2.8898 0.999647 0.0264428 0.00227576 238.053
0.000839741 0.0537125 -0.998556 49.4265 -0.0265025 0.998207 0.0536714 -2.78537 0.999648 0.0264191 0.00226175 238.046
-0.00694664 0.0636897 -0.997946 46.7689 -0.0195764 0.99777 0.0638147 -2.66715 0.999785 0.0199795 -0.00568433 238.039
-0.0151806 0.0656377 -0.997728 44.1181 -0.0147841 0.997719 0.0658621 -2.52467 0.999776 0.0157503 -0.0141756 238.003
-0.0152012 0.0656081 -0.997729 41.502 -0.0147595 0.997722 0.0658324 -2.39051 0.999775 0.0157268 -0.0141983 237.924
-0.0183632 0.0581169 -0.998141 38.8917 -0.0257236 0.997951 0.0585791 -2.26247 0.9995 0.0267515 -0.0168306 237.863
-0.0183925 0.0580884 -0.998142 37.1721 -0.0257004 0.997954 0.058551 -2.18228 0.999501 0.0267295 -0.0168619 237.828
-0.0184188 0.0580614 -0.998142 35.4746 -0.0256758 0.997956 0.0585243 -2.10862 0.9995 0.0267061 -0.0168904 237.799
-0.0146025 0.0612341 -0.998017 33.7917 -0.0175957 0.997953 0.0614877 -2.03792 0.999739 0.0184587 -0.0134952 237.775
-0.0146318 0.0612058 -0.998018 32.1294 -0.0175724 0.997955 0.0614595 -1.96213 0.999738 0.0184368 -0.0135264 237.759
-0.0146669 0.0611816 -0.998019 30.4701 -0.0175474 0.997957 0.0614357 -1.8849 0.999739 0.0184137 -0.0135634 237.738
-0.0166665 0.0716231 -0.997293 27.9947 -0.0192423 0.997223 0.0719397 -1.76291 0.999677 0.0203891 -0.015242 237.681
-0.0300819 0.0615172 -0.997652 24.7437 -0.0223816 0.997813 0.0622019 -1.5738 0.999296 0.0242003 -0.0286393 237.584
-0.0441614 0.0630013 -0.997036 22.3547 -0.0271762 0.997564 0.0642384 -1.45628 0.998655 0.0299325 -0.0423417 237.468
-0.0531779 0.0669128 -0.99634 20.7713 -0.0342883 0.997042 0.06879 -1.37492 0.997995 0.037821 -0.0507262 237.371
-0.0601652 0.0643753 -0.996109 18.466 -0.0475252 0.996602 0.0672776 -1.25042 0.997055 0.0513882 -0.0569013 237.203
-0.0602149 0.0643506 -0.996108 16.25 -0.0475031 0.996604 0.0672542 -1.13597 0.997054 0.051368 -0.0569536 237.052
-0.0558593 0.0667083 -0.996207 13.4644 -0.0549015 0.996051 0.0697763 -0.996166 0.996927 0.058591 -0.0519763 236.877
-0.0469488 0.0651168 -0.996773 11.556 -0.0573319 0.996052 0.0677701 -0.901501 0.997251 0.0603286 -0.0430302 236.765
-0.0470038 0.065093 -0.996771 10.351 -0.057308 0.996055 0.0677487 -0.840191 0.997249 0.0603074 -0.043088 236.715
-0.0470616 0.0650706 -0.99677 9.19913 -0.0572825 0.996058 0.0677287 -0.77812 0.997248 0.0602849 -0.0431487 236.669
-0.0471196 0.0650496 -0.996769 8.1232 -0.0572583 0.996061 0.0677101 -0.726997 0.997247 0.0602638 -0.0432093 236.632
-0.038347 0.0660756 -0.997078 7.1185 -0.0559753 0.996103 0.0681638 -0.675911 0.997696 0.0584255 -0.0344989 236.6
-0.0141635 0.0714475 -0.997344 4.88781 -0.0544536 0.995909 0.072118 -0.562567 0.998416 0.0553304 -0.010215 236.555
0.0289537 0.0690085 -0.997196 2.23358 -0.049232 0.996502 0.0675311 -0.422318 0.998367 0.0471386 0.0322498 236.633
0.10343 0.03436 -0.994044 -0.381355 -0.047397 0.998438 0.0295803 -0.319769 0.993508 0.0440552 0.104897 236.834
0.312078 0.0451851 -0.948982 -2.39609 -0.0406739 0.998588 0.0341713 -0.286806 0.949186 0.0279346 0.313475 237.44
0.578045 0.0627732 -0.813588 -4.05809 -0.0524367 0.997833 0.0397332 -0.253131 0.814319 0.0196942 0.580084 238.536
0.760523 0.0514202 -0.647272 -5.03992 -0.0559832 0.99834 0.0135311 -0.232597 0.646893 0.0259456 0.762139 239.719
0.900088 0.0438313 -0.433497 -5.79564 -0.0470571 0.998887 0.00329162 -0.236649 0.433159 0.0174364 0.901149 241.317
0.958922 0.0371503 -0.281227 -6.17088 -0.0416255 0.999084 -0.0099541 -0.254575 0.280599 0.0212514 0.95959 242.745
0.986974 0.0364461 -0.156695 -6.39703 -0.0393465 0.999106 -0.0154468 -0.290528 0.155992 0.021411 0.987526 244.381
0.996599 0.0302028 -0.0766695 -6.53049 -0.0315661 0.999363 -0.0166323 -0.330683 0.0761184 0.0189959 0.996918 246.177
0.999166 0.0278589 -0.029862 -6.62421 -0.0284466 0.999406 -0.0194402 -0.391021 0.0293027 0.0202735 0.999365 248.814
0.999527 0.0258278 -0.0166945 -6.65876 -0.026183 0.999428 -0.0214207 -0.447704 0.0161317 0.0218477 0.999631 250.941
0.999526 0.0258112 -0.0167719 -6.68534 -0.0261676 0.999429 -0.0213898 -0.484858 0.0162102 0.0218185 0.999631 252.462
0.999525 0.0257966 -0.0168514 -6.73564 -0.0261542 0.99943 -0.0213589 -0.551171 0.0162908 0.0217895 0.99963 254.804
0.999447 0.026337 -0.0202984 -6.77707 -0.0269571 0.999159 -0.0309068 -0.60015 0.0194673 0.0314369 0.999316 256.441
0.999446 0.0263201 -0.0203777 -6.8552 -0.0269421 0.99916 -0.0308739 -0.671103 0.0195479 0.0314059 0.999316 259.004
0.999605 0.0196607 -0.0200693 -6.91765 -0.0200217 0.999638 -0.0179501 -0.765398 0.0197091 0.0183448 0.999637 261.684
0.999579 0.0148963 -0.0248854 -6.98055 -0.0158072 0.999197 -0.0368148 -0.848436 0.024317 0.0371927 0.999012 264.455
0.999577 0.0148792 -0.0249688 -7.0592 -0.0157923 0.999199 -0.0367804 -0.975235 0.0244015 0.0371591 0.999011 267.355
0.999631 0.0135454 -0.0235361 -7.14374 -0.0141934 0.999519 -0.0275888 -1.09795 0.0231511 0.0279127 0.999342 270.341
0.999629 0.0135286 -0.0236196 -7.19757 -0.0141782 0.99952 -0.0275544 -1.17242 0.0232355 0.0278791 0.999341 272.363
0.999628 0.0135139 -0.0237032 -7.23327 -0.0141649 0.999521 -0.027516 -1.2402 0.02332 0.0278415 0.99934 274.417
0.999626 0.0134971 -0.0237867 -7.29719 -0.0141496 0.999522 -0.0274796 -1.31304 0.0234044 0.0278059 0.999339 276.495
0.999561 0.00944466 -0.028072 -7.34854 -0.0104181 0.999342 -0.0347363 -1.40163 0.0277254 0.0350135 0.999002 278.583
0.999559 0.0094277 -0.0281575 -7.42906 -0.0104031 0.999344 -0.0346981 -1.49901 0.0278119 0.0349757 0.999001 280.68
0.999557 0.00941074 -0.028243 -7.4998 -0.0103881 0.999345 -0.0346599 -1.59129 0.0278983 0.0349379 0.999 282.787
0.999444 0.0131144 -0.0306565 -7.58605 -0.0139234 0.999556 -0.0263259 -1.67809 0.0302977 0.0267381 0.999183 284.889
0.999442 0.0130999 -0.030742 -7.66355 -0.01391 0.999558 -0.0262855 -1.76108 0.0303841 0.0266985 0.999182 286.993
0.999439 0.0130833 -0.0308295 -7.72757 -0.0138945 0.999559 -0.0262451 -1.85477 0.0304725 0.0266588 0.99918 289.056
0.999437 0.0130688 -0.030917 -7.83567 -0.013881 0.99956 -0.0262028 -1.97952 0.030561 0.0266172 0.999178 292.134
0.999434 0.0130523 -0.0310065 -7.95032 -0.0138656 0.999562 -0.0261604 -2.08925 0.0306514 0.0265755 0.999177 295.205
0.99926 0.0174718 -0.0342696 -8.03022 -0.0180523 0.999698 -0.0167031 -2.16336 0.0339674 0.0173094 0.999273 297.269
0.999155 0.0177463 -0.0370751 -8.11841 -0.0183687 0.999695 -0.0165143 -2.23191 0.0367707 0.0171814 0.999176 299.308
0.999044 0.0231617 -0.0370782 -8.2233 -0.0240833 0.999407 -0.0246053 -2.28323 0.0364864 0.0254748 0.999009 301.34
0.999105 0.0233244 -0.035286 -8.35623 -0.0242329 0.99938 -0.0255419 -2.39813 0.0346684 0.0263741 0.999051 304.37
0.999225 0.02346 -0.0315973 -8.44159 -0.0243143 0.999342 -0.0269285 -2.46592 0.0309448 0.0276759 0.999138 306.406
0.999385 0.0235645 -0.025978 -8.51996 -0.0243111 0.999289 -0.0288075 -2.54376 0.0252807 0.0294213 0.999247 308.472
0.99965 0.023241 -0.0126758 -8.56685 -0.0236523 0.999165 -0.0333263 -2.62413 0.0118906 0.0336144 0.999364 310.491
0.999709 0.0230571 -0.00708112 -8.5953 -0.0232924 0.99911 -0.0351726 -2.71132 0.00626384 0.0353273 0.999356 312.527
0.999692 0.0230011 -0.00937244 -8.6102 -0.0233085 0.999146 -0.0341244 -2.81186 0.00857954 0.0343323 0.999374 314.596
0.999542 0.0230876 -0.0195857 -8.63198 -0.0236736 0.999263 -0.0302301 -2.90812 0.0188734 0.0306799 0.999351 316.686
0.999008 0.023361 -0.0379228 -8.67007 -0.0242677 0.999426 -0.0236298 -2.98937 0.037349 0.0245267 0.999001 318.796
0.998951 0.0228245 -0.0397067 -8.77243 -0.0237719 0.99944 -0.0235524 -3.06508 0.0391469 0.0244715 0.998934 320.998
0.998976 0.0222421 -0.0394108 -8.87198 -0.0231988 0.999443 -0.0239871 -3.14268 0.0388553 0.0248768 0.998935 323.181
0.999088 0.0216032 -0.036838 -8.96139 -0.0225351 0.999432 -0.0250725 -3.22821 0.0362754 0.0258798 0.999007 325.355
0.999267 0.0209255 -0.0320673 -9.04761 -0.0217828 0.999408 -0.0266231 -3.30869 0.0314913 0.0273021 0.999131 327.516
0.999481 0.0202217 -0.0250909 -9.12235 -0.0209367 0.999373 -0.028566 -3.39 0.0244975 0.0290765 0.999277 329.665
0.999522 0.0201001 -0.0234725 -9.1725 -0.0207036 0.999454 -0.0257559 -3.47605 0.022942 0.0262295 0.999393 331.71
0.99955 0.0199337 -0.022406 -9.22393 -0.0204866 0.999484 -0.0247253 -3.55202 0.0219016 0.0251732 0.999443 333.743
0.999567 0.0197277 -0.0218402 -9.27452 -0.0202807 0.999472 -0.0253952 -3.62519 0.0213276 0.0258271 0.999439 335.743
0.999593 0.0140215 -0.024833 -9.35285 -0.0145499 0.999669 -0.0212263 -3.74314 0.0245272 0.0215789 0.999466 338.712
0.999584 0.0136896 -0.0253752 -9.43799 -0.014365 0.999542 -0.0266261 -3.85494 0.0249991 0.0269795 0.999323 341.59
0.999538 0.0134591 -0.02724 -9.5209 -0.0141077 0.999618 -0.0237589 -3.96869 0.0269098 0.0241322 0.999347 344.413
0.999492 0.0131962 -0.0290231 -9.62436 -0.0138307 0.999667 -0.0217727 -4.07643 0.0287261 0.0221631 0.999342 347.15
0.999447 0.0129056 -0.0306518 -9.7064 -0.0135413 0.999696 -0.0206202 -4.17497 0.0303764 0.0210238 0.999317 349.746
0.999406 0.0125945 -0.0320738 -9.77061 -0.0132483 0.999707 -0.0202514 -4.26641 0.0318094 0.0206643 0.99928 352.179
0.999368 0.0122693 -0.0333648 -9.81177 -0.0129534 0.999709 -0.020364 -4.32261 0.0331052 0.0207833 0.999236 353.687
0.999274 0.0130893 -0.0357888 -9.86384 -0.0139001 0.99965 -0.0225018 -4.41283 0.0354817 0.022983 0.999106 355.745
0.999201 0.0139201 -0.0374533 -9.93663 -0.01482 0.999606 -0.0238574 -4.49199 0.0371064 0.0243934 0.999014 357.64
0.99916 0.0147738 -0.0382166 -10.0398 -0.0157095 0.999581 -0.024299 -4.58088 0.0378416 0.0248789 0.998974 359.857
0.996624 0.0174597 -0.08022 -10.186 -0.0199482 0.999341 -0.030325 -4.66697 0.0796376 0.0318229 0.996316 361.743
0.984413 0.0260036 -0.17394 -10.5383 -0.0300012 0.999342 -0.0203927 -4.74097 0.173296 0.0252932 0.984545 363.472
0.943671 0.0344915 -0.329082 -11.124 -0.038564 0.999239 -0.00585413 -4.77819 0.32863 0.0182151 0.944283 365.032
0.865859 0.0557031 -0.497177 -11.9396 -0.0509949 0.998433 0.0230529 -4.78332 0.497682 0.00539292 0.867343 366.38
0.728445 0.0711059 -0.681404 -13.0581 -0.0458706 0.99743 0.0550465 -4.73524 0.683567 -0.00884199 0.729835 367.618
0.46674 0.0622059 -0.882204 -15.0402 -0.00910101 0.997808 0.0655424 -4.58237 0.884348 -0.0225623 0.466283 368.889
0.271414 0.052606 -0.961024 -16.5259 0.0127028 0.998222 0.0582298 -4.47642 0.962379 -0.028012 0.270263 369.329
0.0903368 0.0735525 -0.993192 -18.1764 0.00223778 0.997252 0.0740567 -4.36633 0.995909 -0.00891261 0.0899239 369.422
-0.0323686 0.0794244 -0.996315 -19.9123 -0.0116954 0.996739 0.0798382 -4.22887 0.999407 0.0142366 -0.0313342 369.343
-0.0799844 0.0731777 -0.994105 -21.7349 -0.0195336 0.996995 0.074962 -4.09433 0.996604 0.0254144 -0.0783146 369.155
-0.0872455 0.0442966 -0.995201 -23.6276 -0.0206387 0.998716 0.0462624 -3.96936 0.995973 0.0245759 -0.0862192 368.962
-0.0837693 0.0552975 -0.99495 -25.6518 -0.0160576 0.998255 0.0568331 -3.88043 0.996356 0.0207374 -0.0827351 368.795
-0.0776525 0.0524817 -0.995598 -27.7772 -0.0272271 0.998129 0.0547387 -3.77566 0.996608 0.0313579 -0.0760783 368.601
-0.0679152 0.0523074 -0.996319 -29.2641 -0.0327359 0.99797 0.0546255 -3.70161 0.997154 0.0363253 -0.066065 368.492
-0.0582996 0.0602152 -0.996481 -30.8156 -0.0373896 0.997347 0.062455 -3.61933 0.997598 0.0408992 -0.0558935 368.392
-0.0569351 0.0621647 -0.996441 -32.4349 -0.0369762 0.997244 0.0643275 -3.53089 0.997694 0.040507 -0.0544796 368.297
-0.0451564 0.067274 -0.996711 -35 -0.0332428 0.997076 0.0688047 -3.36851 0.998426 0.0362405 -0.042788 368.173
-0.0376994 0.0788744 -0.996171 -37.7198 -0.0299486 0.996343 0.0800214 -3.18426 0.99884 0.0328508 -0.0351994 368.066
-0.0335843 0.0705163 -0.996944 -40.5017 -0.0326559 0.996898 0.0716131 -2.99836 0.998902 0.0349613 -0.0311774 367.964
-0.0345683 0.0717941 -0.996821 -43.3163 -0.0324774 0.996809 0.0729195 -2.8255 0.998875 0.0348948 -0.0321263 367.867
-0.0357324 0.0732973 -0.99667 -45.2114 -0.0322868 0.996701 0.0744571 -2.71282 0.99884 0.0348398 -0.033248 367.788
-0.0364437 0.0726452 -0.996692 -47.0228 -0.0324484 0.996742 0.0738354 -2.60051 0.998809 0.0350318 -0.0339677 367.709
-0.0371183 0.0720529 -0.99671 -48.8298 -0.0326134 0.996779 0.0732724 -2.48952 0.998779 0.0352258 -0.0346489 367.638
-0.0376888 0.0715498 -0.996725 -50.6264 -0.0327838 0.996808 0.0727954 -2.38154 0.998752 0.03542 -0.0352228 367.561
-0.0457595 0.0774046 -0.995949 -52.4304 -0.0337362 0.996305 0.0789824 -2.2614 0.998382 0.0372137 -0.0429791 367.466
-0.0530015 0.0772796 -0.995599 -54.223 -0.0401002 0.996032 0.079448 -2.14422 0.997789 0.0441347 -0.0496923 367.359
-0.0524429 0.0767913 -0.995667 -55.9934 -0.0403515 0.996062 0.0789471 -2.02899 0.997809 0.0443168 -0.0491377 367.246
-0.0499056 0.0786643 -0.995651 -58.6826 -0.0401931 0.995928 0.0807008 -1.84707 0.997944 0.0440457 -0.0465406 367.093
-0.0481107 0.0793776 -0.995683 -61.3327 -0.0399745 0.995886 0.0813253 -1.66362 0.998042 0.0437145 -0.0447397 366.943
-0.0468375 0.079318 -0.995748 -63.099 -0.0397159 0.995906 0.0811988 -1.53913 0.998112 0.0433503 -0.0434956 366.855
-0.0315091 0.0818046 -0.99615 -65.7545 -0.0411592 0.995693 0.083069 -1.3524 0.998656 0.0436182 -0.0280064 366.75
-0.0165669 0.0768984 -0.996901 -68.3793 -0.0406412 0.996162 0.0775168 -1.17212 0.999036 0.0417995 -0.0133781 366.692
-0.00465161 0.0721664 -0.997382 -70.9599 -0.0421731 0.996491 0.0722986 -1.00374 0.9991 0.0423989 -0.00159181 366.688
0.00734104 0.0764269 -0.997048 -73.5489 -0.0431888 0.996169 0.0760415 -0.848859 0.99904 0.0425031 0.0106137 366.693
0.0163332 0.0768996 -0.996905 -76.0642 -0.0371694 0.996396 0.0762513 -0.697869 0.999176 0.0358089 0.0191327 366.727
0.0165342 0.0793514 -0.99671 -78.4136 -0.0374976 0.996194 0.0786883 -0.563667 0.99916 0.0360731 0.0194468 366.773
0.0149195 0.0801602 -0.996671 -80.585 -0.029939 0.99637 0.0796879 -0.434983 0.999441 0.0286504 0.0172652 366.807
0.00144232 0.0872808 -0.996183 -82.5696 -0.0230786 0.995921 0.0872245 -0.309495 0.999733 0.0228647 0.00345076 366.811
-0.0252277 0.0833736 -0.996199 -84.9985 -0.0189693 0.996297 0.0838621 -0.137406 0.999501 0.0210129 -0.0235528 366.772
-0.0583315 0.0742883 -0.995529 -87.9505 -0.018336 0.996979 0.0754709 0.067023 0.998128 0.0226564 -0.0567932 366.58
-0.0849669 0.0631942 -0.994377 -90.9227 -0.0198912 0.99768 0.0651037 0.257741 0.996184 0.0253111 -0.0835128 366.336
-0.097956 0.0587727 -0.993454 -94.0272 -0.0283615 0.997684 0.0618195 0.425729 0.994786 0.0342315 -0.0960623 365.997
-0.0980794 0.0687569 -0.9928 -96.6773 -0.03076 0.996924 0.0720812 0.585162 0.994703 0.0376082 -0.0956627 365.722
-0.0941982 0.0932704 -0.991174 -98.8323 -0.0382033 0.99453 0.0972169 0.751257 0.994819 0.0470239 -0.0901197 365.521
-0.0878845 0.0683306 -0.993784 -100.307 -0.0454723 0.996329 0.0725269 0.862257 0.995092 0.0515636 -0.0844548 365.379
-0.0826917 0.0743455 -0.993798 -101.851 -0.0460175 0.995865 0.0783292 0.999802 0.995511 0.0522094 -0.0789285 365.252
-0.0743486 0.0977188 -0.992433 -103.467 -0.0445654 0.993868 0.101199 1.11988 0.996236 0.0517522 -0.0695378 365.131
-0.0636842 0.0602676 -0.996148 -105.93 -0.0482669 0.996821 0.063394 1.32552 0.996802 0.0521183 -0.0605728 364.963
-0.0543802 0.0748062 -0.995714 -107.68 -0.0606223 0.995103 0.0780711 1.44094 0.996678 0.0646081 -0.0495789 364.835
-0.0414092 0.0690831 -0.996752 -109.479 -0.0670587 0.995165 0.071759 1.56017 0.99689 0.0698122 -0.0365764 364.745
-0.0259225 0.047119 -0.998553 -111.319 -0.057813 0.997146 0.0485534 1.66641 0.997991 0.058988 -0.0231244 364.695
-0.0118345 0.0639469 -0.997882 -113.239 -0.051131 0.996609 0.0644717 1.77127 0.998621 0.0517859 -0.00852474 364.684
-5.31267e-05 0.0747977 -0.9972 -115.192 -0.0474097 0.996077 0.074716 1.8901 0.998876 0.0472808 0.00349321 364.685
0.00621633 0.0675361 -0.997697 -117.149 -0.0450796 0.996721 0.0671891 2.01719 0.998964 0.0445582 0.00924045 364.7
0.00745013 0.0689237 -0.997593 -119.131 -0.0413984 0.996788 0.0685589 2.14197 0.999114 0.0407881 0.0102795 364.72
