1 3.34626e-16 8.89194e-16 2.42698e-16 -3.34626e-16 1 -2.0561e-17 -3.13614e-17 -8.89194e-16 2.0561e-17 1 -1.18479e-16
1 0.000151851 0.000351283 -0.0151563 -0.000151835 1 -4.50125e-05 0.000612642 -0.000351289 4.49591e-05 1 0.724243
0.999965 0.00110455 -0.0083355 -0.0317254 -0.00111704 0.999998 -0.00149406 -0.00596664 0.00833383 0.00150331 0.999964 2.22491
0.999838 0.00405573 -0.0175119 -0.0701094 -0.00406562 0.999992 -0.0005294 -0.0129176 0.0175096 0.000600511 0.999847 3.77686
0.999587 0.00465285 -0.0283582 -0.148348 -0.00453246 0.99998 0.00430823 -0.0247353 0.0283777 -0.00417791 0.999589 6.19725
0.999569 0.00481439 -0.0289589 -0.241713 -0.00468905 0.999979 0.00439457 -0.0290446 0.0289795 -0.00425688 0.999571 8.68804
0.999541 0.00498021 -0.0298678 -0.331109 -0.00484724 0.999978 0.00452242 -0.0412066 0.0298896 -0.00437557 0.999544 11.2708
0.999503 0.00515068 -0.0310945 -0.427986 -0.00500711 0.999976 0.00469325 -0.0541717 0.031118 -0.00453522 0.999505 13.9361
0.999505 0.00514213 -0.0310262 -0.536254 -0.00499843 0.999976 0.00470742 -0.0606252 0.0310496 -0.00455001 0.999507 16.6446
0.999508 0.00513351 -0.0309539 -0.594727 -0.00498973 0.999976 0.00472028 -0.0701468 0.0309774 -0.00456351 0.99951 18.4795
0.99951 0.0051248 -0.0308776 -0.659035 -0.00498102 0.999976 0.00473144 -0.0732634 0.0309011 -0.00457532 0.999512 20.3341
0.999513 0.00511595 -0.030795 -0.749461 -0.00497227 0.999976 0.00474045 -0.0860815 0.0308185 -0.00458502 0.999514 23.1512
0.999515 0.00510701 -0.030707 -0.832019 -0.0049635 0.999976 0.00474796 -0.110518 0.0307306 -0.00459324 0.999517 25.9993
0.999509 -0.000556688 -0.0313273 -0.892837 0.00095462 0.999919 0.0126889 -0.107758 0.0313177 -0.0127126 0.999429 27.9563
0.999366 -0.0104694 -0.0340304 -0.943744 0.0107656 0.999906 0.00853288 -0.108848 0.0339378 -0.00889383 0.999384 29.9162
0.999369 -0.0104791 -0.0339267 -1.06873 0.0107745 0.999906 0.00853384 -0.117745 0.033834 -0.008894 0.999388 32.873
0.999373 -0.010489 -0.0338187 -1.13144 0.0107833 0.999905 0.00853341 -0.127738 0.033726 -0.00889274 0.999392 34.8205
0.999384 -0.00278754 -0.0349957 -1.24749 0.0033679 0.999858 0.0165358 -0.138167 0.0349447 -0.0166435 0.999251 37.7331
0.999388 -0.00279868 -0.0348723 -1.36681 0.00337676 0.999858 0.0165291 -0.120781 0.0348211 -0.0166367 0.999255 40.7214
0.999392 -0.00280999 -0.0347438 -1.44512 0.00338562 0.999858 0.0165203 -0.119284 0.0346925 -0.0166279 0.99926 42.7007
0.999397 -0.00282155 -0.0346069 -1.57367 0.0033945 0.999858 0.0165082 -0.113558 0.0345555 -0.0166157 0.999265 45.6489
0.999402 -0.00283335 -0.0344623 -1.69352 0.00340334 0.999858 0.016492 -0.0918654 0.0344107 -0.0165994 0.99927 48.5774
0.999407 -0.00284536 -0.0343108 -1.78949 0.00341218 0.999858 0.0164728 -0.089379 0.0342591 -0.0165801 0.999275 51.4475
0.999265 -0.00909337 -0.0372401 -1.88507 0.0100829 0.999599 0.0264711 -0.0667469 0.0369844 -0.0268271 0.998956 54.298
0.999174 -0.00430324 -0.0404099 -2.00448 0.00498299 0.999848 0.0167358 -0.034332 0.0403317 -0.0169233 0.999043 57.0804
0.999052 0.00456614 -0.0432934 -2.14906 -0.0038936 0.999871 0.0156062 -0.0316475 0.0433591 -0.0154228 0.998941 59.802
0.99906 0.00455334 -0.0431099 -2.2785 -0.00388507 0.999871 0.0155727 -0.0306385 0.0431752 -0.0153905 0.998949 62.4233
0.999068 0.0045403 -0.042918 -2.40539 -0.00387652 0.999872 0.0155368 -0.0330152 0.042983 -0.0153559 0.998958 64.9111
0.998745 0.0144825 -0.0479469 -2.56652 -0.0135566 0.999716 0.0195809 -0.0249262 0.0482169 -0.0189063 0.998658 68.021
0.998589 0.0146322 -0.0510384 -2.68368 -0.0143756 0.999882 0.00539115 -0.0305802 0.0511112 -0.00464984 0.998682 70.143
0.998601 0.0146207 -0.0508213 -2.79091 -0.0143672 0.999882 0.00534954 -0.0604305 0.0508936 -0.0046119 0.998693 72.083
0.999075 0.0104018 -0.0417155 -2.90252 -0.0104924 0.999943 -0.00195399 -0.0912596 0.0416928 0.00238988 0.999128 74.4644
0.999915 0.00369739 -0.0125044 -2.93897 -0.00358975 0.999956 0.00861915 -0.122634 0.0125357 -0.00857353 0.999885 76.6208
0.99752 0.00857612 0.0698662 -2.83955 -0.00932794 0.999902 0.0104418 -0.135905 -0.0697698 -0.0110676 0.997502 78.5835
0.977441 0.00685482 0.211096 -2.4805 -0.0100549 0.99985 0.0140898 -0.147474 -0.210968 -0.0158945 0.977364 80.364
0.88469 0.0108654 0.466054 -1.59355 -0.0148044 0.999879 0.00479164 -0.165466 -0.465946 -0.0111388 0.884743 82.2268
0.640568 0.00694636 0.76787 0.0735634 -0.0123229 0.999923 0.00123435 -0.1922 -0.767803 -0.0102531 0.640604 83.7976
0.356488 0.00819561 0.934264 2.13779 -0.00373478 0.999966 -0.00734688 -0.230302 -0.934292 -0.000870197 0.356506 84.6312
0.214704 0.00861712 0.976642 3.63004 0.00149104 0.999957 -0.00915063 -0.259785 -0.976678 0.00342089 0.214682 84.9301
0.116007 0.0224069 0.992995 5.22564 0.0113618 0.99965 -0.0238844 -0.303496 -0.993183 0.014053 0.115712 85.0858
0.0630869 0.0256304 0.997678 6.54886 0.00896102 0.999615 -0.0262468 -0.334452 -0.997967 0.010596 0.0628329 85.1666
0.0240951 0.0195666 0.999518 8.00326 0.0148605 0.999691 -0.0199282 -0.382856 -0.999599 0.0153335 0.0237969 85.1871
0.000909861 0.0213709 0.999771 9.59578 0.021886 0.999532 -0.0213857 -0.424328 -0.99976 0.0219004 0.000441711 85.1764
-0.0144257 0.0232483 0.999625 11.3357 0.0262131 0.999395 -0.0228647 -0.470984 -0.999552 0.0258735 -0.0150264 85.1394
-0.0137849 0.0232369 0.999636 12.5945 0.0262428 0.999394 -0.0228694 -0.503628 -0.999562 0.025918 -0.0143864 85.1071
-0.0150279 0.0220403 0.999645 14.6176 0.0363052 0.99911 -0.0214827 -0.55879 -0.999228 0.0359695 -0.0158147 85.0624
-0.00339529 0.0215327 0.999762 16.7878 0.0414555 0.998912 -0.0213736 -0.614387 -0.999134 0.0413731 -0.00428424 85.0361
0.0153732 0.0153339 0.999765 19.9034 0.0383433 0.999138 -0.0159139 -0.694654 -0.999147 0.0385789 0.014772 85.0826
0.023881 0.0250087 0.999402 22.3236 0.0275342 0.999291 -0.0256639 -0.768828 -0.999335 0.0281306 0.0231755 85.1567
0.0209861 0.0243623 0.999483 24.7887 0.027256 0.999318 -0.0249306 -0.851134 -0.999408 0.0277651 0.0203078 85.2484
0.0150089 0.023279 0.999617 27.2675 0.0270919 0.999352 -0.0236796 -0.949196 -0.999521 0.0274369 0.0143685 85.3111
0.00367438 0.0223226 0.999744 30.5434 0.0151863 0.999634 -0.0223759 -1.06764 -0.999878 0.0152646 0.00333404 85.3746
-0.0147675 0.0178341 0.999731 32.9813 0.0113356 0.99978 -0.0176675 -1.14543 -0.999826 0.0110716 -0.0149665 85.3571
-0.0408088 0.0191911 0.998982 35.3977 0.0128645 0.999743 -0.0186802 -1.21642 -0.999084 0.0120891 -0.0410452 85.2744
-0.0580514 0.0189598 0.998133 36.9928 0.0127411 0.999752 -0.0182495 -1.27013 -0.998232 0.0116579 -0.0582786 85.1755
-0.0797155 0.0197748 0.996622 38.5474 0.0130956 0.999738 -0.0187892 -1.3196 -0.996732 0.0115536 -0.0799535 85.0526
-0.109818 0.0226756 0.993693 40.8295 0.0146831 0.999668 -0.0211893 -1.39718 -0.993844 0.0122635 -0.110114 84.8127
-0.137488 0.0229564 0.990237 43.0779 0.0173362 0.999634 -0.0207673 -1.47208 -0.990352 0.0143117 -0.137835 84.5221
-0.154047 0.019234 0.987876 45.2191 0.0253376 0.999559 -0.0155104 -1.54325 -0.987739 0.022641 -0.154466 84.1849
-0.154062 0.0192036 0.987874 46.5902 0.0253573 0.999559 -0.0154762 -1.58825 -0.987735 0.0226656 -0.154481 83.9676
-0.154081 0.0191728 0.987872 47.8891 0.0253772 0.999559 -0.0154415 -1.628 -0.987732 0.0226902 -0.154499 83.7545
-0.137891 0.0216978 0.990211 49.7081 0.026083 0.999493 -0.0182691 -1.70009 -0.990105 0.0233085 -0.138387 83.4938
-0.075184 0.0253344 0.996849 51.8921 0.0211095 0.999494 -0.0238095 -1.79017 -0.996947 0.0192529 -0.0756807 83.3196
0.0490977 0.0269717 0.99843 53.9289 0.0135185 0.999526 -0.0276661 -1.87565 -0.998703 0.0148556 0.0487098 83.3877
0.239495 0.0135399 0.970803 55.864 0.000855649 0.999899 -0.0141568 -1.95354 -0.970897 0.00422116 0.239459 83.8001
0.415216 0.017682 0.909551 57.263 0.00376253 0.999769 -0.0211534 -1.99126 -0.909715 0.0122055 0.415054 84.3844
0.535335 0.0246048 0.844281 58.0656 0.00163 0.999544 -0.0301632 -2.02781 -0.844638 0.0175236 0.535051 84.9227
0.64791 0.0290572 0.761163 58.757 -0.00410829 0.999391 -0.0346544 -2.05184 -0.761706 0.0193259 0.647634 85.555
0.74539 0.024312 0.666185 59.3521 -0.00678057 0.99956 -0.0288916 -2.07955 -0.666594 0.0170184 0.745227 86.2816
0.860227 0.0129787 0.509747 60.0336 -0.0102628 0.999914 -0.00813982 -2.1124 -0.509808 0.00177069 0.860286 87.5132
0.949488 0.0272541 0.312619 60.7266 -0.0296644 0.999556 0.00295588 -2.14939 -0.312399 -0.0120802 0.949874 89.7183
0.968554 0.0420892 0.245217 61.4363 -0.0432517 0.999064 -0.00064532 -2.16649 -0.245014 -0.00998099 0.969468 92.6704
0.96618 0.0416631 0.254482 62.0029 -0.0383158 0.999102 -0.0180986 -2.19395 -0.255007 0.00773586 0.966908 94.8064
0.961213 0.04086 0.272764 62.6491 -0.0414642 0.999134 -0.00355132 -2.23555 -0.272673 -0.00789637 0.962074 97.1717
0.959735 0.0293373 0.27937 63.3893 -0.0282528 0.99957 -0.00790861 -2.26731 -0.279481 -0.000302802 0.960151 99.6835
0.961249 0.0332079 0.273674 63.9487 -0.0304748 0.999434 -0.0142331 -2.29081 -0.273992 0.00534139 0.961717 101.686
0.962795 0.0322404 0.268304 64.5358 -0.03314 0.99945 -0.00117647 -2.32988 -0.268194 -0.00775889 0.963334 103.829
0.965219 0.0383738 0.258611 65.1161 -0.0358724 0.999253 -0.0143863 -2.3538 -0.25897 0.0046089 0.965874 106.047
0.968239 0.0272663 0.248535 65.9091 -0.0267651 0.999627 -0.00539628 -2.4087 -0.24859 -0.00142718 0.968608 109.152
0.968232 0.0272293 0.248566 66.5203 -0.026725 0.999628 -0.00540339 -2.43817 -0.248621 -0.0014112 0.9686 111.546
0.96477 0.0506693 0.258169 67.5457 -0.0501932 0.998704 -0.00843918 -2.51793 -0.258262 -0.00481644 0.966063 115.661
0.964492 0.0366018 0.261562 68.2274 -0.0348169 0.999328 -0.0114563 -2.56789 -0.261806 0.00194274 0.965119 118.137
0.962603 0.0439109 0.267335 69.1049 -0.0459812 0.998941 0.00148619 -2.64307 -0.266986 -0.013723 0.963603 121.459
0.963162 0.0346441 0.266682 70.0199 -0.0306582 0.999347 -0.0190962 -2.72055 -0.26717 0.0102168 0.963595 124.705
0.964127 0.0274659 0.264017 70.6787 -0.0314809 0.999444 0.0109879 -2.76114 -0.263568 -0.0189052 0.964456 127.146
0.966046 0.0328324 0.256276 71.5095 -0.0308785 0.999455 -0.0116457 -2.82525 -0.256519 0.00333689 0.966533 130.324
0.968693 0.038213 0.245302 72.0961 -0.0357841 0.999256 -0.0143527 -2.88909 -0.245668 0.00512551 0.969341 132.722
0.969698 0.0437519 0.240356 72.6593 -0.0431982 0.999038 -0.00757446 -2.95247 -0.240456 -0.00303799 0.970655 135.096
0.969692 0.0437128 0.240389 73.0381 -0.0431581 0.99904 -0.00757417 -2.99193 -0.240489 -0.00303012 0.970647 136.664
0.97266 0.0366133 0.229329 73.4146 -0.0346754 0.999321 -0.012476 -3.01931 -0.22963 0.00418287 0.973269 138.221
0.975696 0.0317459 0.216819 73.7698 -0.0326901 0.999465 0.000768757 -3.03763 -0.216678 -0.00783789 0.976212 139.791
0.977981 0.0380925 0.205186 74.239 -0.0406668 0.999138 0.00834245 -3.05893 -0.204691 -0.016503 0.978687 142.167
0.983146 0.0421167 0.177903 74.7971 -0.0424531 0.999097 -0.00191711 -3.09592 -0.177823 -0.00566772 0.984046 145.311
0.988381 0.0494949 0.14371 75.261 -0.0487657 0.998773 -0.00859397 -3.13945 -0.143959 0.00148599 0.989583 148.534
0.991914 0.0543 0.114711 75.6364 -0.0557952 0.998394 0.00986128 -3.1692 -0.113992 -0.0161819 0.99335 151.806
0.992695 0.0649791 0.101658 75.8684 -0.0649178 0.997883 -0.00391396 -3.18846 -0.101697 -0.00271403 0.994812 154.242
0.993225 0.0687791 0.0936667 76.0784 -0.0700202 0.997495 0.0100244 -3.20693 -0.0927427 -0.016515 0.995553 156.74
0.996044 0.0519025 0.0721213 76.3517 -0.0520305 0.998645 -0.000104797 -3.22015 -0.072029 -0.00364813 0.997396 160.006
0.998222 0.0389292 0.045127 76.5168 -0.039668 0.999091 0.0155911 -3.22762 -0.044479 -0.0173535 0.99886 163.322
0.999795 0.016464 0.0118215 76.6411 -0.0164911 0.999862 0.00220129 -3.24874 -0.0117836 -0.00239579 0.999928 167.505
0.99946 0.0326523 -0.00378955 76.5971 -0.0326146 0.999422 0.0096047 -3.24411 0.00410098 -0.00947591 0.999947 170.868
0.999461 0.0326119 -0.00375996 76.5546 -0.0325746 0.999423 0.00960705 -3.26028 0.0040711 -0.0094794 0.999947 174.251
0.999715 0.0215835 -0.0101687 76.5366 -0.021648 0.999746 -0.00627538 -3.27485 0.0100306 0.00649373 0.999929 177.62
0.999689 0.0194394 -0.015648 76.483 -0.0193112 0.999779 0.00830586 -3.31737 0.015806 -0.00800109 0.999843 181.03
0.999457 0.0283582 -0.0167759 76.4024 -0.0283404 0.999597 0.00129811 -3.35147 0.016806 -0.000821971 0.999858 184.402
0.999091 0.0387664 -0.0177284 76.3267 -0.0386456 0.999228 0.00710692 -3.37683 0.0179902 -0.00641533 0.999818 186.897
0.999036 0.0394551 -0.019253 76.2867 -0.039501 0.999218 -0.00200597 -3.39266 0.0191588 0.00276455 0.999813 188.527
0.99892 0.0406708 -0.0224727 76.243 -0.0405071 0.99915 0.00769152 -3.39994 0.0227664 -0.00677291 0.999718 190.142
0.998922 0.0406307 -0.0224475 76.1665 -0.040467 0.999151 0.00769912 -3.41803 0.0227412 -0.00678244 0.999718 193.235
0.999254 0.0334434 -0.0193347 76.1295 -0.0335701 0.999417 -0.00626834 -3.45308 0.0191138 0.00691273 0.999793 195.309
0.999065 0.0430737 0.00365401 76.0795 -0.0431097 0.999016 0.0104437 -3.49056 -0.00320057 -0.0105915 0.999939 198.026
0.998236 0.0458843 0.0376745 76.1562 -0.0454201 0.998882 -0.0130874 -3.53068 -0.0382329 0.0113531 0.999204 201.251
0.997654 0.0331029 0.0599217 76.352 -0.0332561 0.999446 0.00156065 -3.58836 -0.0598368 -0.00354975 0.998202 204.482
0.997142 0.0484669 0.0579507 76.5119 -0.048251 0.998822 -0.00512044 -3.61974 -0.0581306 0.00230963 0.998306 207.738
0.997785 0.0489971 0.0449915 76.6261 -0.0490477 0.998796 2.13732e-05 -3.65115 -0.0449363 -0.00222806 0.998987 210.384
0.998719 0.0396555 0.031444 76.7167 -0.040175 0.999064 0.0160648 -3.65641 -0.0307775 -0.0173074 0.999376 213.097
0.999709 0.0119423 0.0209619 76.8271 -0.0122535 0.999816 0.0147818 -3.65694 -0.0207815 -0.0150343 0.999671 216.588
0.999844 -0.00552846 0.0167464 76.9127 0.00537408 0.999943 0.00924971 -3.65655 -0.0167966 -0.00915827 0.999817 219.353
0.999844 -0.00556882 0.0167667 76.9422 0.00541395 0.999942 0.00926769 -3.66558 -0.0168174 -0.00917547 0.999816 221.438
0.999817 -0.00929006 0.0166975 76.9664 0.00941771 0.999927 -0.00758302 -3.68005 -0.0166258 0.00773889 0.999832 222.792
0.999817 -0.00933007 0.0167179 76.9883 0.00945757 0.999927 -0.00756399 -3.71058 -0.0166461 0.00772072 0.999832 224.796
0.999819 -0.0112327 0.015327 77.0293 0.0111037 0.999902 0.00847291 -3.74896 -0.0154206 -0.00830119 0.999847 226.658
0.999279 -0.0279857 -0.0256754 77.0074 0.0280225 0.999607 0.00107385 -3.77852 0.0256353 -0.00179256 0.99967 229.46
0.987906 -0.0326961 -0.151565 76.6919 0.0336325 0.999428 0.00361797 -3.8195 0.15136 -0.00867172 0.988441 231.924
0.931692 -0.00714344 -0.36318 75.9184 0.0036184 0.99994 -0.0103854 -3.84928 0.363232 0.0083619 0.931661 234.041
0.754849 0.0532394 -0.653734 74.3401 -0.0507212 0.998454 0.0227467 -3.85933 0.653935 0.0159879 0.756382 236.038
0.589561 0.0804085 -0.803712 72.9577 -0.0586736 0.996667 0.0566731 -3.80778 0.80559 0.0137443 0.592314 236.992
0.338921 0.05636 -0.939125 71.0451 -0.0301895 0.998342 0.0490187 -3.67734 0.94033 0.0117383 0.34006 237.754
0.201929 0.0568337 -0.97775 69.6987 -0.0247797 0.998292 0.0529102 -3.61319 0.979087 0.0135442 0.202992 237.997
0.0973722 0.0521312 -0.993882 68.2275 -0.0224618 0.998488 0.0501722 -3.54726 0.994994 0.017439 0.098396 238.11
0.0325944 0.0474819 -0.99834 66.667 -0.025554 0.998584 0.0466592 -3.47843 0.999142 0.0239907 0.0337616 238.119
-0.00247625 0.0426049 -0.999089 64.366 -0.0309303 0.998611 0.0426612 -3.37924 0.999519 0.0310077 -0.00115503 238.1
-0.00247409 0.0425695 -0.99909 61.7621 -0.0309072 0.998613 0.0426258 -3.27944 0.999518 0.0309846 -0.00115495 238.078
-0.0024748 0.042535 -0.999092 59.6213 -0.0308841 0.998615 0.0425912 -3.19463 0.99952 0.0309615 -0.00115772 238.076
-0.00247835 0.0425008 -0.999093 57.2719 -0.0308608 0.998617 0.0425571 -3.09853 0.999521 0.0309383 -0.00116331 238.067
-0.00248478 0.0424676 -0.999094 54.7347 -0.0308375 0.998619 0.0425241 -2.99653 0.99952 0.0309153 -0.00117175 238.064
0.000845947 0.0537462 -0.998555 52.084 -0.0265257 0.998204 0.0537049 -2.88997 0.999649 0.0264418 0.00227008 238.053
0.000834023 0.0537144 -0.998556 49.4265 -0.026502 0.998207 0.0536735 -2.78555 0.999648 0.026419 0.00225607 238.046
-0.00694956 0.0636924 -0.997944 46.7688 -0.0195754 0.99777 0.0638176 -2.66732 0.999783 0.0199788 -0.00568725 238.039
-0.0151864 0.06564 -0.997728 44.1181 -0.0147822 0.997719 0.0658644 -2.52484 0.999776 0.0157488 -0.0141814 238.003
-0.015207 0.0656106 -0.997729 41.502 -0.0147585 0.997721 0.065835 -2.39067 0.999775 0.0157262 -0.014204 237.924
-0.018369 0.0581192 -0.99814 38.8917 -0.0257227 0.997951 0.0585815 -2.26262 0.9995 0.026751 -0.0168364 237.863
-0.0183954 0.058091 -0.998142 37.1721 -0.0256989 0.997953 0.0585536 -2.18243 0.999501 0.0267282 -0.0168648 237.828
-0.0184246 0.0580631 -0.998144 35.4745 -0.0256751 0.997956 0.0585261 -2.10877 0.999501 0.0267057 -0.0168961 237.799
-0.0146055 0.0612359 -0.998016 33.7917 -0.0175952 0.997953 0.0614895 -2.03806 0.999738 0.0184584 -0.0134981 237.775
-0.0146376 0.0612094 -0.998017 32.1294 -0.017571 0.997955 0.0614632 -1.96226 0.999738 0.0184359 -0.0135322 237.759
-0.0146727 0.0611831 -0.998019 30.4701 -0.0175468 0.997957 0.0614373 -1.88503 0.999739 0.0184135 -0.0135691 237.738
-0.0166694 0.0716257 -0.997292 27.9947 -0.0192406 0.997223 0.0719424 -1.76303 0.999675 0.0203877 -0.015245 237.681
-0.0300877 0.0615195 -0.997653 24.7437 -0.0223809 0.997812 0.0622043 -1.57392 0.999298 0.0241999 -0.0286451 237.584
-0.0441644 0.0630039 -0.997035 22.3547 -0.027175 0.997564 0.0642411 -1.4564 0.998654 0.0299317 -0.0423447 237.468
-0.0531837 0.0669154 -0.996339 20.7713 -0.0342859 0.997042 0.0687927 -1.37503 0.997995 0.0378191 -0.0507321 237.371
-0.0601711 0.0643771 -0.996109 18.466 -0.0475247 0.996602 0.0672797 -1.25053 0.997055 0.0513882 -0.0569071 237.203
-0.0602208 0.0643534 -0.996108 16.25 -0.0475008 0.996604 0.0672572 -1.13607 0.997054 0.0513662 -0.0569594 237.052
-0.0558652 0.0667101 -0.996206 13.4644 -0.0548996 0.996051 0.0697783 -0.996259 0.996927 0.0585897 -0.0519822 236.877
-0.0469547 0.0651185 -0.996772 11.556 -0.0573307 0.996052 0.0677721 -0.90159 0.997251 0.0603278 -0.043036 236.765
-0.0470096 0.0650959 -0.996771 10.351 -0.0573061 0.996055 0.0677518 -0.840277 0.997249 0.0603061 -0.0430938 236.715
-0.0470675 0.0650736 -0.99677 9.19913 -0.0572816 0.996058 0.067732 -0.778204 0.997248 0.0602846 -0.0431545 236.669
-0.0471254 0.0650515 -0.996768 8.12319 -0.057257 0.996061 0.0677123 -0.727078 0.997246 0.0602629 -0.0432151 236.632
-0.0383528 0.0660781 -0.997078 7.11849 -0.0559733 0.996103 0.0681665 -0.67599 0.997696 0.058424 -0.0345047 236.6
-0.0141693 0.0714499 -0.997344 4.88781 -0.0544522 0.995908 0.0721207 -0.562641 0.998416 0.0553295 -0.0102207 236.555
0.0289481 0.06901 -0.997196 2.23358 -0.0492308 0.996502 0.0675328 -0.422387 0.998368 0.0471378 0.0322442 236.633
0.103428 0.034362 -0.994043 -0.381356 -0.0473963 0.998438 0.0295825 -0.319832 0.993506 0.0440544 0.104895 236.834
0.312075 0.0451872 -0.948982 -2.39609 -0.0406746 0.998588 0.0341734 -0.286864 0.949186 0.0279348 0.313472 237.44
0.578043 0.0627753 -0.813588 -4.05809 -0.0524365 0.997833 0.039736 -0.253185 0.81432 0.0196926 0.580082 238.536
0.760522 0.0514223 -0.647273 -5.03992 -0.0559836 0.99834 0.013534 -0.232648 0.646895 0.0259438 0.762138 239.719
0.900088 0.0438333 -0.433497 -5.79564 -0.0470582 0.998887 0.003294 -0.236696 0.433159 0.0174347 0.901149 241.317
0.958922 0.0371513 -0.281227 -6.17088 -0.0416261 0.999084 -0.00995231 -0.25462 0.280599 0.0212498 0.95959 242.745
0.986974 0.0364474 -0.156695 -6.39703 -0.0393477 0.999106 -0.0154457 -0.29057 0.155992 0.0214102 0.987526 244.381
0.996599 0.0302053 -0.0766703 -6.53049 -0.0315685 0.999363 -0.0166306 -0.330723 0.0761192 0.0189944 0.996918 246.177
0.999166 0.0278597 -0.0298618 -6.62421 -0.0284474 0.999406 -0.0194388 -0.391057 0.0293025 0.0202721 0.999365 248.814
0.999527 0.0258284 -0.016694 -6.65876 -0.0261836 0.999428 -0.0214201 -0.447737 0.0161312 0.0218471 0.999631 250.941
0.999526 0.0258128 -0.0167725 -6.68534 -0.0261692 0.999429 -0.0213894 -0.484889 0.0162108 0.0218182 0.999631 252.462
0.999525 0.0257974 -0.0168514 -6.73564 -0.026155 0.99943 -0.0213579 -0.551199 0.0162908 0.0217885 0.99963 254.804
0.999447 0.0263376 -0.0202977 -6.77707 -0.0269577 0.999159 -0.0309048 -0.600176 0.0194667 0.0314349 0.999316 256.441
0.999446 0.0263215 -0.0203775 -6.8552 -0.0269434 0.99916 -0.0308723 -0.671126 0.0195478 0.0314043 0.999316 259.004
0.999605 0.0196625 -0.0200703 -6.91765 -0.0200235 0.999638 -0.0179488 -0.765419 0.0197101 0.0183436 0.999637 261.684
0.999579 0.0148968 -0.0248866 -6.98055 -0.0158077 0.999197 -0.0368144 -0.848453 0.0243182 0.0371923 0.999012 264.455
0.999577 0.0148802 -0.0249682 -7.0592 -0.0157932 0.999199 -0.0367796 -0.975248 0.0244009 0.0371584 0.999011 267.355
0.999631 0.013546 -0.0235365 -7.14374 -0.014194 0.999519 -0.0275888 -1.09796 0.0231515 0.0279127 0.999342 270.341
0.999629 0.0135301 -0.0236196 -7.19757 -0.0141797 0.99952 -0.0275526 -1.17243 0.0232355 0.0278773 0.999341 272.363
0.999628 0.0135143 -0.023703 -7.23327 -0.0141653 0.999521 -0.0275158 -1.24021 0.0233198 0.0278413 0.99934 274.417
0.999626 0.0134985 -0.0237869 -7.29719 -0.0141509 0.999522 -0.0274784 -1.31304 0.0234046 0.0278047 0.999339 276.495
0.999561 0.00944487 -0.0280724 -7.34854 -0.0104184 0.999342 -0.0347362 -1.40163 0.0277258 0.0350135 0.999002 278.583
0.999559 0.00942851 -0.0281571 -7.42907 -0.0104039 0.999344 -0.0346978 -1.49901 0.0278115 0.0349755 0.999001 280.68
0.999557 0.00941216 -0.0282424 -7.4998 -0.0103894 0.999345 -0.0346586 -1.59129 0.0278977 0.0349367 0.999 282.787
0.999444 0.0131152 -0.0306565 -7.58605 -0.0139242 0.999556 -0.0263251 -1.67809 0.0302977 0.0267373 0.999183 284.889
0.999441 0.0130996 -0.030743 -7.66355 -0.0139097 0.999558 -0.0262849 -1.76108 0.0303851 0.0266979 0.999182 286.993
0.999439 0.0130841 -0.0308299 -7.72757 -0.0138952 0.999559 -0.0262441 -1.85477 0.0304729 0.0266578 0.99918 289.056
0.999436 0.0130685 -0.0309176 -7.83568 -0.0138807 0.99956 -0.0262026 -1.97952 0.0305616 0.026617 0.999178 292.134
0.999434 0.0130531 -0.0310061 -7.95032 -0.0138663 0.999562 -0.0261602 -2.08924 0.030651 0.0265754 0.999177 295.205
0.99926 0.0174729 -0.0342696 -8.03022 -0.0180534 0.999698 -0.0167023 -2.16336 0.0339674 0.0173086 0.999273 297.269
0.999155 0.0177461 -0.0370747 -8.11842 -0.0183684 0.999695 -0.0165139 -2.2319 0.0367703 0.0171809 0.999176 299.308
0.999044 0.0231625 -0.0370793 -8.2233 -0.0240841 0.999407 -0.0246059 -2.28322 0.0364873 0.0254754 0.999009 301.34
0.999105 0.0233256 -0.0352863 -8.35624 -0.0242341 0.99938 -0.0255423 -2.39813 0.0346686 0.0263745 0.999051 304.37
0.999225 0.0234598 -0.0315973 -8.44159 -0.0243141 0.999342 -0.0269289 -2.46592 0.0309447 0.0276763 0.999138 306.406
0.999385 0.0235639 -0.0259786 -8.51996 -0.0243105 0.999289 -0.0288083 -2.54376 0.0252813 0.0294221 0.999247 308.472
0.99965 0.023241 -0.012675 -8.56685 -0.0236523 0.999165 -0.0333271 -2.62412 0.0118899 0.0336152 0.999364 310.491
0.999709 0.0230565 -0.0070812 -8.59531 -0.0232918 0.99911 -0.0351718 -2.71131 0.00626396 0.0353265 0.999356 312.527
0.999691 0.0230019 -0.00937189 -8.61021 -0.0233093 0.999146 -0.0341242 -2.81186 0.00857896 0.0343321 0.999374 314.596
0.999542 0.0230883 -0.0195856 -8.63199 -0.0236741 0.999263 -0.0302295 -2.90812 0.0188732 0.0306793 0.999351 316.686
0.999008 0.0233607 -0.0379236 -8.67008 -0.0242676 0.999426 -0.0236308 -2.98937 0.0373498 0.0245277 0.999001 318.796
0.998951 0.0228247 -0.0397077 -8.77244 -0.0237721 0.99944 -0.0235529 -3.06508 0.0391479 0.0244722 0.998934 320.998
0.998976 0.0222419 -0.0394112 -8.87199 -0.0231987 0.999443 -0.0239881 -3.14267 0.0388557 0.0248778 0.998935 323.181
0.999088 0.0216022 -0.036838 -8.9614 -0.0225341 0.999432 -0.0250733 -3.22821 0.0362754 0.0258805 0.999007 325.356
0.999267 0.0209247 -0.0320667 -9.04762 -0.021782 0.999408 -0.0266241 -3.30868 0.0314907 0.0273031 0.999131 327.516
0.999481 0.0202217 -0.0250891 -9.12236 -0.0209366 0.999373 -0.0285664 -3.38999 0.0244957 0.0290769 0.999277 329.665
0.999522 0.0200999 -0.0234711 -9.17251 -0.0207034 0.999454 -0.0257565 -3.47604 0.0229406 0.0262301 0.999393 331.71
0.99955 0.0199339 -0.0224034 -9.22393 -0.0204868 0.999484 -0.0247263 -3.55201 0.021899 0.0251742 0.999443 333.743
0.999567 0.0197277 -0.0218368 -9.27451 -0.0202807 0.999472 -0.0253956 -3.62518 0.0213242 0.0258275 0.999439 335.743
0.999593 0.0140204 -0.0248288 -9.35284 -0.0145487 0.999669 -0.0212267 -3.74313 0.024523 0.0215793 0.999466 338.712
0.999584 0.0136892 -0.0253698 -9.43796 -0.0143644 0.999542 -0.0266265 -3.85493 0.0249937 0.0269799 0.999323 341.591
0.999538 0.0134565 -0.0272384 -9.52085 -0.014105 0.999618 -0.0237601 -3.96869 0.0269083 0.0241333 0.999347 344.413
0.999491 0.0131932 -0.0290302 -9.62431 -0.0138279 0.999667 -0.0217735 -4.07644 0.0287333 0.0221638 0.999341 347.15
0.999446 0.0129039 -0.0306712 -9.70635 -0.01354 0.999696 -0.0206208 -4.17497 0.0303958 0.0210247 0.999317 349.746
0.999405 0.0125924 -0.0321086 -9.77061 -0.0132468 0.999707 -0.0202506 -4.26642 0.0318442 0.0206639 0.999279 352.179
0.999366 0.0122664 -0.0334177 -9.81182 -0.0129514 0.999709 -0.0203617 -4.32262 0.0331582 0.0207816 0.999234 353.687
0.999271 0.0130862 -0.0358657 -9.86401 -0.0138986 0.99965 -0.0224981 -4.41283 0.0355587 0.0229802 0.999103 355.745
0.999198 0.0139162 -0.0375498 -9.93694 -0.0148182 0.999606 -0.0238506 -4.49198 0.037203 0.0243879 0.99901 357.64
0.999156 0.0147711 -0.0383325 -10.0404 -0.0157093 0.999582 -0.0242901 -4.58086 0.0379576 0.0248718 0.99897 359.858
0.996614 0.0174543 -0.080352 -10.1867 -0.019946 0.999341 -0.0303113 -4.66694 0.07977 0.0318113 0.996306 361.743
0.984387 0.0259989 -0.174086 -10.5393 -0.0299971 0.999342 -0.0203751 -4.74092 0.173442 0.025279 0.98452 363.472
0.943617 0.0344895 -0.329237 -11.1252 -0.0385576 0.999239 -0.00583281 -4.77811 0.328786 0.0181985 0.944229 365.032
0.865764 0.055702 -0.497344 -11.9411 -0.0509808 0.998433 0.0230774 -4.7832 0.49785 0.00537543 0.867247 366.38
0.72833 0.0711039 -0.681527 -13.0599 -0.0458457 0.99743 0.055068 -4.73508 0.683691 -0.00886263 0.729718 367.618
0.466648 0.0622044 -0.882254 -15.0424 -0.00907012 0.997808 0.0655543 -4.58217 0.884397 -0.0225887 0.466189 368.889
0.271379 0.0526012 -0.961035 -16.5282 0.0127358 0.998222 0.0582329 -4.47621 0.962389 -0.0280427 0.270226 369.328
0.0903624 0.0735444 -0.99319 -18.1788 0.00226937 0.997252 0.0740517 -4.36612 0.995906 -0.00894539 0.0899472 369.421
-0.0323034 0.0794157 -0.996319 -19.9148 -0.011662 0.99674 0.0798274 -4.22867 0.999411 0.0141977 -0.0312719 369.342
-0.0799026 0.0731681 -0.994113 -21.7375 -0.0194963 0.996997 0.0749474 -4.09415 0.996611 0.0253701 -0.0782361 369.154
-0.0871731 0.0442953 -0.995208 -23.6304 -0.0205981 0.998717 0.0462557 -3.9692 0.99598 0.0245316 -0.0861489 368.962
-0.0837029 0.0553025 -0.994955 -25.6548 -0.0160111 0.998255 0.0568329 -3.88026 0.996362 0.0206874 -0.0826714 368.795
-0.0776034 0.052488 -0.995602 -27.7804 -0.0271749 0.998131 0.0547395 -3.77549 0.996614 0.0313033 -0.076032 368.601
-0.0678836 0.0523144 -0.99632 -29.2675 -0.0326778 0.997972 0.0546276 -3.70143 0.997157 0.036266 -0.0660364 368.492
-0.0582821 0.0602209 -0.996482 -30.8192 -0.0373266 0.997349 0.0624565 -3.61912 0.997601 0.0408354 -0.0558797 368.392
-0.0569317 0.0621689 -0.99644 -32.4386 -0.0369072 0.997246 0.0643278 -3.53067 0.997695 0.0404381 -0.0544805 368.297
-0.045164 0.0672746 -0.996711 -35.004 -0.0331669 0.997079 0.0688023 -3.36828 0.998428 0.0361653 -0.0428008 368.173
-0.037715 0.078877 -0.99617 -37.7241 -0.0298636 0.996346 0.0800215 -3.18402 0.998842 0.0327672 -0.0352216 368.066
-0.0336 0.0705248 -0.996944 -40.5063 -0.0325626 0.9969 0.0716192 -2.99809 0.998904 0.0348695 -0.0311993 367.964
-0.0345691 0.071805 -0.996818 -43.3211 -0.0323747 0.996812 0.0729273 -2.8252 0.998877 0.0347928 -0.0321342 367.867
-0.0357185 0.0733114 -0.996669 -45.2166 -0.0321767 0.996704 0.0744671 -2.71248 0.998844 0.0347294 -0.0332419 367.788
-0.0364089 0.0726607 -0.996692 -47.0283 -0.0323252 0.996746 0.0738455 -2.60014 0.998814 0.0349069 -0.0339417 367.709
-0.0370629 0.0720715 -0.996711 -48.8358 -0.0324767 0.996782 0.0732843 -2.48911 0.998785 0.035086 -0.034603 367.638
-0.0376067 0.0715678 -0.996726 -50.6327 -0.0326355 0.996812 0.0728053 -2.38108 0.998759 0.0352667 -0.0351512 367.561
-0.0456557 0.0774261 -0.995953 -52.4371 -0.0335754 0.99631 0.078993 -2.2609 0.998393 0.0370459 -0.0428876 367.466
-0.0528759 0.0773034 -0.995604 -54.2302 -0.0399265 0.996038 0.0794576 -2.14369 0.997802 0.0439524 -0.0495799 367.359
-0.0523021 0.0768172 -0.995672 -56.0009 -0.0401652 0.996068 0.0789576 -2.02841 0.997822 0.0441211 -0.0490111 367.247
-0.0497803 0.0786848 -0.995655 -58.6906 -0.0399805 0.995936 0.0807059 -1.84644 0.997959 0.0438244 -0.0464321 367.093
-0.0480353 0.0793885 -0.995687 -61.3413 -0.0397341 0.995896 0.0813221 -1.66294 0.998056 0.043469 -0.0446837 366.944
-0.0468376 0.0793122 -0.995749 -63.1081 -0.0394461 0.995918 0.0811811 -1.53842 0.998124 0.0430807 -0.0435179 366.856
-0.0316093 0.081781 -0.996149 -65.7641 -0.0408564 0.995708 0.0830412 -1.3517 0.998665 0.043324 -0.0281323 366.751
-0.016784 0.0768499 -0.996901 -68.3894 -0.0403062 0.996179 0.0774728 -1.17145 0.999046 0.0414817 -0.0136223 366.693
-0.00495531 0.0720887 -0.997387 -70.9705 -0.0418034 0.996511 0.0722332 -1.00316 0.999114 0.042052 -0.00192448 366.688
0.00696488 0.0763227 -0.997059 -73.5599 -0.042782 0.996193 0.0759575 -0.848416 0.99906 0.0421271 0.0102036 366.693
0.0159014 0.0767745 -0.996921 -76.0756 -0.0367285 0.99642 0.07615 -0.69761 0.999198 0.0354046 0.0186643 366.725
0.0160698 0.0792056 -0.996729 -78.4255 -0.0370223 0.996221 0.0785683 -0.563619 0.999186 0.0356386 0.0189415 366.77
0.0144413 0.0799971 -0.996691 -80.5973 -0.029432 0.996397 0.0795471 -0.435177 0.999463 0.0281859 0.0167437 366.803
0.00109116 0.0871533 -0.996194 -82.5822 -0.0225406 0.995944 0.0871067 -0.310004 0.999745 0.0223598 0.00305122 366.806
-0.0253794 0.08333 -0.996199 -85.0114 -0.0184046 0.996312 0.0838084 -0.138248 0.999508 0.0204616 -0.0237521 366.766
-0.0582259 0.0743903 -0.995529 -87.9636 -0.0177452 0.996985 0.075537 0.0659312 0.998147 0.0220639 -0.0567303 366.573
-0.0845427 0.0635003 -0.994395 -90.9361 -0.0192717 0.997676 0.0653483 0.256774 0.996234 0.0246884 -0.0831225 366.33
-0.0970904 0.0593715 -0.993502 -94.0392 -0.0277179 0.997671 0.0623293 0.425339 0.994888 0.0335895 -0.0952186 365.992
-0.0968953 0.0696993 -0.992851 -96.6879 -0.0300903 0.996884 0.072919 0.585974 0.99484 0.0369407 -0.0944961 365.719
-0.0928216 0.0945762 -0.991182 -98.8416 -0.0375033 0.99444 0.0983993 0.753736 0.994977 0.0463061 -0.0887586 365.522
-0.0863865 0.070006 -0.993799 -100.314 -0.044745 0.996249 0.0740681 0.866328 0.995256 0.0508661 -0.08293 365.382
-0.0811654 0.0763752 -0.99377 -101.858 -0.0452555 0.995749 0.0802235 1.0061 0.995672 0.0514849 -0.0773639 365.258
-0.0745116 0.0991466 -0.992279 -103.451 -0.0436044 0.99377 0.10257 1.12752 0.996267 0.0509103 -0.0697242 365.14
-0.0641596 0.0610475 -0.99607 -105.893 -0.047218 0.996824 0.0641352 1.33482 0.996821 0.0511474 -0.0610733 364.972
-0.0541011 0.0752377 -0.995697 -107.621 -0.0595488 0.995139 0.0784311 1.44978 0.996758 0.0635358 -0.0493578 364.843
-0.0397093 0.0694684 -0.996793 -109.398 -0.0659985 0.99522 0.0719879 1.56791 0.997029 0.0686455 -0.0349346 364.753
-0.0226008 0.0478559 -0.998598 -111.216 -0.0567762 0.99718 0.0490729 1.67285 0.99813 0.0578058 -0.01982 364.707
-0.00712376 0.0655097 -0.997827 -113.114 -0.0501124 0.996575 0.0657853 1.77699 0.998719 0.0504721 -0.00381651 364.703
0.00570532 0.0775432 -0.996972 -115.045 -0.0464067 0.995935 0.077197 1.89665 0.998905 0.0458259 0.00928066 364.713
0.0119803 0.0702676 -0.997455 -117.001 -0.0440935 0.996595 0.0696774 2.02861 0.998955 0.0431466 0.0150378 364.74
0.0119803 0.0702676 -0.997455 -118.984 -0.0440935 0.996595 0.0696774 2.15834 0.998955 0.0431466 0.0150378 364.771
