0.831361 -0.0182677 0.555432 -91.4282 0.0277352 0.999578 -0.00863828 0.54152 -0.555039 0.0225865 0.831517 219.768
0.902307 -0.0127387 0.430906 -90.7934 0.0201072 0.999719 -0.0125497 0.513136 -0.430625 0.019988 0.90231 221.161
0.962911 0.0184338 0.269188 -90.1362 -0.0182849 0.999828 -0.00306069 0.456936 -0.269198 -0.0019749 0.963083 223.573
0.971758 0.0351106 0.233353 -89.4604 -0.0346635 0.999381 -0.00601792 0.406281 -0.23342 -0.00224087 0.972373 226.565
0.938428 0.021568 0.344801 -88.5709 -0.0238363 0.999713 0.00234012 0.346846 -0.344651 -0.0104148 0.938673 229.362
0.760468 0.0162762 0.649171 -86.9407 -0.0121852 0.999867 -0.0107946 0.305854 -0.649261 0.000298695 0.760566 231.704
0.535388 -0.00720861 0.844575 -85.3304 0.0129785 0.999916 0.00030724 0.271222 -0.844506 0.0107968 0.535436 232.732
0.403862 -0.00257098 0.914817 -84.3068 0.00998272 0.999949 -0.00159682 0.278716 -0.914766 0.00977725 0.403867 233.128
0.2452 -0.0105505 0.969415 -82.7622 0.0101573 0.999914 0.00831326 0.268154 -0.969419 0.00780827 0.245286 233.505
0.140031 -0.00142469 0.990146 -81.0331 0.0148405 0.99989 -0.000660096 0.256814 -0.990036 0.0147867 0.140036 233.718
0.078715 0.0110006 0.996837 -79.0429 0.0133623 0.999838 -0.0120888 0.239656 -0.996808 0.0142716 0.0785553 233.889
0.0562817 0.00626474 0.998395 -77.3638 0.0226261 0.999715 -0.00754851 0.218902 -0.998159 0.0230147 0.0561239 233.968
0.0562817 0.00626474 0.998395 -75.548 0.0226261 0.999715 -0.00754851 0.195705 -0.998159 0.0230147 0.0561239 234.069
0.0484787 0.0115606 0.998757 -72.8957 0.0205955 0.999709 -0.0125713 0.165434 -0.998612 0.0211793 0.0482265 234.213
0.0389732 0.0141627 0.99914 -69.9903 0.0171002 0.999744 -0.0148383 0.119898 -0.999094 0.0176637 0.038721 234.346
0.0389732 0.0141627 0.99914 -67.6742 0.0171002 0.999744 -0.0148383 0.067506 -0.999094 0.0176637 0.038721 234.43
0.0307564 0.0134414 0.999437 -64.4776 0.0222845 0.999652 -0.0141301 -0.006896 -0.999279 0.0227066 0.0304462 234.527
0.0307564 0.0134414 0.999437 -62.8435 0.0222845 0.999652 -0.0141301 -0.051434 -0.999279 0.0227066 0.0304462 234.581
0.0255115 0.020707 0.99946 -60.3232 0.0176399 0.99962 -0.0211606 -0.112962 -0.999519 0.0181702 0.0251366 234.663
0.0255115 0.020707 0.99946 -57.7203 0.0176399 0.99962 -0.0211606 -0.185436 -0.999519 0.0181702 0.0251366 234.736
0.0348664 0.0169938 0.999248 -55.085 0.0255001 0.999515 -0.0178882 -0.263 -0.999067 0.0261047 0.0344161 234.811
0.0432126 0.0226513 0.99881 -52.4522 0.0237286 0.999438 -0.0236922 -0.351194 -0.998785 0.0247242 0.0426508 234.934
0.0432126 0.0226513 0.99881 -50.701 0.0237286 0.999438 -0.0236922 -0.416961 -0.998785 0.0247242 0.0426508 235.017
0.0432126 0.0226513 0.99881 -48.9495 0.0237286 0.999438 -0.0236922 -0.47598 -0.998785 0.0247242 0.0426508 235.107
0.048645 0.0130046 0.998732 -46.3428 0.0269277 0.999535 -0.0143266 -0.560657 -0.998454 0.0275905 0.0482722 235.235
0.0515766 0.0324241 0.998143 -43.801 0.0272607 0.999055 -0.0338623 -0.647588 -0.998297 0.0289566 0.050644 235.376
0.0501519 0.013695 0.998648 -41.2657 0.0278568 0.999498 -0.0151056 -0.744277 -0.998354 0.0285767 0.0497452 235.504
0.0516013 0.0215869 0.998434 -38.7833 0.0349064 0.999116 -0.0234057 -0.826494 -0.998058 0.0360595 0.0508022 235.628
0.0516013 0.0215869 0.998434 -37.1342 0.0349064 0.999116 -0.0234057 -0.888775 -0.998058 0.0360595 0.0508022 235.724
0.0516013 0.0215869 0.998434 -34.7368 0.0349064 0.999116 -0.0234057 -0.981963 -0.998058 0.0360595 0.0508022 235.849
0.0516013 0.0215869 0.998434 -31.5802 0.0349064 0.999116 -0.0234057 -1.09431 -0.998058 0.0360595 0.0508022 236.032
0.0516013 0.0215869 0.998434 -28.5719 0.0349064 0.999116 -0.0234057 -1.21223 -0.998058 0.0360595 0.0508022 236.215
0.0530521 0.0256939 0.998261 -25.7519 0.0234828 0.99936 -0.0269701 -1.32391 -0.998315 0.0248728 0.0524148 236.396
0.0530521 0.0256939 0.998261 -23.6909 0.0234828 0.99936 -0.0269701 -1.4021 -0.998315 0.0248728 0.0524148 236.516
0.0530521 0.0256939 0.998261 -21.6839 0.0234828 0.99936 -0.0269701 -1.48522 -0.998315 0.0248728 0.0524148 236.611
0.0461699 0.0316012 0.998434 -19.8028 0.0230296 0.9992 -0.0326904 -1.57058 -0.998669 0.0245028 0.0454052 236.706
0.0288956 0.0284114 0.999179 -17.549 0.0210231 0.999358 -0.0290245 -1.67649 -0.999362 0.0218446 0.0282797 236.792
-0.00994372 0.0264406 0.999602 -15.1427 0.0220431 0.999413 -0.0262163 -1.79411 -0.999708 0.0217736 -0.0105207 236.787
-0.0588589 0.0240471 0.997976 -13.1543 0.0235479 0.999465 -0.0226942 -1.8756 -0.997988 0.0221645 -0.0593937 236.684
-0.142186 0.0203905 0.989629 -11.1055 0.040471 0.999072 -0.0147703 -1.96203 -0.989012 0.0379512 -0.142879 236.394
-0.294186 0.0310559 0.955245 -9.27277 0.0503216 0.998589 -0.0169676 -2.01848 -0.954424 0.0430778 -0.295334 235.843
-0.522854 0.0461489 0.851172 -7.49784 0.0518328 0.998407 -0.0222921 -2.07195 -0.850845 0.0324631 -0.524413 234.867
-0.675549 0.0410651 0.73617 -6.47482 0.0421686 0.998965 -0.0170283 -2.10313 -0.736108 0.0195398 -0.676582 233.941
-0.786721 0.0455018 0.615629 -5.75803 0.0466832 0.998809 -0.0141659 -2.10903 -0.61554 0.017595 -0.787908 232.949
-0.854158 0.0495885 0.517649 -5.33847 0.0487723 0.998694 -0.015193 -2.11244 -0.517726 0.0122697 -0.855461 232.167
-0.932095 0.0497054 0.358783 -4.83791 0.0500959 0.998711 -0.008214 -2.13112 -0.358729 0.0103174 -0.933383 230.806
-0.974728 0.0569347 0.216024 -4.56982 0.0590521 0.998249 0.00335414 -2.12467 -0.215455 0.016026 -0.976384 229.218
-0.992026 0.0560513 0.112869 -4.37315 0.0581712 0.998185 0.0155748 -2.10529 -0.111791 0.0220164 -0.993486 227.401
-0.996963 0.057208 0.0528006 -4.25552 0.0582267 0.998142 0.0179603 -2.07408 -0.051675 0.0209802 -0.998442 225.415
-0.998059 0.0618944 0.00720729 -4.21544 0.0620556 0.997763 0.0248444 -2.01705 -0.00565345 0.0252434 -0.999667 222.421
-0.997878 0.0644731 -0.0093027 -4.23692 0.0642032 0.997575 0.0268727 -1.96545 0.0110127 0.0262184 -0.999597 219.97
-0.997878 0.0644731 -0.0093027 -4.25555 0.0642032 0.997575 0.0268727 -1.92641 0.0110127 0.0262184 -0.999597 218.262
-0.997878 0.0644731 -0.0093027 -4.26436 0.0642032 0.997575 0.0268727 -1.86286 0.0110127 0.0262184 -0.999597 215.563
-0.997878 0.0644731 -0.0093027 -4.2758 0.0642032 0.997575 0.0268727 -1.82506 0.0110127 0.0262184 -0.999597 213.669
-0.997878 0.0644731 -0.0093027 -4.28418 0.0642032 0.997575 0.0268727 -1.78579 0.0110127 0.0262184 -0.999597 211.707
-0.997878 0.0644731 -0.0093027 -4.28243 0.0642032 0.997575 0.0268727 -1.74557 0.0110127 0.0262184 -0.999597 209.694
-0.997878 0.0644731 -0.0093027 -4.27331 0.0642032 0.997575 0.0268727 -1.69882 0.0110127 0.0262184 -0.999597 207.63
-0.997878 0.0644731 -0.0093027 -4.26937 0.0642032 0.997575 0.0268727 -1.6612 0.0110127 0.0262184 -0.999597 205.52
-0.997878 0.0644731 -0.0093027 -4.27288 0.0642032 0.997575 0.0268727 -1.61471 0.0110127 0.0262184 -0.999597 203.349
-0.997878 0.0644731 -0.0093027 -4.28429 0.0642032 0.997575 0.0268727 -1.57066 0.0110127 0.0262184 -0.999597 201.139
-0.997878 0.0644731 -0.0093027 -4.29356 0.0642032 0.997575 0.0268727 -1.532 0.0110127 0.0262184 -0.999597 198.902
-0.997878 0.0644731 -0.0093027 -4.29884 0.0642032 0.997575 0.0268727 -1.49314 0.0110127 0.0262184 -0.999597 196.641
-0.997878 0.0644731 -0.0093027 -4.31792 0.0642032 0.997575 0.0268727 -1.45165 0.0110127 0.0262184 -0.999597 194.368
-0.997878 0.0644731 -0.0093027 -4.34001 0.0642032 0.997575 0.0268727 -1.41014 0.0110127 0.0262184 -0.999597 192.059
-0.997878 0.0644731 -0.0093027 -4.34889 0.0642032 0.997575 0.0268727 -1.37387 0.0110127 0.0262184 -0.999597 189.749
-0.997878 0.0644731 -0.0093027 -4.36402 0.0642032 0.997575 0.0268727 -1.32957 0.0110127 0.0262184 -0.999597 187.408
-0.997878 0.0644731 -0.0093027 -4.37644 0.0642032 0.997575 0.0268727 -1.29149 0.0110127 0.0262184 -0.999597 185.057
-0.997878 0.0644731 -0.0093027 -4.40557 0.0642032 0.997575 0.0268727 -1.25181 0.0110127 0.0262184 -0.999597 182.681
-0.997878 0.0644731 -0.0093027 -4.42487 0.0642032 0.997575 0.0268727 -1.20422 0.0110127 0.0262184 -0.999597 180.271
-0.997878 0.0644731 -0.0093027 -4.44499 0.0642032 0.997575 0.0268727 -1.15704 0.0110127 0.0262184 -0.999597 177.843
-0.997878 0.0644731 -0.0093027 -4.47853 0.0642032 0.997575 0.0268727 -1.11712 0.0110127 0.0262184 -0.999597 175.39
-0.997878 0.0644731 -0.0093027 -4.50919 0.0642032 0.997575 0.0268727 -1.08067 0.0110127 0.0262184 -0.999597 172.901
-0.997878 0.0644731 -0.0093027 -4.53748 0.0642032 0.997575 0.0268727 -1.04003 0.0110127 0.0262184 -0.999597 170.395
-0.997878 0.0644731 -0.0093027 -4.55495 0.0642032 0.997575 0.0268727 -0.991579 0.0110127 0.0262184 -0.999597 167.836
-0.997878 0.0644731 -0.0093027 -4.56651 0.0642032 0.997575 0.0268727 -0.948803 0.0110127 0.0262184 -0.999597 165.283
-0.997878 0.0644731 -0.0093027 -4.58877 0.0642032 0.997575 0.0268727 -0.911785 0.0110127 0.0262184 -0.999597 162.723
-0.997878 0.0644731 -0.0093027 -4.61073 0.0642032 0.997575 0.0268727 -0.868436 0.0110127 0.0262184 -0.999597 160.134
-0.997878 0.0644731 -0.0093027 -4.63201 0.0642032 0.997575 0.0268727 -0.822858 0.0110127 0.0262184 -0.999597 157.545
-0.997878 0.0644731 -0.0093027 -4.63962 0.0642032 0.997575 0.0268727 -0.783848 0.0110127 0.0262184 -0.999597 154.954
-0.997878 0.0644731 -0.0093027 -4.65974 0.0642032 0.997575 0.0268727 -0.740433 0.0110127 0.0262184 -0.999597 152.348
-0.997878 0.0644731 -0.0093027 -4.68321 0.0642032 0.997575 0.0268727 -0.704267 0.0110127 0.0262184 -0.999597 149.72
-0.997878 0.0644731 -0.0093027 -4.6959 0.0642032 0.997575 0.0268727 -0.67024 0.0110127 0.0262184 -0.999597 147.11
-0.997878 0.0644731 -0.0093027 -4.7116 0.0642032 0.997575 0.0268727 -0.633956 0.0110127 0.0262184 -0.999597 144.504
-0.997878 0.0644731 -0.0093027 -4.72391 0.0642032 0.997575 0.0268727 -0.601601 0.0110127 0.0262184 -0.999597 141.92
-0.997878 0.0644731 -0.0093027 -4.73674 0.0642032 0.997575 0.0268727 -0.567631 0.0110127 0.0262184 -0.999597 139.336
-0.997878 0.0644731 -0.0093027 -4.74095 0.0642032 0.997575 0.0268727 -0.53514 0.0110127 0.0262184 -0.999597 136.774
-0.997878 0.0644731 -0.0093027 -4.75336 0.0642032 0.997575 0.0268727 -0.490567 0.0110127 0.0262184 -0.999597 134.229
-0.997878 0.0644731 -0.0093027 -4.76647 0.0642032 0.997575 0.0268727 -0.454753 0.0110127 0.0262184 -0.999597 131.675
-0.997878 0.0644731 -0.0093027 -4.78021 0.0642032 0.997575 0.0268727 -0.424773 0.0110127 0.0262184 -0.999597 129.13
-0.997878 0.0644731 -0.0093027 -4.80096 0.0642032 0.997575 0.0268727 -0.393 0.0110127 0.0262184 -0.999597 126.603
-0.997878 0.0644731 -0.0093027 -4.8179 0.0642032 0.997575 0.0268727 -0.362736 0.0110127 0.0262184 -0.999597 124.106
-0.997878 0.0644731 -0.0093027 -4.82983 0.0642032 0.997575 0.0268727 -0.335792 0.0110127 0.0262184 -0.999597 121.632
-0.997878 0.0644731 -0.0093027 -4.84087 0.0642032 0.997575 0.0268727 -0.317822 0.0110127 0.0262184 -0.999597 119.215
-0.997878 0.0644731 -0.0093027 -4.86013 0.0642032 0.997575 0.0268727 -0.297867 0.0110127 0.0262184 -0.999597 116.863
-0.997878 0.0644731 -0.0093027 -4.88938 0.0642032 0.997575 0.0268727 -0.271245 0.0110127 0.0262184 -0.999597 113.444
-0.997878 0.0644731 -0.0093027 -4.90725 0.0642032 0.997575 0.0268727 -0.26168 0.0110127 0.0262184 -0.999597 111.281
-0.997878 0.0644731 -0.0093027 -4.95036 0.0642032 0.997575 0.0268727 -0.237656 0.0110127 0.0262184 -0.999597 108.169
-0.997878 0.0644731 -0.0093027 -4.9692 0.0642032 0.997575 0.0268727 -0.219654 0.0110127 0.0262184 -0.999597 106.185
-0.997878 0.0644731 -0.0093027 -4.97988 0.0642032 0.997575 0.0268727 -0.206615 0.0110127 0.0262184 -0.999597 104.312
-0.997878 0.0644731 -0.0093027 -4.99928 0.0642032 0.997575 0.0268727 -0.190662 0.0110127 0.0262184 -0.999597 101.7
-0.997878 0.0644731 -0.0093027 -5.00751 0.0642032 0.997575 0.0268727 -0.179972 0.0110127 0.0262184 -0.999597 100.084
-0.997171 0.07481 0.00734419 -5.03075 0.0749821 0.996821 0.026937 -0.166276 -0.00530568 0.0274115 -0.99961 97.8233
-0.996122 0.0812546 0.0337374 -4.9949 0.0821628 0.996267 0.0264656 -0.158854 -0.031461 0.029135 -0.99908 96.427
-0.9859 0.0855505 0.14381 -4.70717 0.0892513 0.995819 0.0194702 -0.15763 -0.141543 0.0320309 -0.989413 93.9297
-0.963185 0.0728832 0.258775 -4.26188 0.078487 0.99685 0.0113759 -0.170666 -0.257131 0.0312676 -0.965871 92.2579
-0.918541 0.0506084 0.392075 -3.59725 0.0583961 0.998262 0.0079544 -0.187151 -0.390991 0.030202 -0.919899 90.7652
-0.813893 0.0186424 0.580717 -2.41683 0.0315046 0.999431 0.0120706 -0.199584 -0.580161 0.0281194 -0.814017 89.0222
-0.650858 0.0136078 0.759077 -0.935723 0.0317864 0.999451 0.00933779 -0.21205 -0.758533 0.0302059 -0.650933 87.6045
-0.504345 0.0097571 0.863447 0.394622 0.0274715 0.999611 0.0047505 -0.212804 -0.863065 0.0261161 -0.504417 86.8468
-0.303335 0.0123304 0.952805 2.33081 0.0232401 0.999715 -0.00553879 -0.245708 -0.952602 0.0204632 -0.303535 86.2173
-0.185529 0.0106275 0.982581 3.84854 0.00992301 0.999911 -0.00894127 -0.264975 -0.982588 0.00809129 -0.185618 85.988
-0.114811 0.0208809 0.993167 5.40492 0.0111238 0.999743 -0.0197332 -0.31627 -0.993325 0.00878223 -0.115014 85.8317
-0.07958 0.0263577 0.99648 7.04144 0.0149496 0.999569 -0.0252455 -0.351323 -0.996716 0.012888 -0.0799398 85.7005
-0.0670494 0.0189852 0.997569 8.76921 0.0146202 0.99973 -0.0180437 -0.401402 -0.997642 0.0133748 -0.0673089 85.5909
-0.0654125 0.0217576 0.997621 10.6233 0.0234825 0.999519 -0.0202592 -0.449638 -0.997582 0.0221014 -0.0658919 85.4619
-0.0654125 0.0217576 0.997621 11.9339 0.0234825 0.999519 -0.0202592 -0.481652 -0.997582 0.0221014 -0.0658919 85.3734
-0.0629654 0.02166 0.99778 14.0111 0.0338501 0.999236 -0.0195555 -0.532332 -0.997441 0.0325436 -0.0636505 85.224
-0.0497267 0.0220818 0.998519 16.2393 0.044221 0.998824 -0.0198863 -0.583531 -0.997784 0.0431666 -0.0506447 85.085
-0.0252428 0.0190117 0.9995 18.5865 0.0513623 0.998523 -0.0176959 -0.635213 -0.998361 0.05089 -0.026182 85.0169
0.00638271 0.0183404 0.999812 21.0504 0.0451803 0.998805 -0.0186103 -0.688384 -0.998959 0.0452906 0.00554646 85.0449
0.036024 0.0289688 0.998931 23.62 0.0314896 0.999051 -0.0301078 -0.763107 -0.998854 0.0325405 0.0350776 85.1386
0.0431297 0.0248895 0.99876 26.2207 0.0180476 0.999507 -0.0256875 -0.866159 -0.998907 0.0191331 0.0426593 85.2859
0.0304884 0.0279482 0.999144 28.7897 0.00732167 0.999576 -0.0281837 -0.964993 -0.999508 0.00817467 0.0302708 85.3911
1.68191e-05 0.02513 0.999684 31.353 0.00311837 0.999679 -0.0251299 -1.07041 -0.999995 0.00311781 -6.1551e-05 85.4233
-0.0371951 0.0258024 0.998975 33.8841 0.00690769 0.999649 -0.0255626 -1.16656 -0.999284 0.00594981 -0.0373603 85.364
-0.0642272 0.0250762 0.99762 35.563 0.0113843 0.999638 -0.024394 -1.2257 -0.99787 0.00979049 -0.0644894 85.2718
-0.0901695 0.0229187 0.995663 37.2254 0.0159244 0.999641 -0.0215681 -1.28187 -0.995799 0.0139106 -0.0905021 85.1361
-0.103052 0.0250704 0.994359 38.8986 0.019417 0.999543 -0.0231887 -1.3405 -0.994486 0.0169178 -0.103492 84.9581
-0.103052 0.0250704 0.994359 40.5745 0.019417 0.999543 -0.0231887 -1.39747 -0.994486 0.0169178 -0.103492 84.773
-0.103052 0.0250704 0.994359 42.2965 0.019417 0.999543 -0.0231887 -1.45194 -0.994486 0.0169178 -0.103492 84.5965
-0.103052 0.0250704 0.994359 44.9319 0.019417 0.999543 -0.0231887 -1.52406 -0.994486 0.0169178 -0.103492 84.3582
-0.103052 0.0250704 0.994359 46.7195 0.019417 0.999543 -0.0231887 -1.58234 -0.994486 0.0169178 -0.103492 84.1952
-0.103052 0.0250704 0.994359 48.4984 0.019417 0.999543 -0.0231887 -1.6399 -0.994486 0.0169178 -0.103492 84.0136
-0.123789 0.0256364 0.991977 51.1579 0.00428874 0.999671 -0.0253 -1.73664 -0.992299 0.00112246 -0.123859 83.7347
-0.172436 0.0330595 0.984465 53.7896 -0.00308483 0.999414 -0.0341018 -1.84077 -0.985015 -0.00891732 -0.172233 83.3528
-0.212203 0.0259187 0.976881 55.5417 0.00240825 0.999659 -0.0259999 -1.91045 -0.977222 -0.00316469 -0.212193 82.983
-0.274321 0.0282492 0.961224 58.0913 0.0142248 0.999578 -0.0253168 -2.01119 -0.961533 0.00672827 -0.274607 82.2998
-0.312792 0.027108 0.949435 59.7491 0.0223194 0.999526 -0.0211851 -2.08157 -0.949559 0.0145643 -0.313249 81.7607
-0.355232 0.0290174 0.934327 62.1821 0.0323156 0.999302 -0.0187489 -2.15951 -0.934219 0.0235332 -0.355922 80.8424
-0.371714 0.00969444 0.928297 63.819 0.0329395 0.999454 0.00275226 -2.18832 -0.927763 0.0316006 -0.371831 80.1896
-0.378254 0.0256406 0.925347 66.2861 0.0377705 0.999211 -0.0122479 -2.21585 -0.924932 0.030318 -0.378924 79.1914
-0.378254 0.0256406 0.925347 68.7652 0.0377705 0.999211 -0.0122479 -2.28805 -0.924932 0.030318 -0.378924 78.1858
-0.384855 0.0168676 0.922822 70.4546 0.038518 0.999255 -0.00220105 -2.31781 -0.922172 0.0346982 -0.385218 77.48
-0.399582 0.015054 0.916573 72.1568 0.0382691 0.999267 0.000271319 -2.34136 -0.915897 0.0351849 -0.399865 76.7531
-0.423743 0.0206185 0.905547 73.851 0.0396742 0.999204 -0.00418571 -2.35892 -0.904912 0.0341532 -0.424224 75.9755
-0.450642 0.0268107 0.892301 75.5473 0.0398893 0.999155 -0.00987583 -2.39004 -0.891813 0.0311429 -0.451331 75.1274
-0.480069 0.0382423 0.876398 78.0808 0.0440077 0.998841 -0.019479 -2.45335 -0.876127 0.029217 -0.481196 73.7624
-0.487195 0.032408 0.872692 79.8022 0.0459264 0.998879 -0.0114549 -2.49679 -0.872086 0.0344988 -0.488137 72.8074
-0.487195 0.032408 0.872692 81.5271 0.0459264 0.998879 -0.0114549 -2.53642 -0.872086 0.0344988 -0.488137 71.8372
-0.487195 0.032408 0.872692 83.2556 0.0459264 0.998879 -0.0114549 -2.57965 -0.872086 0.0344988 -0.488137 70.8721
-0.487195 0.032408 0.872692 84.9665 0.0459264 0.998879 -0.0114549 -2.62494 -0.872086 0.0344988 -0.488137 69.9327
-0.498712 0.0282096 0.866311 86.6868 0.0375029 0.999237 -0.0109487 -2.67624 -0.865958 0.0270289 -0.499389 68.9814
-0.527875 0.018414 0.849122 89.1713 0.0304992 0.999531 -0.0027153 -2.73563 -0.848774 0.0244642 -0.528189 67.4999
-0.56332 0.0157546 0.826088 91.5562 0.026431 0.99965 -0.00104099 -2.78618 -0.825815 0.0212479 -0.56354 65.9318
-0.600455 0.0184228 0.799446 93.8514 0.0244046 0.999691 -0.00470737 -2.83798 -0.799286 0.0166836 -0.600719 64.2658
-0.624199 0.0163686 0.781094 95.323 0.0252465 0.999681 -0.000773991 -2.87132 -0.780857 0.0192368 -0.624413 63.1077
-0.645201 0.0188634 0.763779 96.7391 0.0293357 0.99957 9.44416e-05 -2.89721 -0.763448 0.0224669 -0.645477 61.9174
-0.658841 0.0240102 0.7519 98.1177 0.0372173 0.999307 0.000700513 -2.91834 -0.751362 0.0284452 -0.659278 60.7044
-0.66504 0.0271142 0.746317 99.4642 0.0422922 0.999104 0.00138819 -2.94288 -0.745611 0.0324866 -0.665591 59.5049
-0.66504 0.0271142 0.746317 100.779 0.0422922 0.999104 0.00138819 -2.9662 -0.745611 0.0324866 -0.665591 58.3299
-0.66504 0.0271142 0.746317 102.056 0.0422922 0.999104 0.00138819 -2.98395 -0.745611 0.0324866 -0.665591 57.2165
-0.655195 0.0288909 0.754908 103.261 0.0456219 0.998958 0.001365 -3.01097 -0.754082 0.0353346 -0.65583 56.1699
-0.645727 0.0276183 0.763068 104.422 0.0451858 0.998976 0.0020807 -3.03997 -0.76223 0.0358234 -0.646314 55.2023
-0.635836 0.0280469 0.771314 106.047 0.0447774 0.998997 0.000586553 -3.07041 -0.770523 0.0349104 -0.636454 53.8666
-0.643307 0.0424794 0.76443 108.139 0.0512824 0.998608 -0.012336 -3.1263 -0.76389 0.031266 -0.64459 52.1176
-0.660585 0.0229484 0.7504 110.165 0.0455955 0.998914 0.00958987 -3.16947 -0.749365 0.0405498 -0.660914 50.368
-0.670675 0.0291691 0.741177 112.176 0.0384632 0.99925 -0.00452095 -3.18601 -0.740753 0.025476 -0.671294 48.5856
-0.670675 0.0291691 0.741177 113.737 0.0384632 0.99925 -0.00452095 -3.21698 -0.740753 0.025476 -0.671294 47.1733
-0.660565 0.0178159 0.750558 115.375 0.041168 0.999074 0.012517 -3.22477 -0.74964 0.0391672 -0.660687 45.7088
-0.641207 0.0149081 0.767222 117.105 0.0338059 0.999389 0.00883396 -3.22042 -0.766622 0.0316011 -0.64132 44.2805
-0.630213 0.00585405 0.776402 118.33 0.0205508 0.999747 0.00914321 -3.22837 -0.776152 0.0217178 -0.630174 43.3256
-0.624512 0.00581239 0.780996 119.583 0.00221955 0.999981 -0.00566732 -3.22763 -0.781014 -0.00180584 -0.624513 42.3674
-0.620932 0.00268532 0.783861 120.872 -0.00719373 0.999932 -0.00912401 -3.24572 -0.783833 -0.0113043 -0.620871 41.3856
-0.620932 0.00268532 0.783861 122.197 -0.00719373 0.999932 -0.00912401 -3.26549 -0.783833 -0.0113043 -0.620871 40.3524
-0.620932 0.00268532 0.783861 123.56 -0.00719373 0.999932 -0.00912401 -3.29333 -0.783833 -0.0113043 -0.620871 39.2768
-0.620932 0.00268532 0.783861 124.956 -0.00719373 0.999932 -0.00912401 -3.32444 -0.783833 -0.0113043 -0.620871 38.1857
-0.620932 0.00268532 0.783861 126.362 -0.00719373 0.999932 -0.00912401 -3.34803 -0.783833 -0.0113043 -0.620871 37.0446
-0.620932 0.00268532 0.783861 127.838 -0.00719373 0.999932 -0.00912401 -3.37546 -0.783833 -0.0113043 -0.620871 35.8982
-0.624975 -0.00667291 0.780619 130.089 -0.0106011 0.999944 6.03746e-05 -3.42345 -0.780575 -0.00823768 -0.625011 34.1211
-0.627064 -0.0153463 0.778819 133.122 -0.0219512 0.999757 0.00202583 -3.44769 -0.778661 -0.0158257 -0.627249 31.72
-0.627064 -0.0153463 0.778819 134.638 -0.0219512 0.999757 0.00202583 -3.46652 -0.778661 -0.0158257 -0.627249 30.5325
-0.618683 -0.0049805 0.785627 136.907 -0.00600223 0.999981 0.00161265 -3.50221 -0.78562 -0.00371779 -0.618701 28.7226
-0.61345 0.00789659 0.789695 138.426 0.0123734 0.999923 -0.000386883 -3.51619 -0.789638 0.0095339 -0.6135 27.5218
-0.61345 0.00789659 0.789695 139.932 0.0123734 0.999923 -0.000386883 -3.54133 -0.789638 0.0095339 -0.6135 26.3759
-0.615135 -0.0032266 0.788417 141.438 0.00480461 0.999958 0.00784096 -3.56482 -0.788409 0.00861127 -0.615094 25.2195
-0.615135 -0.0032266 0.788417 142.944 0.00480461 0.999958 0.00784096 -3.57256 -0.788409 0.00861127 -0.615094 24.0554
-0.615135 -0.0032266 0.788417 144.423 0.00480461 0.999958 0.00784096 -3.58172 -0.788409 0.00861127 -0.615094 22.9221
-0.618745 0.00397501 0.785582 145.902 0.0011458 0.999991 -0.00415745 -3.59503 -0.785592 -0.00167228 -0.618744 21.7807
-0.620403 0.00166292 0.784283 147.378 0.0069169 0.99997 0.00335132 -3.61471 -0.784254 0.00750397 -0.620397 20.623
-0.620403 0.00166292 0.784283 148.834 0.0069169 0.99997 0.00335132 -3.62563 -0.784254 0.00750397 -0.620397 19.4785
-0.618601 0.00829706 0.785663 150.263 0.00404556 0.999965 -0.00737491 -3.64318 -0.785697 -0.00138367 -0.618613 18.3576
-0.618601 0.00829706 0.785663 151.677 0.00404556 0.999965 -0.00737491 -3.67674 -0.785697 -0.00138367 -0.618613 17.2634
-0.618601 0.00829706 0.785663 153.714 0.00404556 0.999965 -0.00737491 -3.73514 -0.785697 -0.00138367 -0.618613 15.6622
-0.628254 0.0166741 0.777832 155.624 0.0135706 0.999853 -0.0104726 -3.79701 -0.777893 0.00397616 -0.628388 14.1387
-0.640943 0.00597186 0.767567 157.387 0.0137997 0.999898 0.00374368 -3.84251 -0.767466 0.0129916 -0.64096 12.7054
-0.645461 0.0237635 0.763426 158.432 0.0199269 0.9997 -0.0142704 -3.86603 -0.763536 0.00600177 -0.64574 11.8149
-0.637321 0.0347614 0.769814 159.862 0.0401989 0.999122 -0.0118357 -3.91313 -0.76955 0.0234026 -0.638159 10.5934
-0.583849 0.0474348 0.810474 161.251 0.062104 0.997976 -0.0136702 -3.97431 -0.809482 0.0423524 -0.585614 9.5266
-0.443058 0.0436524 0.895429 163.239 0.0600449 0.998016 -0.0189433 -4.04261 -0.89448 0.045373 -0.4448 8.45793
-0.282062 0.0567886 0.957714 165.334 0.0564417 0.9975 -0.0425248 -4.14368 -0.957734 0.0420604 -0.284562 7.76975
-0.164653 0.0435466 0.98539 167.058 0.0427176 0.998402 -0.0369839 -4.22255 -0.985427 0.036004 -0.16625 7.50503
-0.0786129 0.0317065 0.9964 168.853 0.0261268 0.999216 -0.0297347 -4.29469 -0.996562 0.0236952 -0.0793797 7.39554
-0.0408981 0.0281318 0.998768 170.709 -0.00299763 0.999596 -0.0282779 -4.37552 -0.99916 -0.00415042 -0.0407972 7.37884
-0.0370939 0.0308152 0.998837 172.636 -0.0106538 0.999455 -0.0312299 -4.4422 -0.999255 -0.0117998 -0.0367454 7.32186
-0.0505667 0.0259209 0.998383 174.62 -0.0106251 0.999593 -0.0264904 -4.523 -0.998663 -0.0119475 -0.0502706 7.23431
-0.0759294 0.0457798 0.996062 177.34 -0.00977789 0.998863 -0.0466539 -4.64257 -0.997065 -0.0132818 -0.0753955 7.05931
-0.0960677 0.0309235 0.994893 179.475 -0.0187036 0.999285 -0.032866 -4.7461 -0.995198 -0.0217655 -0.0954206 6.8872
-0.106435 0.0395957 0.99353 181.639 -0.0105944 0.999105 -0.0409529 -4.84589 -0.994262 -0.0148847 -0.10592 6.65914
-0.106435 0.0395957 0.99353 183.117 -0.0105944 0.999105 -0.0409529 -4.91178 -0.994262 -0.0148847 -0.10592 6.51194
-0.106435 0.0395957 0.99353 184.615 -0.0105944 0.999105 -0.0409529 -4.98178 -0.994262 -0.0148847 -0.10592 6.36526
-0.106435 0.0395957 0.99353 186.125 -0.0105944 0.999105 -0.0409529 -5.06188 -0.994262 -0.0148847 -0.10592 6.21122
-0.106435 0.0395957 0.99353 186.885 -0.0105944 0.999105 -0.0409529 -5.0967 -0.994262 -0.0148847 -0.10592 6.13857
-0.106435 0.0395957 0.99353 188.424 -0.0105944 0.999105 -0.0409529 -5.16985 -0.994262 -0.0148847 -0.10592 5.99977
-0.105078 0.0465088 0.993376 189.954 -0.00420033 0.998876 -0.0472106 -5.25772 -0.994456 -0.00913329 -0.104765 5.84063
-0.105663 0.0515384 0.993065 191.485 -0.0109619 0.998535 -0.0529886 -5.33561 -0.994341 -0.0164849 -0.104943 5.68764
-0.105663 0.0515384 0.993065 193.059 -0.0109619 0.998535 -0.0529886 -5.43181 -0.994341 -0.0164849 -0.104943 5.52746
-0.108801 0.0580721 0.992367 194.611 -0.0155292 0.998071 -0.0601086 -5.53002 -0.993943 -0.0219504 -0.107689 5.36571
-0.108801 0.0580721 0.992367 196.2 -0.0155292 0.998071 -0.0601086 -5.63321 -0.993943 -0.0219504 -0.107689 5.19833
-0.114417 0.0562314 0.99184 198.633 -0.0084532 0.998306 -0.0575731 -5.80777 -0.993396 -0.0149716 -0.113748 4.92227
-0.11474 0.0481989 0.992226 201.079 0.000947472 0.998827 -0.04841 -5.96392 -0.993396 -0.00461445 -0.114651 4.63042
-0.11249 0.0518505 0.992299 203.573 0.0111639 0.998641 -0.0509163 -6.11362 -0.99359 0.00535035 -0.112916 4.34513
-0.11249 0.0518505 0.992299 205.247 0.0111639 0.998641 -0.0509163 -6.21576 -0.99359 0.00535035 -0.112916 4.17502
-0.11249 0.0518505 0.992299 206.911 0.0111639 0.998641 -0.0509163 -6.31749 -0.99359 0.00535035 -0.112916 4.00185
-0.109615 0.0691409 0.991567 208.559 0.00949213 0.997605 -0.0685126 -6.43368 -0.993929 0.00190209 -0.110008 3.83524
-0.106971 0.0579053 0.992575 210.225 0.00306779 0.998317 -0.0579097 -6.55217 -0.994258 -0.00314966 -0.106969 3.67081
-0.106971 0.0579053 0.992575 212.748 0.00306779 0.998317 -0.0579097 -6.70996 -0.994258 -0.00314966 -0.106969 3.41447
-0.106971 0.0579053 0.992575 215.265 0.00306779 0.998317 -0.0579097 -6.8824 -0.994258 -0.00314966 -0.106969 3.15895
-0.107223 0.0546549 0.992732 217.827 0.0113416 0.99849 -0.0537469 -7.05419 -0.994171 0.00549629 -0.107681 2.88264
-0.103897 0.0612294 0.992701 220.39 0.019798 0.998033 -0.0594862 -7.22266 -0.99439 0.013473 -0.104905 2.60219
-0.103897 0.0612294 0.992701 223.032 0.019798 0.998033 -0.0594862 -7.39253 -0.99439 0.013473 -0.104905 2.33983
-0.106219 0.0616437 0.99243 225.685 0.00987128 0.998093 -0.0609389 -7.58451 -0.994294 0.00332368 -0.106625 2.08039
-0.106219 0.0616437 0.99243 227.483 0.00987128 0.998093 -0.0609389 -7.69833 -0.994294 0.00332368 -0.106625 1.88899
-0.110145 0.069874 0.991455 230.141 0.0204316 0.997474 -0.0680283 -7.89827 -0.993704 0.012764 -0.111295 1.59353
-0.115373 0.0547461 0.991812 232.811 0.0111551 0.998489 -0.053817 -8.11277 -0.993259 0.00485472 -0.115809 1.31942
-0.115373 0.0547461 0.991812 234.59 0.0111551 0.998489 -0.053817 -8.23441 -0.993259 0.00485472 -0.115809 1.12344
-0.115806 0.0663972 0.99105 236.358 0.0100366 0.997791 -0.065676 -8.36647 -0.993221 0.00234106 -0.116217 0.932133
-0.115806 0.0663972 0.99105 238.124 0.0100366 0.997791 -0.065676 -8.5048 -0.993221 0.00234106 -0.116217 0.725043
-0.115806 0.0663972 0.99105 239.893 0.0100366 0.997791 -0.065676 -8.64614 -0.993221 0.00234106 -0.116217 0.53489
-0.111968 0.0767119 0.990746 241.632 0.0102051 0.997052 -0.0760468 -8.78783 -0.993659 0.00159589 -0.112421 0.34946
-0.107702 0.0638501 0.992129 243.368 0.0118818 0.997947 -0.0629345 -8.93606 -0.994111 0.00501003 -0.108239 0.166536
-0.103893 0.0743278 0.991807 245.084 0.0112623 0.997228 -0.0735543 -9.07142 -0.994524 0.00352818 -0.104443 -0.010279
-0.103893 0.0743278 0.991807 246.806 0.0112623 0.997228 -0.0735543 -9.21933 -0.994524 0.00352818 -0.104443 -0.189798
-0.0985737 0.0641494 0.99306 249.316 0.00978866 0.997934 -0.0634926 -9.42624 -0.995082 0.00346203 -0.098998 -0.413604
-0.0985737 0.0641494 0.99306 250.946 0.00978866 0.997934 -0.0634926 -9.5671 -0.995082 0.00346203 -0.098998 -0.571189
-0.0985737 0.0641494 0.99306 252.515 0.00978866 0.997934 -0.0634926 -9.68614 -0.995082 0.00346203 -0.098998 -0.720834
-0.0993983 0.0532496 0.993622 254.057 0.00775006 0.998578 -0.05274 -9.80798 -0.995017 0.00245836 -0.0996697 -0.865921
-0.100145 0.0624924 0.993009 255.515 0.00653853 0.998045 -0.06215 -9.91999 -0.994952 0.000268876 -0.100358 -1.00695
-0.100145 0.0624924 0.993009 256.925 0.00653853 0.998045 -0.06215 -10.0281 -0.994952 0.000268876 -0.100358 -1.14826
-0.108056 0.0610798 0.992267 258.312 0.0114251 0.998121 -0.0601961 -10.1304 -0.994079 0.00483219 -0.10855 -1.29685
-0.123257 0.0628696 0.990381 259.638 0.0116727 0.998014 -0.0619014 -10.2367 -0.992306 0.00393069 -0.123746 -1.45462
-0.14416 0.0640421 0.987479 260.903 0.0151033 0.99793 -0.0625149 -10.3316 -0.989439 0.00590208 -0.144829 -1.64441
-0.168209 0.0589279 0.983989 262.139 0.0248538 0.998148 -0.0555272 -10.4202 -0.985438 0.0151157 -0.169362 -1.86095
-0.190652 0.0498579 0.980391 263.303 0.0332314 0.998465 -0.0443147 -10.5065 -0.981095 0.0241311 -0.192016 -2.1118
-0.211705 0.049478 0.976081 264.397 0.0423965 0.998242 -0.0414059 -10.5798 -0.976414 0.0326166 -0.21343 -2.36684
-0.248498 0.0600952 0.966767 266.338 0.058223 0.997196 -0.0470211 -10.6965 -0.966881 0.0446034 -0.2513 -2.88138
-0.259345 0.0603199 0.9639 268.288 0.0700441 0.996594 -0.04352 -10.8314 -0.963242 0.0562288 -0.262687 -3.43698
-0.162856 0.0692473 0.984217 270.286 0.0627249 0.996243 -0.0597145 -10.9698 -0.984654 0.0520101 -0.166587 -3.82883
0.0347314 0.0545719 0.997906 271.813 0.0390984 0.997669 -0.0559197 -11.0705 -0.998631 0.0409587 0.0325168 -3.73479
0.272786 0.0579395 0.960328 273.016 0.00631933 0.998055 -0.0620108 -11.1783 -0.962054 0.0229843 0.27189 -3.3108
0.496555 0.0568136 0.866144 274.023 0.0104068 0.997394 -0.071389 -11.2641 -0.867943 0.0444623 0.49467 -2.70579
0.702537 0.0669345 0.708493 274.929 -0.0221706 0.997142 -0.0722203 -11.3622 -0.711302 0.0350297 0.702013 -1.66138
0.820449 0.0691257 0.567526 275.526 -0.0448123 0.997385 -0.0567001 -11.4322 -0.569961 0.0210874 0.821401 -0.608892
0.896574 0.0844191 0.434774 276.037 -0.0688404 0.996298 -0.0514891 -11.4952 -0.437511 0.0162338 0.899067 0.61591
0.945678 0.0957409 0.310687 276.664 -0.0848555 0.995217 -0.0483991 -11.5863 -0.313835 0.0194064 0.949279 2.56735
0.966224 0.0947576 0.239651 277.084 -0.0869484 0.995285 -0.042976 -11.6614 -0.242593 0.0206871 0.969908 4.29168
0.980603 0.0977631 0.169885 277.397 -0.0914806 0.994815 -0.0444425 -11.7444 -0.173349 0.0280392 0.984461 6.21025
0.98658 0.10816 0.122318 277.643 -0.10293 0.993514 -0.0483195 -11.8167 -0.126751 0.0350809 0.991314 8.31873
0.99079 0.0992653 0.092094 277.861 -0.0969422 0.994856 -0.029376 -11.9184 -0.0945364 0.0201777 0.995317 10.6061
0.9907 0.110151 0.0798785 278.028 -0.107602 0.993558 -0.0355606 -11.9947 -0.0832809 0.0266348 0.99617 13.0508
0.9907 0.110151 0.0798785 278.152 -0.107602 0.993558 -0.0355606 -12.0642 -0.0832809 0.0266348 0.99617 14.7705
0.9907 0.110151 0.0798785 278.293 -0.107602 0.993558 -0.0355606 -12.1357 -0.0832809 0.0266348 0.99617 16.5594
0.990912 0.103276 0.0861776 278.452 -0.10143 0.994515 -0.0255434 -12.2011 -0.0883429 0.0165703 0.995952 18.4034
0.990912 0.103276 0.0861776 278.615 -0.10143 0.994515 -0.0255434 -12.2643 -0.0883429 0.0165703 0.995952 20.2725
0.99102 0.097902 0.0910777 278.786 -0.0950566 0.994854 -0.0350818 -12.3385 -0.0940435 0.0261092 0.995226 22.1581
0.99102 0.097902 0.0910777 278.968 -0.0950566 0.994854 -0.0350818 -12.4187 -0.0940435 0.0261092 0.995226 24.0757
0.991563 0.0888181 0.0944195 279.156 -0.0873358 0.995984 -0.019725 -12.4944 -0.0957922 0.0113124 0.995337 26.0347
0.991563 0.0888181 0.0944195 279.421 -0.0873358 0.995984 -0.019725 -12.5817 -0.0957922 0.0113124 0.995337 28.9971
0.991563 0.0888181 0.0944195 279.678 -0.0873358 0.995984 -0.019725 -12.6771 -0.0957922 0.0113124 0.995337 31.9915
0.990772 0.0978552 0.0937785 279.926 -0.0968714 0.995184 -0.0149972 -12.7488 -0.0947944 0.0057744 0.99548 35.0528
0.990228 0.103741 0.0932025 280.09 -0.103961 0.994578 -0.00250274 -12.7925 -0.0929568 -0.00721119 0.995644 37.0874
0.990228 0.103741 0.0932025 280.254 -0.103961 0.994578 -0.00250274 -12.826 -0.0929568 -0.00721119 0.995644 39.1035
0.990228 0.103741 0.0932025 280.429 -0.103961 0.994578 -0.00250274 -12.8555 -0.0929568 -0.00721119 0.995644 41.1235
0.990541 0.100389 0.093547 280.608 -0.0996911 0.994945 -0.0121126 -12.8882 -0.09429 0.00267222 0.995541 43.1246
0.989769 0.104258 0.0974081 280.789 -0.104537 0.994518 -0.00224622 -12.9226 -0.0971083 -0.00795955 0.995242 45.1512
0.988053 0.113712 0.104026 281.069 -0.113442 0.993508 -0.0085237 -12.9727 -0.10432 -0.00337914 0.994538 48.1655
0.987002 0.114867 0.112398 281.373 -0.116206 0.99321 0.00541542 -13.006 -0.111013 -0.0184064 0.993649 51.1989
0.988895 0.100207 0.109754 281.608 -0.100102 0.994956 -0.00647665 -13.031 -0.10985 -0.00458193 0.993938 53.2342
0.989479 0.101687 0.102913 281.904 -0.10277 0.994691 0.00526156 -13.0715 -0.101832 -0.0157826 0.994676 56.2777
0.989147 0.110528 0.09681 282.07 -0.110254 0.99387 -0.00818764 -13.0924 -0.0971215 -0.00257494 0.995269 58.2982
0.98939 0.11275 0.0916187 282.245 -0.111777 0.993609 -0.0157016 -13.131 -0.0928036 0.00529417 0.99567 60.3175
0.989374 0.113945 0.090307 282.416 -0.114103 0.993463 -0.003433 -13.1778 -0.0901078 -0.00690774 0.995908 62.3215
0.989374 0.113945 0.090307 282.577 -0.114103 0.993463 -0.003433 -13.2095 -0.0901078 -0.00690774 0.995908 64.3313
0.989374 0.113945 0.090307 282.744 -0.114103 0.993463 -0.003433 -13.2402 -0.0901078 -0.00690774 0.995908 66.3428
0.989374 0.113945 0.090307 282.924 -0.114103 0.993463 -0.003433 -13.2641 -0.0901078 -0.00690774 0.995908 68.3589
0.990077 0.106149 0.0920904 283.187 -0.105005 0.994323 -0.0171895 -13.3319 -0.0933922 0.00734894 0.995602 71.3373
0.990171 0.10062 0.0971484 283.372 -0.101424 0.994838 0.00335946 -13.3733 -0.0963088 -0.0131796 0.995264 73.372
0.990171 0.10062 0.0971484 283.561 -0.101424 0.994838 0.00335946 -13.3946 -0.0963088 -0.0131796 0.995264 75.3632
0.989622 0.103994 0.0991685 283.744 -0.102615 0.994541 -0.0189162 -13.4227 -0.100594 0.00854365 0.994891 77.3446
0.98909 0.101368 0.106894 283.946 -0.101831 0.994801 -0.00112858 -13.4691 -0.106453 -0.0097689 0.99427 79.357
0.988794 0.0964888 0.113917 284.167 -0.0980393 0.99515 0.00807447 -13.491 -0.112585 -0.0191523 0.993458 81.361
0.98793 0.0968319 0.120908 284.391 -0.0969527 0.995277 -0.00489774 -13.511 -0.120811 -0.00688373 0.992652 83.3482
0.986577 0.0958368 0.132214 284.632 -0.095793 0.995379 -0.00670649 -13.5382 -0.132246 -0.00604871 0.991198 85.3435
0.984785 0.095251 0.145347 284.907 -0.0957459 0.995399 -0.00360256 -13.5713 -0.145022 -0.0103687 0.989374 87.3212
0.984142 0.0836254 0.156432 285.223 -0.0851196 0.996367 0.00286501 -13.6057 -0.155624 -0.016135 0.987685 89.2947
0.982084 0.0819981 0.16967 285.706 -0.0830528 0.996545 -0.000883562 -13.6368 -0.169156 -0.0132239 0.985501 92.2051
0.980494 0.0872985 0.176097 286.029 -0.0873636 0.996149 -0.00739819 -13.6668 -0.176065 -0.00813059 0.984345 94.1333
0.980494 0.0872985 0.176097 286.351 -0.0873636 0.996149 -0.00739819 -13.7004 -0.176065 -0.00813059 0.984345 96.0515
0.982723 0.0713455 0.170779 286.85 -0.0717603 0.997415 -0.00375044 -13.763 -0.170605 -0.00856949 0.985302 98.9061
0.982723 0.0713455 0.170779 287.155 -0.0717603 0.997415 -0.00375044 -13.7918 -0.170605 -0.00856949 0.985302 100.785
0.984209 0.069901 0.162625 287.458 -0.0687475 0.997553 -0.0127165 -13.8282 -0.163116 0.00133563 0.986606 102.641
0.984209 0.069901 0.162625 287.755 -0.0687475 0.997553 -0.0127165 -13.8732 -0.163116 0.00133563 0.986606 104.481
0.985601 0.052375 0.160772 288.082 -0.0537201 0.998548 0.00402849 -13.912 -0.160327 -0.0126072 0.986983 106.317
0.986317 0.0385577 0.160285 288.39 -0.0404692 0.999143 0.00867707 -13.9369 -0.159813 -0.0150449 0.987033 108.095
0.985947 0.0406987 0.162026 288.678 -0.0404785 0.99917 -0.00466128 -13.9503 -0.162081 -0.00196281 0.986775 109.822
0.985947 0.0406987 0.162026 288.956 -0.0404785 0.99917 -0.00466128 -13.9721 -0.162081 -0.00196281 0.986775 111.523
0.983148 0.0393186 0.178534 289.376 -0.0398696 0.999205 -0.000502253 -14.0201 -0.178412 -0.00662429 0.983934 113.96
0.978422 0.0365752 0.203354 289.842 -0.0357075 0.999331 -0.0079353 -14.0749 -0.203508 0.000502796 0.979073 116.268
0.971668 0.0454121 0.231945 290.327 -0.0449569 0.998963 -0.00725062 -14.13 -0.232033 -0.00338232 0.972702 118.419
0.964453 0.0599719 0.257361 290.8 -0.055178 0.998143 -0.0258159 -14.1882 -0.258431 0.0106976 0.96597 120.33
0.960099 0.0461552 0.275825 291.459 -0.0468588 0.998893 -0.00404237 -14.2737 -0.275706 -0.00904372 0.9612 122.613
0.963369 0.0468659 0.264052 292.053 -0.0428385 0.998861 -0.020993 -14.3308 -0.264735 0.00891243 0.96428 124.703
0.983197 0.0355187 0.179061 292.611 -0.0360148 0.999351 -0.000480076 -14.3946 -0.178961 -0.00597683 0.983838 127.352
0.999273 0.0341579 -0.0169489 292.732 -0.0343169 0.999369 -0.00917869 -14.4242 0.0166246 0.00975365 0.999814 129.984
