0.83138 -0.0182526 0.555404 -91.433 0.0277298 0.999578 -0.00865874 0.541616 -0.555012 0.0226 0.831536 219.764
0.902323 -0.0127236 0.430872 -90.7983 0.0200987 0.999719 -0.0125687 0.513203 -0.430591 0.020001 0.902325 221.157
0.962921 0.0184504 0.269153 -90.1412 -0.0182972 0.999828 -0.0030781 0.45696 -0.269163 -0.00196076 0.963093 223.569
0.971765 0.0351272 0.233319 -89.4655 -0.0346763 0.99938 -0.00603549 0.406256 -0.233387 -0.00222558 0.972381 226.561
0.93844 0.0215855 0.344766 -88.576 -0.023848 0.999713 0.00232231 0.346769 -0.344617 -0.0104014 0.938686 229.358
0.76049 0.0162935 0.649145 -86.946 -0.0121895 0.999867 -0.0108163 0.30572 -0.649235 0.000312991 0.760588 231.7
0.535417 -0.00719234 0.844557 -85.3357 0.0129809 0.999916 0.000285991 0.271047 -0.844488 0.01081 0.535465 232.728
0.403893 -0.00255413 0.914802 -84.312 0.0099881 0.999949 -0.00161797 0.278519 -0.914751 0.00979063 0.403898 233.124
0.245232 -0.0105344 0.969407 -82.7675 0.0101667 0.999914 0.00829401 0.267926 -0.969411 0.00782175 0.245318 233.501
0.140062 -0.00140846 0.990141 -81.0384 0.014851 0.999889 -0.000678434 0.256555 -0.99003 0.0147996 0.140068 233.714
0.0787449 0.0110172 0.996834 -79.0482 0.0133748 0.999837 -0.0121069 0.239361 -0.996805 0.0142858 0.0785847 233.885
0.0563147 0.00628066 0.998393 -77.3691 0.0226372 0.999715 -0.00756583 0.218579 -0.998156 0.0230269 0.0561564 233.965
0.0563147 0.00628066 0.998393 -75.5533 0.0226372 0.999715 -0.00756583 0.195351 -0.998156 0.0230269 0.0561564 234.065
0.048509 0.011576 0.998755 -72.901 0.0206077 0.999708 -0.0125879 0.165034 -0.99861 0.0211926 0.0482563 234.21
0.0390037 0.0141782 0.999138 -69.9957 0.0171127 0.999743 -0.0148548 0.119448 -0.999092 0.0176773 0.038751 234.343
0.0390037 0.0141782 0.999138 -67.6796 0.0171127 0.999743 -0.0148548 0.0670155 -0.999092 0.0176773 0.038751 234.427
0.0307871 0.0134573 0.999435 -64.4829 0.0222965 0.999651 -0.014147 -0.00744059 -0.999277 0.0227194 0.0304763 234.524
0.0307871 0.0134573 0.999435 -62.8488 0.0222965 0.999651 -0.014147 -0.0520066 -0.999277 0.0227194 0.0304763 234.577
0.0255422 0.0207224 0.999458 -60.3285 0.0176534 0.99962 -0.0211769 -0.113577 -0.999517 0.0181848 0.0251667 234.66
0.0255422 0.0207224 0.999458 -57.7257 0.0176534 0.99962 -0.0211769 -0.186095 -0.999517 0.0181848 0.0251667 234.733
0.0348969 0.0170093 0.999246 -55.0904 0.0255132 0.999514 -0.0179048 -0.263704 -0.999065 0.0261188 0.034446 234.808
0.0432458 0.0226681 0.998806 -52.4576 0.0237412 0.999437 -0.0237103 -0.351944 -0.998781 0.0247382 0.0426833 234.931
0.0432458 0.0226681 0.998806 -50.7064 0.0237412 0.999437 -0.0237103 -0.417741 -0.998781 0.0247382 0.0426833 235.014
0.0432458 0.0226681 0.998806 -48.9549 0.0237412 0.999437 -0.0237103 -0.47679 -0.998781 0.0247382 0.0426833 235.104
0.0486782 0.0130209 0.99873 -46.3481 0.0269393 0.999534 -0.0143445 -0.561513 -0.998452 0.0276034 0.0483047 235.233
0.0516069 0.0324396 0.998141 -43.8064 0.0272739 0.999054 -0.0338795 -0.648487 -0.998295 0.0289716 0.0506733 235.374
0.050185 0.0137119 0.998646 -41.271 0.0278692 0.999497 -0.0151241 -0.74522 -0.998352 0.0285905 0.0497777 235.502
0.0516317 0.0216021 0.998434 -38.7887 0.0349186 0.999116 -0.0234226 -0.82748 -0.998057 0.0360733 0.0508317 235.626
0.0516317 0.0216021 0.998434 -37.1396 0.0349186 0.999116 -0.0234226 -0.88979 -0.998057 0.0360733 0.0508317 235.722
0.0516317 0.0216021 0.998434 -34.7422 0.0349186 0.999116 -0.0234226 -0.98302 -0.998057 0.0360733 0.0508317 235.847
0.0516317 0.0216021 0.998434 -31.5856 0.0349186 0.999116 -0.0234226 -1.09542 -0.998057 0.0360733 0.0508317 236.03
0.0516317 0.0216021 0.998434 -28.5773 0.0349186 0.999116 -0.0234226 -1.21339 -0.998057 0.0360733 0.0508317 236.214
0.0530824 0.0257095 0.998259 -25.7573 0.0234953 0.99936 -0.0269872 -1.32512 -0.998313 0.0248869 0.0524444 236.394
0.0530824 0.0257095 0.998259 -23.6963 0.0234953 0.99936 -0.0269872 -1.40335 -0.998313 0.0248869 0.0524444 236.515
0.0530824 0.0257095 0.998259 -21.6894 0.0234953 0.99936 -0.0269872 -1.48651 -0.998313 0.0248869 0.0524444 236.609
0.046203 0.0316159 0.998432 -19.8083 0.0230418 0.999199 -0.0327065 -1.5719 -0.998666 0.0245168 0.0454376 236.705
0.0289262 0.0284266 0.999177 -17.5545 0.0210359 0.999357 -0.0290407 -1.67784 -0.99936 0.0218586 0.0283097 236.791
-0.00991246 0.0264565 0.9996 -15.1481 0.0220553 0.999413 -0.0262328 -1.7955 -0.999707 0.0217865 -0.0104901 236.786
-0.0588298 0.0240624 0.997978 -13.1598 0.0235625 0.999464 -0.0227092 -1.87702 -0.99799 0.0221789 -0.0593652 236.682
-0.142156 0.0204058 0.989633 -11.1109 0.0404876 0.999071 -0.0147845 -1.96349 -0.989015 0.0379661 -0.14285 236.392
-0.294157 0.0310713 0.955252 -9.27819 0.0503384 0.998588 -0.0169798 -2.01996 -0.954431 0.0430912 -0.295306 235.842
-0.52283 0.046164 0.851185 -7.50324 0.0518522 0.998406 -0.0222988 -2.07345 -0.850857 0.0324773 -0.52439 234.866
-0.675531 0.0410807 0.736188 -6.48018 0.0421892 0.998964 -0.0170311 -2.10463 -0.736126 0.0195541 -0.676564 233.94
-0.786709 0.0455185 0.615644 -5.76336 0.0467055 0.998808 -0.014165 -2.11053 -0.615555 0.0176102 -0.787898 232.948
-0.854146 0.0496053 0.517663 -5.34377 0.0487938 0.998693 -0.0151903 -2.11394 -0.51774 0.012284 -0.85545 232.166
-0.932091 0.0497216 0.358791 -4.84316 0.0501162 0.99871 -0.00820662 -2.1326 -0.358736 0.0103319 -0.93338 230.805
-0.974728 0.0569517 0.216014 -4.57502 0.0590717 0.998248 0.00336497 -2.12614 -0.215444 0.0160403 -0.976385 229.217
-0.992034 0.0560686 0.112817 -4.37828 0.0581889 0.998184 0.0155876 -2.10674 -0.111738 0.022028 -0.993495 227.4
-0.996971 0.0572267 0.0526458 -4.26058 0.0582431 0.998141 0.0179776 -2.07551 -0.0515191 0.0209894 -0.998451 225.414
-0.998071 0.0619592 0.00343714 -4.22039 0.062026 0.997762 0.0249766 -2.01844 -0.00188191 0.0251417 -0.99968 222.42
-0.997886 0.0644744 -0.00816366 -4.24179 0.0642345 0.997574 0.026851 -1.96681 0.00987505 0.0262698 -0.999606 219.969
-0.997886 0.0644744 -0.00816366 -4.26035 0.0642345 0.997574 0.026851 -1.92775 0.00987505 0.0262698 -0.999606 218.261
-0.997886 0.0644744 -0.00816366 -4.26907 0.0642345 0.997574 0.026851 -1.86416 0.00987505 0.0262698 -0.999606 215.562
-0.997886 0.0644744 -0.00816366 -4.28044 0.0642345 0.997574 0.026851 -1.82633 0.00987505 0.0262698 -0.999606 213.668
-0.997886 0.0644744 -0.00816366 -4.28875 0.0642345 0.997574 0.026851 -1.78704 0.00987505 0.0262698 -0.999606 211.706
-0.997886 0.0644744 -0.00816366 -4.28693 0.0642345 0.997574 0.026851 -1.74679 0.00987505 0.0262698 -0.999606 209.693
-0.997886 0.0644744 -0.00816366 -4.27773 0.0642345 0.997574 0.026851 -1.70001 0.00987505 0.0262698 -0.999606 207.629
-0.997886 0.0644744 -0.00816366 -4.27371 0.0642345 0.997574 0.026851 -1.66236 0.00987505 0.0262698 -0.999606 205.519
-0.997886 0.0644744 -0.00816366 -4.27715 0.0642345 0.997574 0.026851 -1.61585 0.00987505 0.0262698 -0.999606 203.348
-0.997886 0.0644744 -0.00816366 -4.28847 0.0642345 0.997574 0.026851 -1.57177 0.00987505 0.0262698 -0.999606 201.138
-0.997886 0.0644744 -0.00816366 -4.29767 0.0642345 0.997574 0.026851 -1.53308 0.00987505 0.0262698 -0.999606 198.901
-0.997886 0.0644744 -0.00816366 -4.30287 0.0642345 0.997574 0.026851 -1.49419 0.00987505 0.0262698 -0.999606 196.64
-0.997886 0.0644744 -0.00816366 -4.32186 0.0642345 0.997574 0.026851 -1.45268 0.00987505 0.0262698 -0.999606 194.367
-0.997886 0.0644744 -0.00816366 -4.34387 0.0642345 0.997574 0.026851 -1.41113 0.00987505 0.0262698 -0.999606 192.058
-0.997886 0.0644744 -0.00816366 -4.35267 0.0642345 0.997574 0.026851 -1.37483 0.00987505 0.0262698 -0.999606 189.748
-0.997886 0.0644744 -0.00816366 -4.36772 0.0642345 0.997574 0.026851 -1.3305 0.00987505 0.0262698 -0.999606 187.407
-0.997886 0.0644744 -0.00816366 -4.38004 0.0642345 0.997574 0.026851 -1.29238 0.00987505 0.0262698 -0.999606 185.056
-0.997886 0.0644744 -0.00816366 -4.40909 0.0642345 0.997574 0.026851 -1.25268 0.00987505 0.0262698 -0.999606 182.68
-0.997886 0.0644744 -0.00816366 -4.4283 0.0642345 0.997574 0.026851 -1.20506 0.00987505 0.0262698 -0.999606 180.27
-0.997886 0.0644744 -0.00816366 -4.44834 0.0642345 0.997574 0.026851 -1.15784 0.00987505 0.0262698 -0.999606 177.842
-0.997886 0.0644744 -0.00816366 -4.48179 0.0642345 0.997574 0.026851 -1.11789 0.00987505 0.0262698 -0.999606 175.389
-0.997886 0.0644744 -0.00816366 -4.51236 0.0642345 0.997574 0.026851 -1.08141 0.00987505 0.0262698 -0.999606 172.9
-0.997886 0.0644744 -0.00816366 -4.54056 0.0642345 0.997574 0.026851 -1.04073 0.00987505 0.0262698 -0.999606 170.394
-0.997886 0.0644744 -0.00816366 -4.55794 0.0642345 0.997574 0.026851 -0.992252 0.00987505 0.0262698 -0.999606 167.835
-0.997886 0.0644744 -0.00816366 -4.5694 0.0642345 0.997574 0.026851 -0.949442 0.00987505 0.0262698 -0.999606 165.282
-0.997886 0.0644744 -0.00816366 -4.59157 0.0642345 0.997574 0.026851 -0.912391 0.00987505 0.0262698 -0.999606 162.722
-0.997886 0.0644744 -0.00816366 -4.61345 0.0642345 0.997574 0.026851 -0.869007 0.00987505 0.0262698 -0.999606 160.133
-0.997886 0.0644744 -0.00816366 -4.63463 0.0642345 0.997574 0.026851 -0.823395 0.00987505 0.0262698 -0.999606 157.544
-0.997886 0.0644744 -0.00816366 -4.64215 0.0642345 0.997574 0.026851 -0.784352 0.00987505 0.0262698 -0.999606 154.953
-0.997886 0.0644744 -0.00816366 -4.66218 0.0642345 0.997574 0.026851 -0.740902 0.00987505 0.0262698 -0.999606 152.347
-0.997886 0.0644744 -0.00816366 -4.68555 0.0642345 0.997574 0.026851 -0.704701 0.00987505 0.0262698 -0.999606 149.719
-0.997886 0.0644744 -0.00816366 -4.69814 0.0642345 0.997574 0.026851 -0.670641 0.00987505 0.0262698 -0.999606 147.109
-0.997886 0.0644744 -0.00816366 -4.71375 0.0642345 0.997574 0.026851 -0.634322 0.00987505 0.0262698 -0.999606 144.503
-0.997886 0.0644744 -0.00816366 -4.72596 0.0642345 0.997574 0.026851 -0.601933 0.00987505 0.0262698 -0.999606 141.92
-0.997886 0.0644744 -0.00816366 -4.73871 0.0642345 0.997574 0.026851 -0.56793 0.00987505 0.0262698 -0.999606 139.335
-0.997886 0.0644744 -0.00816366 -4.74282 0.0642345 0.997574 0.026851 -0.535405 0.00987505 0.0262698 -0.999606 136.773
-0.997886 0.0644744 -0.00816366 -4.75515 0.0642345 0.997574 0.026851 -0.490799 0.00987505 0.0262698 -0.999606 134.228
-0.997886 0.0644744 -0.00816366 -4.76816 0.0642345 0.997574 0.026851 -0.454951 0.00987505 0.0262698 -0.999606 131.674
-0.997886 0.0644744 -0.00816366 -4.78181 0.0642345 0.997574 0.026851 -0.424938 0.00987505 0.0262698 -0.999606 129.129
-0.997886 0.0644744 -0.00816366 -4.80247 0.0642345 0.997574 0.026851 -0.393132 0.00987505 0.0262698 -0.999606 126.602
-0.997886 0.0644744 -0.00816366 -4.81932 0.0642345 0.997574 0.026851 -0.362835 0.00987505 0.0262698 -0.999606 124.105
-0.997886 0.0644744 -0.00816366 -4.83117 0.0642345 0.997574 0.026851 -0.335858 0.00987505 0.0262698 -0.999606 121.631
-0.997886 0.0644744 -0.00816366 -4.84212 0.0642345 0.997574 0.026851 -0.317857 0.00987505 0.0262698 -0.999606 119.214
-0.997886 0.0644744 -0.00816366 -4.86129 0.0642345 0.997574 0.026851 -0.297871 0.00987505 0.0262698 -0.999606 116.862
-0.997886 0.0644744 -0.00816366 -4.89042 0.0642345 0.997574 0.026851 -0.271204 0.00987505 0.0262698 -0.999606 113.443
-0.997886 0.0644744 -0.00816366 -4.90821 0.0642345 0.997574 0.026851 -0.26161 0.00987505 0.0262698 -0.999606 111.28
-0.997886 0.0644744 -0.00816366 -4.95121 0.0642345 0.997574 0.026851 -0.237546 0.00987505 0.0262698 -0.999606 108.168
-0.997886 0.0644744 -0.00816366 -4.96998 0.0642345 0.997574 0.026851 -0.219518 0.00987505 0.0262698 -0.999606 106.184
-0.997886 0.0644744 -0.00816366 -4.98059 0.0642345 0.997574 0.026851 -0.206454 0.00987505 0.0262698 -0.999606 104.311
-0.997886 0.0644744 -0.00816366 -4.9999 0.0642345 0.997574 0.026851 -0.190466 0.00987505 0.0262698 -0.999606 101.699
-0.997886 0.0644744 -0.00816366 -5.00807 0.0642345 0.997574 0.026851 -0.179755 0.00987505 0.0262698 -0.999606 100.083
-0.997183 0.0748701 0.00409782 -5.03123 0.074954 0.996819 0.027074 -0.166029 -0.00205775 0.027305 -0.999624 97.8224
-0.99613 0.0812743 0.0334636 -4.99533 0.0821754 0.996266 0.0264919 -0.15859 -0.0311855 0.0291392 -0.999089 96.4261
-0.985904 0.0855667 0.143777 -4.70751 0.0892684 0.995817 0.0194835 -0.157338 -0.141509 0.0320436 -0.989419 93.9288
-0.963185 0.0728992 0.258772 -4.26216 0.078506 0.996849 0.0113854 -0.17036 -0.257127 0.0312814 -0.965873 92.257
-0.918533 0.0506249 0.392086 -3.59748 0.0584169 0.998261 0.00796012 -0.186837 -0.391001 0.0302161 -0.919892 90.7643
-0.813878 0.0186576 0.580734 -2.41699 0.0315254 0.99943 0.0120724 -0.199267 -0.580177 0.0281334 -0.814002 89.0213
-0.65084 0.013624 0.759095 -0.93584 0.0318074 0.99945 0.0093335 -0.211739 -0.758551 0.0302194 -0.650915 87.6037
-0.504324 0.00977384 0.86346 0.394531 0.0274916 0.999611 0.0047421 -0.212504 -0.863078 0.0261294 -0.504396 86.846
-0.303306 0.0123462 0.952813 2.33074 0.0232585 0.999714 -0.00555011 -0.245432 -0.952609 0.0204776 -0.303506 86.2166
-0.185501 0.0106436 0.982587 3.84847 0.00993982 0.999911 -0.0089547 -0.264722 -0.982594 0.00810563 -0.185591 85.9874
-0.114784 0.020897 0.993172 5.40486 0.0111386 0.999743 -0.019748 -0.316041 -0.993329 0.00879583 -0.114988 85.8311
-0.0795506 0.0263726 0.996482 7.04139 0.0149641 0.999569 -0.0252597 -0.351119 -0.996719 0.0129021 -0.079911 85.7
-0.0670202 0.0190016 0.997571 8.76916 0.014634 0.99973 -0.0180596 -0.401226 -0.997645 0.0133881 -0.0672801 85.5904
-0.0653833 0.0217744 0.997623 10.6232 0.0234966 0.999518 -0.0202758 -0.449491 -0.997584 0.022115 -0.0658634 85.4615
-0.0653833 0.0217744 0.997623 11.9339 0.0234966 0.999518 -0.0202758 -0.481525 -0.997584 0.022115 -0.0658634 85.373
-0.0629362 0.0216757 0.997782 14.011 0.0338648 0.999235 -0.0195712 -0.532238 -0.997443 0.032558 -0.0636221 85.2237
-0.0496948 0.0220972 0.99852 16.2393 0.0442349 0.998823 -0.0199024 -0.583472 -0.997785 0.0431804 -0.0506138 85.0848
-0.0252199 0.0190236 0.999502 18.5865 0.0513763 0.998522 -0.0177087 -0.635192 -0.998362 0.0509041 -0.02616 85.0168
0.00639953 0.0183467 0.999812 21.0504 0.045194 0.998805 -0.0186176 -0.688393 -0.998958 0.0453046 0.00556272 85.0448
0.0360351 0.0289721 0.998931 23.62 0.0315039 0.99905 -0.0301121 -0.763138 -0.998854 0.0325553 0.0350881 85.1386
0.0431325 0.0248894 0.99876 26.2206 0.0180623 0.999507 -0.0256881 -0.8662 -0.998907 0.0191479 0.0426617 85.286
0.0304858 0.027945 0.999145 28.7897 0.00733573 0.999576 -0.0281809 -0.965034 -0.999509 0.00818859 0.0302678 85.3912
1.13484e-05 0.0251267 0.999684 31.353 0.00313198 0.999679 -0.0251266 -1.07044 -0.999995 0.00313127 -6.73513e-05 85.4234
-0.0372036 0.0257987 0.998975 33.884 0.00692159 0.999649 -0.0255583 -1.16658 -0.999284 0.00596365 -0.0373691 85.364
-0.0642358 0.0250716 0.99762 35.563 0.0113972 0.999638 -0.0243885 -1.22571 -0.99787 0.0098035 -0.0644983 85.2719
-0.0901753 0.0229126 0.995661 37.2254 0.0159377 0.99964 -0.0215607 -1.28187 -0.995798 0.0139243 -0.0905081 85.1361
-0.103061 0.0250656 0.994359 38.8985 0.0194315 0.999542 -0.0231823 -1.34049 -0.994485 0.0169327 -0.103501 84.9581
-0.103061 0.0250656 0.994359 40.5745 0.0194315 0.999542 -0.0231823 -1.39744 -0.994485 0.0169327 -0.103501 84.7731
-0.103061 0.0250656 0.994359 42.2965 0.0194315 0.999542 -0.0231823 -1.4519 -0.994485 0.0169327 -0.103501 84.5966
-0.103061 0.0250656 0.994359 44.9318 0.0194315 0.999542 -0.0231823 -1.52401 -0.994485 0.0169327 -0.103501 84.3583
-0.103061 0.0250656 0.994359 46.7194 0.0194315 0.999542 -0.0231823 -1.58228 -0.994485 0.0169327 -0.103501 84.1952
-0.103061 0.0250656 0.994359 48.4984 0.0194315 0.999542 -0.0231823 -1.63982 -0.994485 0.0169327 -0.103501 84.0136
-0.123798 0.0256307 0.991977 51.1579 0.00430103 0.999671 -0.0252927 -1.73654 -0.992299 0.00113535 -0.123868 83.7347
-0.172442 0.0330551 0.984463 53.7896 -0.00307267 0.999414 -0.0340952 -1.84066 -0.985013 -0.00890444 -0.17224 83.3528
-0.212212 0.025913 0.976881 55.5417 0.00242031 0.999659 -0.0259915 -1.91032 -0.977221 -0.00315135 -0.212203 82.983
-0.274327 0.0282435 0.961221 58.0913 0.0142372 0.999578 -0.0253074 -2.01104 -0.961531 0.0067426 -0.274613 82.2998
-0.312801 0.0271026 0.949432 59.7491 0.0223308 0.999526 -0.0211755 -2.08141 -0.949556 0.0145779 -0.313258 81.7607
-0.355242 0.0290132 0.934325 62.1821 0.0323269 0.999302 -0.0187398 -2.15932 -0.934216 0.0235467 -0.355932 80.8424
-0.371725 0.00968868 0.928294 63.819 0.0329503 0.999453 0.00276316 -2.18811 -0.92776 0.0316147 -0.371841 80.1896
-0.378264 0.0256362 0.925344 66.2861 0.0377818 0.999211 -0.0122382 -2.21562 -0.924928 0.0303319 -0.378935 79.1914
-0.378264 0.0256362 0.925344 68.7651 0.0377818 0.999211 -0.0122382 -2.28779 -0.924928 0.0303319 -0.378935 78.1857
-0.384865 0.0168626 0.922819 70.4546 0.0385289 0.999255 -0.00219066 -2.31753 -0.922169 0.0347121 -0.385228 77.4799
-0.399592 0.0150487 0.91657 72.1568 0.0382803 0.999267 0.000282362 -2.34107 -0.915894 0.0351994 -0.399876 76.7531
-0.423753 0.0206131 0.905543 73.851 0.0396835 0.999204 -0.00417502 -2.3586 -0.904908 0.0341659 -0.424234 75.9755
-0.450653 0.0268055 0.892296 75.5473 0.0398992 0.999155 -0.00986466 -2.3897 -0.891807 0.0311564 -0.451341 75.1273
-0.480076 0.0382371 0.876391 78.0808 0.0440179 0.998841 -0.0194671 -2.45298 -0.87612 0.0292312 -0.481203 73.7623
-0.487205 0.0324033 0.872687 79.8021 0.0459364 0.998879 -0.0114435 -2.49639 -0.87208 0.0345128 -0.488147 72.8073
-0.487205 0.0324033 0.872687 81.527 0.0459364 0.998879 -0.0114435 -2.536 -0.87208 0.0345128 -0.488147 71.8371
-0.487205 0.0324033 0.872687 83.2555 0.0459364 0.998879 -0.0114435 -2.57921 -0.87208 0.0345128 -0.488147 70.872
-0.487205 0.0324033 0.872687 84.9664 0.0459364 0.998879 -0.0114435 -2.62448 -0.87208 0.0345128 -0.488147 69.9326
-0.498719 0.0282042 0.866304 86.6867 0.0375112 0.999236 -0.0109374 -2.67576 -0.865951 0.0270414 -0.499396 68.9813
-0.527886 0.0184094 0.849115 89.1713 0.0305079 0.999531 -0.00270401 -2.73512 -0.848766 0.0244773 -0.528199 67.4999
-0.563331 0.0157497 0.826082 91.5562 0.0264399 0.99965 -0.00102878 -2.78563 -0.825809 0.0212619 -0.56355 65.9317
-0.600465 0.0184181 0.799439 93.8514 0.0244127 0.999691 -0.00469509 -2.8374 -0.799278 0.0166972 -0.60073 64.2657
-0.62421 0.016363 0.781086 95.3229 0.025253 0.999681 -0.000761235 -2.87071 -0.780849 0.0192496 -0.624424 63.1076
-0.645212 0.0188584 0.763771 96.739 0.0293434 0.999569 0.000107925 -2.89658 -0.76344 0.0224812 -0.645488 61.9173
-0.658852 0.0240043 0.751891 98.1176 0.0372238 0.999307 0.000714559 -2.91768 -0.751353 0.028459 -0.659289 60.7043
-0.665051 0.0271102 0.746309 99.4641 0.0422997 0.999104 0.00140079 -2.9422 -0.745602 0.0325002 -0.665602 59.5048
-0.665051 0.0271102 0.746309 100.778 0.0422997 0.999104 0.00140079 -2.9655 -0.745602 0.0325002 -0.665602 58.3298
-0.665051 0.0271102 0.746309 102.056 0.0422997 0.999104 0.00140079 -2.98323 -0.745602 0.0325002 -0.665602 57.2164
-0.655203 0.0288856 0.754899 103.261 0.0456284 0.998958 0.00137814 -3.01023 -0.754072 0.0353478 -0.655838 56.1698
-0.645738 0.0276126 0.76306 104.422 0.0451921 0.998976 0.00209416 -3.0392 -0.762221 0.0358366 -0.646325 55.2022
-0.635847 0.0280423 0.771306 106.047 0.0447859 0.998996 0.000600054 -3.06962 -0.770515 0.0349251 -0.636465 53.8665
-0.643318 0.0424746 0.76442 108.139 0.0512903 0.998608 -0.0123225 -3.12548 -0.763879 0.0312801 -0.644601 52.1175
-0.660596 0.0229429 0.75039 110.165 0.0456016 0.998914 0.00960343 -3.16861 -0.749355 0.040563 -0.660925 50.3678
-0.670686 0.0291631 0.741169 112.176 0.0384698 0.99925 -0.00450659 -3.18512 -0.740744 0.0254901 -0.671305 48.5854
-0.670686 0.0291631 0.741169 113.737 0.0384698 0.99925 -0.00450659 -3.21606 -0.740744 0.0254901 -0.671305 47.1732
-0.660576 0.0178102 0.75055 115.375 0.0411746 0.999073 0.0125311 -3.22382 -0.749631 0.0391813 -0.660698 45.7086
-0.641218 0.0149037 0.767214 117.105 0.0338131 0.999389 0.00884628 -3.21944 -0.766613 0.0316143 -0.641331 44.2803
-0.63022 0.00584918 0.776393 118.33 0.0205578 0.999747 0.00915547 -3.22737 -0.776142 0.0217309 -0.630181 43.3255
-0.624522 0.00580694 0.780988 119.583 0.00222651 0.999982 -0.00565481 -3.22661 -0.781006 -0.00179267 -0.624524 42.3672
-0.620943 0.00268091 0.783853 120.871 -0.00718599 0.999933 -0.00911244 -3.24468 -0.783825 -0.011291 -0.620882 41.3854
-0.620943 0.00268091 0.783853 122.197 -0.00718599 0.999933 -0.00911244 -3.26443 -0.783825 -0.011291 -0.620882 40.3523
-0.620943 0.00268091 0.783853 123.559 -0.00718599 0.999933 -0.00911244 -3.29225 -0.783825 -0.011291 -0.620882 39.2767
-0.620943 0.00268091 0.783853 124.956 -0.00718599 0.999933 -0.00911244 -3.32333 -0.783825 -0.011291 -0.620882 38.1855
-0.620943 0.00268091 0.783853 126.362 -0.00718599 0.999933 -0.00911244 -3.3469 -0.783825 -0.011291 -0.620882 37.0444
-0.620943 0.00268091 0.783853 127.838 -0.00718599 0.999933 -0.00911244 -3.37431 -0.783825 -0.011291 -0.620882 35.898
-0.624982 -0.00667869 0.78061 130.089 -0.010594 0.999944 7.3328e-05 -3.42227 -0.780566 -0.00822397 -0.625018 34.1209
-0.627071 -0.0153516 0.77881 133.122 -0.0219432 0.999757 0.00203888 -3.44645 -0.778652 -0.015811 -0.627256 31.7198
-0.627071 -0.0153516 0.77881 134.637 -0.0219432 0.999757 0.00203888 -3.46526 -0.778652 -0.015811 -0.627256 30.5323
-0.618691 -0.00498606 0.785618 136.907 -0.00599587 0.999981 0.00162467 -3.50092 -0.785611 -0.00370529 -0.618708 28.7224
-0.613457 0.0078916 0.789686 138.426 0.0123817 0.999923 -0.000374025 -3.51487 -0.789629 0.00954818 -0.613508 27.5216
-0.613457 0.0078916 0.789686 139.932 0.0123817 0.999923 -0.000374025 -3.53999 -0.789629 0.00954818 -0.613508 26.3757
-0.615143 -0.00323138 0.788408 141.438 0.00481309 0.999958 0.00785378 -3.56345 -0.7884 0.00862588 -0.615101 25.2193
-0.615143 -0.00323138 0.788408 142.944 0.00481309 0.999958 0.00785378 -3.57117 -0.7884 0.00862588 -0.615101 24.0552
-0.615143 -0.00323138 0.788408 144.423 0.00481309 0.999958 0.00785378 -3.58031 -0.7884 0.00862588 -0.615101 22.9219
-0.618756 0.00397001 0.785574 145.902 0.0011542 0.999991 -0.0041445 -3.59359 -0.785583 -0.00165772 -0.618755 21.7805
-0.620414 0.00165768 0.784275 147.378 0.0069244 0.99997 0.00336406 -3.61325 -0.784246 0.00751773 -0.620407 20.6227
-0.620414 0.00165768 0.784275 148.834 0.0069244 0.99997 0.00336406 -3.62414 -0.784246 0.00751773 -0.620407 19.4782
-0.618612 0.00829147 0.785655 150.263 0.0040526 0.999965 -0.00736227 -3.64167 -0.785688 -0.00137043 -0.618623 18.3573
-0.618612 0.00829147 0.785655 151.677 0.0040526 0.999965 -0.00736227 -3.67521 -0.785688 -0.00137043 -0.618623 17.2632
-0.618612 0.00829147 0.785655 153.714 0.0040526 0.999965 -0.00736227 -3.73358 -0.785688 -0.00137043 -0.618623 15.6619
-0.628261 0.0166689 0.777823 155.624 0.0135784 0.999853 -0.0104595 -3.79542 -0.777883 0.00399028 -0.628395 14.1384
-0.64095 0.00596606 0.767558 157.387 0.0138066 0.999898 0.00375727 -3.84089 -0.767457 0.0130056 -0.640967 12.7051
-0.645468 0.0237577 0.763417 158.432 0.0199331 0.9997 -0.0142575 -3.86439 -0.763526 0.00601454 -0.645748 11.8147
-0.637332 0.0347564 0.769805 159.862 0.040207 0.999121 -0.011822 -3.91147 -0.769539 0.023417 -0.63817 10.5932
-0.58386 0.0474304 0.810467 161.25 0.0621131 0.997976 -0.0136575 -3.97262 -0.809474 0.0423665 -0.585624 9.52633
-0.443068 0.0436474 0.895426 163.239 0.0600543 0.998016 -0.0189326 -4.04089 -0.894476 0.0453857 -0.44481 8.45765
-0.282071 0.056783 0.957711 165.334 0.0564537 0.9975 -0.042515 -4.14194 -0.957731 0.0420741 -0.284572 7.76947
-0.164659 0.043541 0.985389 167.057 0.0427304 0.998402 -0.0369758 -4.2208 -0.985424 0.0360177 -0.166256 7.50474
-0.0786217 0.0317012 0.9964 168.852 0.0261408 0.999216 -0.0297281 -4.29293 -0.996561 0.0237094 -0.0793887 7.39525
-0.0409065 0.0281268 0.998768 170.709 -0.00298478 0.999596 -0.0282724 -4.37376 -0.999159 -0.0041376 -0.040806 7.37854
-0.0370992 0.0308095 0.998837 172.636 -0.0106394 0.999456 -0.0312238 -4.44042 -0.999255 -0.0117854 -0.0367512 7.32156
-0.050575 0.0259147 0.998385 174.62 -0.0106117 0.999593 -0.0264836 -4.52121 -0.998664 -0.0119339 -0.0502794 7.234
-0.0759348 0.0457747 0.996062 177.339 -0.0097654 0.998864 -0.0466479 -4.64077 -0.997065 -0.0132691 -0.0754015 7.05899
-0.0960761 0.0309188 0.994893 179.475 -0.0186908 0.999285 -0.0328603 -4.74428 -0.995198 -0.0217524 -0.0954295 6.88688
-0.106444 0.0395907 0.993529 181.639 -0.0105813 0.999105 -0.0409465 -4.84406 -0.994262 -0.0148713 -0.105929 6.6588
-0.106444 0.0395907 0.993529 183.117 -0.0105813 0.999105 -0.0409465 -4.90994 -0.994262 -0.0148713 -0.105929 6.5116
-0.106444 0.0395907 0.993529 184.615 -0.0105813 0.999105 -0.0409465 -4.97992 -0.994262 -0.0148713 -0.105929 6.36492
-0.106444 0.0395907 0.993529 186.124 -0.0105813 0.999105 -0.0409465 -5.06001 -0.994262 -0.0148713 -0.105929 6.21087
-0.106444 0.0395907 0.993529 186.885 -0.0105813 0.999105 -0.0409465 -5.09483 -0.994262 -0.0148713 -0.105929 6.13823
-0.106444 0.0395907 0.993529 188.423 -0.0105813 0.999105 -0.0409465 -5.16797 -0.994262 -0.0148713 -0.105929 5.99942
-0.105087 0.046504 0.993376 189.953 -0.00418616 0.998876 -0.0472044 -5.25583 -0.994455 -0.00911894 -0.104774 5.84027
-0.105671 0.0515332 0.993065 191.485 -0.01095 0.998535 -0.0529823 -5.33371 -0.994341 -0.0164728 -0.104952 5.68728
-0.105671 0.0515332 0.993065 193.059 -0.01095 0.998535 -0.0529823 -5.4299 -0.994341 -0.0164728 -0.104952 5.52709
-0.108809 0.0580674 0.992366 194.611 -0.0155157 0.998072 -0.0601025 -5.5281 -0.993943 -0.0219369 -0.107698 5.36534
-0.108809 0.0580674 0.992366 196.2 -0.0155157 0.998072 -0.0601025 -5.63128 -0.993943 -0.0219369 -0.107698 5.19796
-0.114425 0.0562262 0.991839 198.633 -0.00844003 0.998306 -0.0575665 -5.80583 -0.993396 -0.0149582 -0.113757 4.92188
-0.114746 0.0481947 0.992224 201.079 0.000960769 0.998827 -0.0484043 -5.96195 -0.993394 -0.00460093 -0.114658 4.63003
-0.112499 0.0518463 0.992299 203.573 0.0111767 0.998641 -0.0509106 -6.11164 -0.993589 0.00536325 -0.112926 4.34473
-0.112499 0.0518463 0.992299 205.246 0.0111767 0.998641 -0.0509106 -6.21377 -0.993589 0.00536325 -0.112926 4.17462
-0.112499 0.0518463 0.992299 206.911 0.0111767 0.998641 -0.0509106 -6.31549 -0.993589 0.00536325 -0.112926 4.00144
-0.109623 0.0691367 0.991566 208.559 0.00950499 0.997605 -0.068507 -6.43167 -0.993928 0.00191491 -0.110018 3.83482
-0.10698 0.0579 0.992574 210.225 0.00308196 0.998317 -0.0579029 -6.55014 -0.994257 -0.00313532 -0.106978 3.67039
-0.10698 0.0579 0.992574 212.748 0.00308196 0.998317 -0.0579029 -6.70791 -0.994257 -0.00313532 -0.106978 3.41404
-0.10698 0.0579 0.992574 215.265 0.00308196 0.998317 -0.0579029 -6.88034 -0.994257 -0.00313532 -0.106978 3.15851
-0.107228 0.0546491 0.99273 217.826 0.0113542 0.99849 -0.0537397 -7.05212 -0.994168 0.00550915 -0.107687 2.88219
-0.103906 0.0612249 0.9927 220.39 0.0198105 0.998033 -0.0594802 -7.22057 -0.994389 0.0134856 -0.104914 2.60174
-0.103906 0.0612249 0.9927 223.032 0.0198105 0.998033 -0.0594802 -7.39041 -0.994389 0.0134856 -0.104914 2.33937
-0.106225 0.0616386 0.992429 225.685 0.00988403 0.998093 -0.0609324 -7.58238 -0.994292 0.00333661 -0.106631 2.07991
-0.106225 0.0616386 0.992429 227.483 0.00988403 0.998093 -0.0609324 -7.69619 -0.994292 0.00333661 -0.106631 1.88851
-0.110154 0.0698693 0.991455 230.141 0.020445 0.997474 -0.0680219 -7.89611 -0.993704 0.0127774 -0.111304 1.59304
-0.115381 0.0547414 0.991811 232.811 0.0111684 0.998489 -0.0538107 -8.11059 -0.993258 0.00486822 -0.115818 1.31893
-0.115381 0.0547414 0.991811 234.59 0.0111684 0.998489 -0.0538107 -8.23222 -0.993258 0.00486822 -0.115818 1.12293
-0.115815 0.0663914 0.99105 236.358 0.0100496 0.997791 -0.0656686 -8.36427 -0.99322 0.00235429 -0.116226 0.931623
-0.115815 0.0663914 0.99105 238.124 0.0100496 0.997791 -0.0656686 -8.50258 -0.99322 0.00235429 -0.116226 0.724528
-0.115815 0.0663914 0.99105 239.892 0.0100496 0.997791 -0.0656686 -8.64392 -0.99322 0.00235429 -0.116226 0.534368
-0.111976 0.0767055 0.990746 241.631 0.0102182 0.997052 -0.0760389 -8.78559 -0.993659 0.00160909 -0.11243 0.348932
-0.10771 0.0638456 0.992129 243.368 0.0118952 0.997947 -0.0629285 -8.93381 -0.99411 0.00502345 -0.108249 0.166002
-0.103902 0.0743228 0.991807 245.084 0.0112763 0.997228 -0.0735477 -9.06916 -0.994524 0.00354214 -0.104452 -0.010819
-0.103902 0.0743228 0.991807 246.806 0.0112763 0.997228 -0.0735477 -9.21706 -0.994524 0.00354214 -0.104452 -0.190344
-0.0985821 0.0641445 0.99306 249.316 0.00980122 0.997935 -0.0634864 -9.42395 -0.995081 0.00347459 -0.0990072 -0.414159
-0.0985821 0.0641445 0.99306 250.946 0.00980122 0.997935 -0.0634864 -9.56481 -0.995081 0.00347459 -0.0990072 -0.571749
-0.0985821 0.0641445 0.99306 252.515 0.00980122 0.997935 -0.0634864 -9.68383 -0.995081 0.00347459 -0.0990072 -0.7214
-0.0994067 0.0532445 0.993621 254.057 0.00776369 0.998578 -0.0527335 -9.80566 -0.995017 0.00247211 -0.0996788 -0.866492
-0.100153 0.062488 0.993009 255.514 0.00655124 0.998046 -0.0621442 -9.91766 -0.994952 0.000281572 -0.100367 -1.00753
-0.100153 0.062488 0.993009 256.925 0.00655124 0.998046 -0.0621442 -10.0258 -0.994952 0.000281572 -0.100367 -1.14884
-0.108064 0.0610738 0.992266 258.312 0.0114379 0.998121 -0.0601885 -10.1281 -0.994078 0.00484528 -0.10856 -1.29743
-0.123265 0.0628648 0.990381 259.637 0.0116859 0.998014 -0.0618949 -10.2343 -0.992306 0.00394404 -0.123755 -1.45521
-0.144168 0.0640367 0.987479 260.902 0.0151154 0.99793 -0.0625076 -10.3292 -0.989438 0.00591453 -0.144838 -1.645
-0.168215 0.0589234 0.983987 262.139 0.0248671 0.998148 -0.0555203 -10.4179 -0.985436 0.0151295 -0.169369 -1.86155
-0.190661 0.0498541 0.980389 263.302 0.0332442 0.998465 -0.0443081 -10.5041 -0.981092 0.0241444 -0.192026 -2.11241
-0.211714 0.049474 0.97608 264.396 0.0424093 0.998242 -0.0413987 -10.5774 -0.976412 0.0326302 -0.21344 -2.36745
-0.248505 0.0600904 0.966765 266.338 0.0582344 0.997195 -0.0470128 -10.6941 -0.966878 0.044616 -0.251307 -2.88199
-0.259355 0.0603155 0.963897 268.288 0.070056 0.996594 -0.0435117 -10.829 -0.963238 0.0562418 -0.262697 -3.4376
-0.162865 0.0692424 0.984215 270.286 0.0627388 0.996242 -0.0597067 -10.9674 -0.984651 0.0520244 -0.166597 -3.82945
0.0347232 0.054566 0.997906 271.813 0.0391122 0.997669 -0.055914 -11.0681 -0.998631 0.0409718 0.0325081 -3.73542
0.272782 0.0579351 0.96033 273.016 0.00633314 0.998055 -0.06201 -11.1759 -0.962056 0.0229971 0.271884 -3.31144
0.496551 0.0568076 0.866147 274.023 0.0104215 0.997394 -0.0713902 -11.2616 -0.867945 0.0444754 0.494665 -2.70642
0.702534 0.0669303 0.708496 274.928 -0.0221582 0.997142 -0.0722265 -11.3598 -0.711305 0.0350426 0.70201 -1.66202
0.820447 0.0691198 0.567529 275.525 -0.0447997 0.997385 -0.0567078 -11.4297 -0.569965 0.0211006 0.821398 -0.609536
0.896572 0.0844138 0.434779 276.037 -0.068829 0.996298 -0.0515 -11.4928 -0.437517 0.0162481 0.899063 0.615263
0.945678 0.0957364 0.310688 276.664 -0.084847 0.995217 -0.0484106 -11.5839 -0.313837 0.0194198 0.949278 2.5667
0.966223 0.094753 0.239654 277.084 -0.0869407 0.995286 -0.0429875 -11.6591 -0.242598 0.0206998 0.969906 4.29103
0.980602 0.0977584 0.169888 277.397 -0.0914733 0.994815 -0.0444561 -11.742 -0.173353 0.0280535 0.98446 6.20959
0.98658 0.108156 0.122321 277.643 -0.102924 0.993514 -0.0483331 -11.8144 -0.126755 0.0350947 0.991313 8.31807
0.99079 0.0992604 0.0920969 277.861 -0.096936 0.994857 -0.0293889 -11.9161 -0.0945403 0.0201907 0.995316 10.6054
0.9907 0.110146 0.0798804 278.028 -0.107595 0.993558 -0.0355736 -11.9925 -0.0832841 0.026648 0.996169 13.0502
0.9907 0.110146 0.0798804 278.151 -0.107595 0.993558 -0.0355736 -12.062 -0.0832841 0.026648 0.996169 14.7698
0.9907 0.110146 0.0798804 278.293 -0.107595 0.993558 -0.0355736 -12.1335 -0.0832841 0.026648 0.996169 16.5588
0.990913 0.10327 0.0861798 278.452 -0.101423 0.994515 -0.025556 -12.1989 -0.0883462 0.0165832 0.995952 18.4027
0.990913 0.10327 0.0861798 278.615 -0.101423 0.994515 -0.025556 -12.2621 -0.0883462 0.0165832 0.995952 20.2719
0.99102 0.0978978 0.0910802 278.786 -0.095051 0.994854 -0.0350954 -12.3363 -0.0940472 0.026123 0.995225 22.1574
0.99102 0.0978978 0.0910802 278.968 -0.095051 0.994854 -0.0350954 -12.4166 -0.0940472 0.026123 0.995225 24.075
0.991563 0.0888133 0.0944224 279.156 -0.0873298 0.995984 -0.0197376 -12.4923 -0.0957961 0.0113252 0.995337 26.0341
0.991563 0.0888133 0.0944224 279.421 -0.0873298 0.995984 -0.0197376 -12.5797 -0.0957961 0.0113252 0.995337 28.9964
0.991563 0.0888133 0.0944224 279.678 -0.0873298 0.995984 -0.0197376 -12.6751 -0.0957961 0.0113252 0.995337 31.9908
0.990773 0.0978505 0.0937805 279.926 -0.0968654 0.995184 -0.0150106 -12.7469 -0.0947976 0.00578797 0.99548 35.0521
0.990228 0.103737 0.0932048 280.09 -0.103956 0.994579 -0.002516 -12.7906 -0.0929605 -0.00719775 0.995644 37.0867
0.990228 0.103737 0.0932048 280.254 -0.103956 0.994579 -0.002516 -12.8241 -0.0929605 -0.00719775 0.995644 39.1028
0.990228 0.103737 0.0932048 280.429 -0.103956 0.994579 -0.002516 -12.8536 -0.0929605 -0.00719775 0.995644 41.1228
0.990541 0.100384 0.0935503 280.608 -0.0996847 0.994945 -0.0121257 -12.8863 -0.0942947 0.00268546 0.995541 43.1239
0.989769 0.104252 0.0974112 280.789 -0.10453 0.994519 -0.00225831 -12.9208 -0.0971127 -0.00794722 0.995242 45.1505
0.988053 0.113707 0.104029 281.069 -0.113436 0.993509 -0.00853641 -12.9709 -0.104325 -0.00336625 0.994538 48.1648
0.987002 0.114862 0.1124 281.373 -0.1162 0.993211 0.0054015 -13.0043 -0.111017 -0.0183922 0.993648 51.1982
0.988895 0.100202 0.109757 281.608 -0.100096 0.994957 -0.00649067 -13.0293 -0.109854 -0.00456768 0.993937 53.2335
0.989479 0.101682 0.102916 281.904 -0.102764 0.994692 0.00524885 -13.0698 -0.101836 -0.0157697 0.994676 56.277
0.989147 0.110523 0.0968118 282.07 -0.110248 0.99387 -0.00820146 -13.0907 -0.0971248 -0.00256087 0.995269 58.2975
0.989391 0.112745 0.0916224 282.245 -0.11177 0.99361 -0.0157144 -13.1294 -0.0928086 0.00530704 0.99567 60.3168
0.989375 0.113939 0.0903104 282.416 -0.114096 0.993464 -0.00344567 -13.1762 -0.0901128 -0.00689495 0.995908 62.3208
0.989375 0.113939 0.0903104 282.577 -0.114096 0.993464 -0.00344567 -13.208 -0.0901128 -0.00689495 0.995908 64.3306
0.989375 0.113939 0.0903104 282.744 -0.114096 0.993464 -0.00344567 -13.2386 -0.0901128 -0.00689495 0.995908 66.3421
0.989375 0.113939 0.0903104 282.924 -0.114096 0.993464 -0.00344567 -13.2626 -0.0901128 -0.00689495 0.995908 68.3583
0.990077 0.106144 0.0920932 283.187 -0.104999 0.994323 -0.0172033 -13.3304 -0.0933965 0.0073629 0.995602 71.3367
0.990171 0.100615 0.097152 283.372 -0.101417 0.994838 0.00334606 -13.3719 -0.0963139 -0.0131661 0.995264 73.3713
0.990171 0.100615 0.097152 283.561 -0.101417 0.994838 0.00334606 -13.3932 -0.0963139 -0.0131661 0.995264 75.3625
0.989622 0.103988 0.0991715 283.744 -0.102608 0.994542 -0.0189285 -13.4213 -0.100599 0.00855621 0.99489 77.3439
0.98909 0.101363 0.106897 283.946 -0.101825 0.994802 -0.00114176 -13.4677 -0.106457 -0.00975551 0.994269 79.3564
0.988794 0.0964842 0.11392 284.167 -0.0980331 0.995151 0.00806061 -13.4897 -0.112589 -0.0191382 0.993457 81.3603
0.98793 0.0968264 0.12091 284.392 -0.0969455 0.995278 -0.00491126 -13.5097 -0.120815 -0.00686969 0.992651 83.3475
0.986577 0.0958327 0.132216 284.632 -0.0957871 0.995379 -0.00671939 -13.5369 -0.132249 -0.0060354 0.991198 85.3428
0.984785 0.0952464 0.145351 284.907 -0.0957396 0.9954 -0.0036146 -13.5701 -0.145026 -0.0103562 0.989374 87.3205
0.984142 0.0836206 0.156434 285.223 -0.0851129 0.996367 0.00285299 -13.6045 -0.155627 -0.0161223 0.987684 89.294
0.982084 0.0819926 0.169673 285.706 -0.0830451 0.996545 -0.00089637 -13.6356 -0.16916 -0.0132102 0.9855 92.2044
0.980494 0.0872937 0.1761 286.029 -0.0873564 0.99615 -0.00741121 -13.6656 -0.176069 -0.00811682 0.984344 94.1326
0.980494 0.0872937 0.1761 286.351 -0.0873564 0.99615 -0.00741121 -13.6992 -0.176069 -0.00811682 0.984344 96.0508
0.982723 0.0713397 0.170781 286.85 -0.0717522 0.997415 -0.00376389 -13.7619 -0.170608 -0.00855502 0.985302 98.9054
0.982723 0.0713397 0.170781 287.156 -0.0717522 0.997415 -0.00376389 -13.7907 -0.170608 -0.00855502 0.985302 100.785
0.984209 0.0698955 0.162628 287.458 -0.0687398 0.997553 -0.0127298 -13.8271 -0.16312 0.0013498 0.986605 102.64
0.984209 0.0698955 0.162628 287.756 -0.0687398 0.997553 -0.0127298 -13.8721 -0.16312 0.0013498 0.986605 104.48
0.985601 0.0523696 0.160776 288.082 -0.0537127 0.998548 0.00401592 -13.911 -0.160332 -0.0125938 0.986983 106.316
0.986317 0.0385521 0.160288 288.39 -0.0404617 0.999144 0.00866542 -13.9358 -0.159817 -0.0150324 0.987032 108.095
0.985947 0.0406941 0.162028 288.678 -0.0404716 0.99917 -0.00467446 -13.9493 -0.162083 -0.00194876 0.986775 109.822
0.985947 0.0406941 0.162028 288.956 -0.0404716 0.99917 -0.00467446 -13.9711 -0.162083 -0.00194876 0.986775 111.522
0.983147 0.0393126 0.178538 289.376 -0.0398613 0.999205 -0.000514266 -14.0192 -0.178416 -0.00661113 0.983933 113.959
0.978422 0.0365698 0.203356 289.842 -0.0356993 0.999331 -0.00794838 -14.074 -0.20351 0.000517196 0.979073 116.267
0.971668 0.0454075 0.231948 290.327 -0.0449495 0.998963 -0.00726206 -14.1291 -0.232038 -0.00336967 0.972701 118.418
0.964452 0.0599665 0.257362 290.8 -0.055169 0.998143 -0.0258286 -14.1874 -0.258433 0.010712 0.96597 120.329
0.960099 0.0461502 0.275826 291.459 -0.0468503 0.998894 -0.00405428 -14.2728 -0.275708 -0.00903001 0.961199 122.613
0.963369 0.0468606 0.264055 292.053 -0.0428295 0.998862 -0.0210057 -14.33 -0.264739 0.00892691 0.964279 124.703
0.983196 0.0355124 0.179063 292.611 -0.0360064 0.999351 -0.000491689 -14.3938 -0.178964 -0.00596399 0.983837 127.351
0.999273 0.0341516 -0.0169474 292.732 -0.0343108 0.999369 -0.00919159 -14.4235 0.0166228 0.00976639 0.999814 129.984
