0.999773 0.0119649 -0.0176283 -7.76123 -0.0122887 0.999756 -0.0183739 -1.76346 0.0174042 0.0185864 0.999676 285.086
0.999773 0.0119649 -0.0176283 -7.81433 -0.0122887 0.999756 -0.0183739 -1.83358 0.0174042 0.0185864 0.999676 287.555
0.99981 0.0113358 -0.0158299 -7.85542 -0.011765 0.999558 -0.0272876 -1.92152 0.0155136 0.0274687 0.999502 290.032
0.99981 0.0113358 -0.0158299 -7.89641 -0.011765 0.999558 -0.0272876 -2.01626 0.0155136 0.0274687 0.999502 292.508
0.99981 0.0113358 -0.0158299 -7.94856 -0.011765 0.999558 -0.0272876 -2.10581 0.0155136 0.0274687 0.999502 295.019
1 0 0 -8.0074 0 1 0 -2.18835 0 0 1 297.526
0.999695 0.0209228 -0.0131486 -8.06393 -0.021227 0.9995 -0.0234406 -2.26616 0.0126516 0.0237125 0.999639 300.027
0.999466 0.0268531 -0.0186338 -8.11049 -0.0273938 0.999192 -0.0293954 -2.34458 0.0178294 0.0298902 0.999394 302.52
0.999311 0.0258314 -0.0266552 -8.17242 -0.0265427 0.999291 -0.0266863 -2.4498 0.0259469 0.0273754 0.999288 305.009
0.99896 0.0248904 -0.0382038 -8.24756 -0.0257888 0.999398 -0.0232056 -2.53588 0.0376032 0.0241667 0.999 307.547
0.998313 0.0251166 -0.0523444 -8.36581 -0.0260797 0.999501 -0.0177979 -2.61765 0.0518713 0.019133 0.99847 310.131
0.998059 0.0250783 -0.0569977 -8.52507 -0.0260351 0.999531 -0.0161069 -2.68756 0.0565671 0.0175596 0.998244 312.716
0.998319 0.0246968 -0.0524319 -8.70715 -0.0256837 0.999504 -0.0182332 -2.75754 0.0519556 0.0195492 0.998458 315.304
0.998991 0.0240229 -0.0379356 -8.8468 -0.024957 0.999392 -0.0243467 -2.84097 0.0373276 0.0252689 0.998984 317.884
0.999345 0.0241743 -0.0269335 -8.9548 -0.0249761 0.999243 -0.029843 -2.93195 0.0261917 0.0304962 0.999192 320.357
0.99951 0.024463 -0.019544 -9.03051 -0.0251157 0.99911 -0.0338817 -3.04294 0.0186978 0.034356 0.999235 322.837
0.999568 0.0248382 -0.0157278 -9.08751 -0.0253999 0.999008 -0.036578 -3.15796 0.0148037 0.0369616 0.999207 325.287
0.99956 0.0252848 -0.0154849 -9.13547 -0.0258564 0.998947 -0.0378991 -3.28121 0.0145103 0.0382828 0.999162 327.738
0.999596 0.0194709 -0.0206847 -9.1661 -0.0201279 0.999284 -0.0320428 -3.38551 0.0200459 0.0324463 0.999272 330.192
0.999692 0.0111495 -0.0221823 -9.22101 -0.0119924 0.999197 -0.0382369 -3.51829 0.0217382 0.0384911 0.999022 332.683
0.999699 0.0110338 -0.021934 -9.28188 -0.0118366 0.999252 -0.0368146 -3.64919 0.0215113 0.0370632 0.999081 335.129
0.999705 0.0109803 -0.0216579 -9.32674 -0.011679 0.999407 -0.0324016 -3.76704 0.0212893 0.032645 0.99924 337.534
0.9997 0.0110493 -0.0218517 -9.4158 -0.0115674 0.999652 -0.0237237 -3.93559 0.021582 0.0239693 0.99948 341.013
0.999731 0.0110777 -0.0203683 -9.47972 -0.0115393 0.999676 -0.0226885 -4.02907 0.0201104 0.0229175 0.999535 343.194
0.999747 0.0111198 -0.0195574 -9.54394 -0.0115375 0.999705 -0.0213773 -4.15663 0.0193139 0.0215975 0.99958 346.372
0.999749 0.0111766 -0.019407 -9.59892 -0.0115608 0.999737 -0.0197981 -4.27457 0.0191807 0.0200175 0.999616 349.389
0.999743 0.0112448 -0.0197037 -9.62576 -0.0116008 0.99977 -0.0180461 -4.34706 0.0194962 0.01827 0.999643 351.325
0.999727 0.0113215 -0.0204413 -9.64899 -0.0116522 0.999802 -0.0161315 -4.41096 0.0202546 0.0163652 0.999661 353.168
1 0 0 -9.68732 0 1 0 -4.46953 0 0 1 354.92
1 0 0 -9.71594 0 1 0 -4.52574 0 0 1 356.559
1 0 0 -9.7389 0 1 0 -4.57654 0 0 1 358.107
1 0 0 -9.77197 0 1 0 -4.64918 0 0 1 360.235
0.999179 0.0154038 -0.0374671 -9.85043 -0.0161919 0.999652 -0.0208217 -4.71641 0.0371334 0.0214113 0.999081 362.116
0.995038 0.0191792 -0.0976314 -10.0402 -0.0211646 0.999589 -0.0193405 -4.79643 0.0972203 0.0213109 0.995035 364.325
0.947617 0.018218 -0.318889 -10.726 -0.0206702 0.999777 -0.00430694 -4.86714 0.31874 0.0106728 0.947782 366.672
0.824625 0.0342536 -0.564642 -11.778 -0.0239279 0.999384 0.0256816 -4.87896 0.565173 -0.007667 0.824936 368.19
0.559692 0.0505539 -0.827158 -13.6052 -0.017653 0.998638 0.0490897 -4.81079 0.828513 -0.0128733 0.559822 369.589
0.19856 0.0318737 -0.97957 -16.0642 0.0176528 0.999193 0.0360904 -4.70588 0.979929 -0.0244583 0.197837 370.286
0.0176254 0.0477138 -0.998705 -17.7569 0.0199648 0.998645 0.0480632 -4.64121 0.999645 -0.020786 0.0166489 370.277
-0.0876736 0.0608635 -0.994288 -19.4924 0.0139348 0.998109 0.0598686 -4.56411 0.996052 -0.00860628 -0.0883559 370.058
-0.128308 0.0875059 -0.987866 -21.9782 0.00914531 0.996162 0.0870529 -4.41989 0.991692 0.00213521 -0.128616 369.678
-0.13099 0.0660029 -0.989183 -24.665 0.0138944 0.997806 0.0647382 -4.21548 0.991285 -0.00526398 -0.13162 369.33
-0.126076 0.0736117 -0.989285 -26.9157 0.00788944 0.997286 0.0732015 -4.06691 0.991988 0.00142409 -0.126314 369.039
-0.115784 0.0714569 -0.9907 -28.5031 -0.00868601 0.997298 0.0729479 -3.9515 0.993236 0.0170515 -0.11485 368.83
-0.0996334 0.0719746 -0.992417 -30.1674 -0.0205408 0.997019 0.0743705 -3.82731 0.994812 0.0277949 -0.0978579 368.649
-0.083046 0.076668 -0.993592 -31.9101 -0.0325608 0.996295 0.079598 -3.69738 0.996014 0.0389625 -0.080242 368.487
-0.0606736 0.071147 -0.995618 -34.6603 -0.033639 0.996744 0.0732774 -3.48446 0.99759 0.0379376 -0.0580827 368.312
-0.050537 0.0829525 -0.995271 -37.5225 -0.0299304 0.995971 0.0845307 -3.26988 0.998274 0.0340608 -0.0478506 368.159
-0.0498929 0.0814091 -0.995431 -39.4567 -0.0313428 0.996054 0.083031 -3.11737 0.998263 0.0353423 -0.0471445 368.05
-0.0480069 0.0777652 -0.995815 -42.4924 -0.0328349 0.996303 0.0793862 -2.88874 0.998307 0.0365086 -0.045276 367.895
-0.0454224 0.0727743 -0.996314 -44.5605 -0.0343667 0.996639 0.0743648 -2.74055 0.998377 0.0376178 -0.0427687 367.796
-0.043039 0.0727307 -0.996423 -46.7196 -0.0345026 0.996644 0.0742371 -2.59536 0.998478 0.0375743 -0.0403852 367.694
-0.0406412 0.072947 -0.996507 -48.8994 -0.0346393 0.996629 0.0743686 -2.4577 0.998573 0.0375408 -0.0379774 367.601
-0.0382887 0.0734559 -0.996563 -51.0809 -0.0347749 0.996592 0.0747941 -2.31919 0.998661 0.0375192 -0.0356038 367.503
-0.0359879 0.0743645 -0.996582 -53.285 -0.034914 0.996525 0.0756211 -2.17044 0.998742 0.037516 -0.0332665 367.404
-0.0337392 0.075677 -0.996562 -55.4807 -0.0350535 0.996426 0.0768535 -2.0231 0.998816 0.0375259 -0.0309659 367.306
-0.0354431 0.0739331 -0.996633 -57.6516 -0.0353494 0.996543 0.0751835 -1.88546 0.998746 0.0378951 -0.0327071 367.226
-0.0363483 0.073373 -0.996642 -59.8604 -0.0357037 0.996569 0.0746697 -1.74188 0.998701 0.0382979 -0.033604 367.142
-0.0364948 0.073961 -0.996593 -62.0187 -0.0361147 0.996508 0.0752773 -1.60687 0.998681 0.0387389 -0.0336963 367.052
-0.0359062 0.0756804 -0.996486 -64.1732 -0.0365825 0.996361 0.076989 -1.47617 0.998686 0.0392182 -0.0330069 366.959
-0.0345542 0.0785571 -0.996311 -66.3213 -0.0371104 0.996118 0.0798289 -1.33612 0.998714 0.0397319 -0.0315047 366.877
-0.0220962 0.0776753 -0.996734 -69.4959 -0.0400353 0.996109 0.0785141 -1.13386 0.998954 0.0416394 -0.0189004 366.775
-0.0176799 0.0809503 -0.996561 -71.6129 -0.0395185 0.995882 0.0815962 -0.995524 0.999062 0.0408252 -0.0144081 366.734
-0.005099 0.0909959 -0.995838 -74.7184 -0.0395684 0.995053 0.0911268 -0.775698 0.999203 0.0398684 -0.0014732 366.721
0.00458264 0.0819895 -0.996623 -77.675 -0.0331467 0.996098 0.0817939 -0.564349 0.99944 0.0326599 0.00728244 366.727
0.00296255 0.0783406 -0.996923 -79.5588 -0.0322379 0.996416 0.078205 -0.447633 0.999476 0.0319069 0.00547746 366.74
0.0040044 0.0752244 -0.997159 -82.2114 -0.032327 0.996655 0.0750566 -0.29079 0.99947 0.0319346 0.00642278 366.746
-0.010292 0.0732445 -0.997261 -84.8033 -0.0198039 0.997103 0.0734372 -0.137223 0.999751 0.0205055 -0.00881168 366.749
-0.0478126 0.0730136 -0.996183 -87.391 -0.015081 0.997158 0.0738088 0.026405 0.998741 0.0185525 -0.0465756 366.671
-0.0883386 0.0599037 -0.994287 -89.9508 -0.0196291 0.997891 0.0618648 0.179346 0.995897 0.0249821 -0.0869765 366.463
-0.109234 0.0569474 -0.992383 -92.5555 -0.0279891 0.997786 0.0603382 0.315635 0.993622 0.0343669 -0.107398 366.167
-0.110364 0.056988 -0.992257 -95.2212 -0.0279346 0.997783 0.0604124 0.457573 0.9935 0.0343856 -0.108528 365.842
-0.103252 0.0856123 -0.990964 -98.027 -0.0328664 0.995451 0.0894244 0.635744 0.994112 0.0418027 -0.0999687 365.551
-0.0903721 0.0823678 -0.992495 -99.948 -0.0454814 0.995193 0.086733 0.79707 0.994868 0.0529785 -0.0861914 365.348
-0.0739413 0.0726776 -0.994611 -101.922 -0.0496559 0.995836 0.0764586 0.96608 0.996025 0.0550418 -0.0700245 365.174
-0.0625176 0.086762 -0.994265 -104.033 -0.0437341 0.995019 0.0895777 1.131 0.997085 0.0490834 -0.0584117 365.049
-0.054858 0.0671429 -0.996233 -106.175 -0.0455325 0.99653 0.0696702 1.30526 0.997455 0.049183 -0.0516104 364.933
-0.0463518 0.0749584 -0.996108 -108.358 -0.0583854 0.995273 0.0776124 1.44717 0.997217 0.0617558 -0.0417562 364.801
-0.0352865 0.0579149 -0.997698 -110.597 -0.0584004 0.996494 0.0599105 1.58874 0.997669 0.06038 -0.0317805 364.707
-0.0236056 0.0572592 -0.998081 -112.905 -0.0469285 0.997194 0.0583182 1.71847 0.99862 0.048215 -0.0208523 364.653
-0.0111841 0.0757155 -0.997067 -115.273 -0.0443523 0.99611 0.0761403 1.85817 0.998954 0.0450737 -0.00778246 364.622
-0.00239026 0.0729429 -0.997334 -117.628 -0.0457178 0.996285 0.0729758 2.01826 0.998952 0.0457703 0.0009534 364.607
-0.00239026 0.0729429 -0.997334 -119.966 -0.0457178 0.996285 0.0729758 2.16085 0.998952 0.0457703 0.0009534 364.612
-0.00239026 0.0729429 -0.997334 -122.312 -0.0457178 0.996285 0.0729758 2.31345 0.998952 0.0457703 0.0009534 364.599
-0.00607121 0.0619903 -0.998058 -124.636 -0.0362331 0.997408 0.0621703 2.44836 0.999324 0.0365402 -0.00380937 364.593
-0.0183904 0.0599616 -0.998032 -126.972 -0.0213319 0.997949 0.0603498 2.56487 0.999604 0.0223997 -0.0170736 364.581
-0.0323161 0.0677122 -0.997181 -129.293 -0.0221315 0.997409 0.0684449 2.68333 0.999232 0.024281 -0.0307338 364.513
-0.0424596 0.0608179 -0.997246 -131.594 -0.033359 0.997503 0.0622539 2.81751 0.998541 0.0359104 -0.0403247 364.405
-0.0424596 0.0608179 -0.997246 -133.91 -0.033359 0.997503 0.0622539 2.93521 0.998541 0.0359104 -0.0403247 364.297
-0.045793 0.074562 -0.996164 -136.226 -0.0264757 0.99677 0.0758244 3.05994 0.9986 0.0298464 -0.043671 364.197
-0.045793 0.074562 -0.996164 -137.368 -0.0264757 0.99677 0.0758244 3.13342 0.9986 0.0298464 -0.043671 364.14
-0.0464445 0.0610187 -0.997055 -139.627 -0.0328511 0.997499 0.0625761 3.26647 0.99838 0.0356607 -0.0443239 364.022
-0.0464445 0.0610187 -0.997055 -140.767 -0.0328511 0.997499 0.0625761 3.33117 0.99838 0.0356607 -0.0443239 363.971
-0.0464445 0.0610187 -0.997055 -141.905 -0.0328511 0.997499 0.0625761 3.3859 0.99838 0.0356607 -0.0443239 363.914
-0.0524805 0.0707494 -0.996112 -144.167 -0.0252658 0.997074 0.0721488 3.51562 0.998302 0.028954 -0.0505394 363.823
-0.0524805 0.0707494 -0.996112 -146.413 -0.0252658 0.997074 0.0721488 3.65007 0.998302 0.028954 -0.0505394 363.683
-0.0524805 0.0707494 -0.996112 -147.523 -0.0252658 0.997074 0.0721488 3.71019 0.998302 0.028954 -0.0505394 363.612
-0.0569667 0.0624813 -0.996419 -149.729 -0.0263868 0.997597 0.0640637 3.83554 0.998027 0.0299418 -0.0551811 363.483
-0.0605043 0.0748497 -0.995358 -153.084 -0.0208136 0.996873 0.0762288 4.01453 0.997951 0.0253292 -0.0587572 363.275
-0.0605043 0.0748497 -0.995358 -155.275 -0.0208136 0.996873 0.0762288 4.15812 0.997951 0.0253292 -0.0587572 363.137
-0.0605043 0.0748497 -0.995358 -158.536 -0.0208136 0.996873 0.0762288 4.3565 0.997951 0.0253292 -0.0587572 362.927
-0.0601528 0.0648985 -0.996077 -160.669 -0.0159371 0.997695 0.0659663 4.48077 0.998062 0.0198427 -0.0589798 362.789
-0.0601528 0.0648985 -0.996077 -162.81 -0.0159371 0.997695 0.0659663 4.59963 0.998062 0.0198427 -0.0589798 362.656
-0.0601528 0.0648985 -0.996077 -164.919 -0.0159371 0.997695 0.0659663 4.71138 0.998062 0.0198427 -0.0589798 362.517
-0.0553136 0.0574481 -0.996815 -167.009 -0.0295548 0.997812 0.0591456 4.81789 0.998031 0.0327322 -0.0534947 362.36
-0.0472029 0.063108 -0.996889 -169.139 -0.0339176 0.997325 0.0647416 4.92338 0.998309 0.0368682 -0.0449361 362.22
-0.0335831 0.0593404 -0.997672 -172.341 -0.0240568 0.997899 0.0601636 5.09423 0.999146 0.0260213 -0.032085 362.109
-0.0248052 0.0556661 -0.998142 -174.499 -0.0148094 0.998318 0.056044 5.19994 0.999583 0.016172 -0.0239391 362.05
-0.0182254 0.0671063 -0.997579 -176.664 -0.00357704 0.997734 0.0671821 5.3102 0.999827 0.00479284 -0.0179441 362.017
-0.0182254 0.0671063 -0.997579 -178.852 -0.00357704 0.997734 0.0671821 5.44327 0.999827 0.00479284 -0.0179441 361.983
-0.0182254 0.0671063 -0.997579 -179.935 -0.00357704 0.997734 0.0671821 5.50114 0.999827 0.00479284 -0.0179441 361.95
-0.0128223 0.0695401 -0.997498 -182.119 -0.0159981 0.997437 0.0697416 5.62868 0.999791 0.0168522 -0.011677 361.889
-0.00408524 0.0650566 -0.997874 -184.341 -0.0266568 0.99752 0.0651427 5.76505 0.999637 0.0268662 -0.00234091 361.845
0.0057779 0.0678193 -0.997681 -186.579 -0.0312603 0.997222 0.0676071 5.89008 0.999495 0.0307972 0.0078819 361.823
0.0057779 0.0678193 -0.997681 -188.852 -0.0312603 0.997222 0.0676071 6.02508 0.999495 0.0307972 0.0078819 361.851
0.0057779 0.0678193 -0.997681 -191.129 -0.0312603 0.997222 0.0676071 6.15691 0.999495 0.0307972 0.0078819 361.869
0.0057779 0.0678193 -0.997681 -193.401 -0.0312603 0.997222 0.0676071 6.27983 0.999495 0.0307972 0.0078819 361.884
0.0057779 0.0678193 -0.997681 -195.67 -0.0312603 0.997222 0.0676071 6.4028 0.999495 0.0307972 0.0078819 361.897
0.0057779 0.0678193 -0.997681 -197.922 -0.0312603 0.997222 0.0676071 6.52376 0.999495 0.0307972 0.0078819 361.913
0.0057779 0.0678193 -0.997681 -200.177 -0.0312603 0.997222 0.0676071 6.64501 0.999495 0.0307972 0.0078819 361.929
0.0057779 0.0678193 -0.997681 -202.407 -0.0312603 0.997222 0.0676071 6.76298 0.999495 0.0307972 0.0078819 361.948
0.0140098 0.0741285 -0.99715 -204.626 -0.0317426 0.996778 0.0736549 6.88698 0.999397 0.0306202 0.0163177 361.964
0.0249791 0.0768386 -0.996731 -206.81 -0.0372193 0.996422 0.0758821 7.01414 0.998995 0.0352021 0.0277496 362.006
0.0386361 0.0736556 -0.996536 -208.939 -0.039641 0.996608 0.072124 7.13581 0.998467 0.036717 0.0414248 362.074
0.050506 0.0737107 -0.996 -211.007 -0.0379543 0.996694 0.0718375 7.24766 0.998002 0.0341742 0.0531367 362.169
0.050506 0.0737107 -0.996 -212.996 -0.0379543 0.996694 0.0718375 7.35165 0.998002 0.0341742 0.0531367 362.286
0.0557127 0.0812443 -0.995136 -214.953 -0.034211 0.996254 0.0794203 7.46107 0.997861 0.0296199 0.0582835 362.393
0.0557127 0.0812443 -0.995136 -216.838 -0.034211 0.996254 0.0794203 7.56604 0.997861 0.0296199 0.0582835 362.51
0.0610391 0.0719199 -0.995541 -218.645 -0.0386134 0.996824 0.0696451 7.68573 0.997388 0.0341902 0.0636223 362.616
0.071477 0.0930677 -0.993091 -220.386 -0.0468271 0.994853 0.0898625 7.78074 0.996342 0.0400805 0.0754672 362.724
0.0889297 0.0879821 -0.992145 -222.021 -0.0534805 0.995076 0.0834484 7.89712 0.994602 0.0456392 0.0931971 362.852
0.111247 0.0865249 -0.99002 -223.55 -0.0511887 0.995379 0.0812413 7.98782 0.992474 0.0416398 0.115162 363.033
0.175163 0.0712096 -0.98196 -226.297 -0.0383441 0.997118 0.0654689 8.1439 0.983792 0.0261847 0.177389 363.516
0.22418 0.0703729 -0.972003 -229.252 -0.0119445 0.997513 0.069465 8.28239 0.974474 -0.00396255 0.224463 364.219
0.22418 0.0703729 -0.972003 -230.819 -0.0119445 0.997513 0.069465 8.37014 0.974474 -0.00396255 0.224463 364.593
0.202974 0.0743143 -0.976359 -232.259 -0.0122623 0.997231 0.0733537 8.43918 0.979106 -0.00291638 0.203323 364.893
0.167053 0.0700521 -0.983456 -233.538 -0.00725392 0.997533 0.0698226 8.51715 0.985921 -0.00453016 0.167149 365.1
0.082994 0.0729915 -0.993873 -235.183 -0.00940676 0.997327 0.0724597 8.60757 0.996505 0.00333547 0.0834588 365.22
0.00457305 0.0753631 -0.997145 -236.758 -0.0124549 0.997083 0.0753013 8.70079 0.999911 0.012075 0.00549836 365.212
-0.0345114 0.0724618 -0.996774 -238.378 -0.0275276 0.996921 0.0734256 8.80712 0.999025 0.0299728 -0.0324104 365.113
-0.0345114 0.0724618 -0.996774 -239.231 -0.0275276 0.996921 0.0734256 8.86213 0.999025 0.0299728 -0.0324104 365.073
-0.0345114 0.0724618 -0.996774 -240.097 -0.0275276 0.996921 0.0734256 8.91615 0.999025 0.0299728 -0.0324104 365.044
-0.0129065 0.0706097 -0.99742 -241.381 -0.0403883 0.996653 0.071078 8.99844 0.9991 0.0412015 -0.0100115 365.021
0.0291114 0.0754313 -0.996726 -243.095 -0.048962 0.996059 0.0739508 9.10656 0.998376 0.0466489 0.03269 365.08
0.108485 0.0701599 -0.991618 -246.162 -0.0571781 0.996295 0.0642354 9.27397 0.992452 0.0497304 0.112094 365.36
-0.0484954 0.058981 -0.99708 -249.673 -0.0350994 0.997538 0.0607152 9.44209 0.998206 0.0379414 -0.0463058 365.562
-0.35481 0.0653761 -0.932651 -252.225 -0.0183056 0.996875 0.076842 9.63081 0.934761 0.0443369 -0.352504 364.818
-0.607 0.066188 -0.791941 -254.186 0.0165936 0.997364 0.0706382 9.80082 0.794529 0.0297362 -0.606498 363.558
-0.740942 0.0759678 -0.667258 -255.237 0.0347517 0.996587 0.0748729 9.89225 0.670669 0.0322881 -0.741054 362.346
-0.851515 0.0865384 -0.517138 -256.187 0.0562204 0.995669 0.0740442 10.0048 0.521306 0.0339761 -0.852692 360.853
-0.901574 0.0844142 -0.424311 -256.679 0.0595208 0.995655 0.0716105 10.1061 0.428512 0.0393068 -0.902681 359.696
-0.935167 0.0847759 -0.34391 -257.127 0.064036 0.995401 0.0712441 10.1912 0.348369 0.0446025 -0.936295 358.423
-0.958672 0.0874837 -0.270732 -257.515 0.071076 0.995022 0.0698469 10.2834 0.275495 0.0477177 -0.960119 357.043
-0.973197 0.0919973 -0.210767 -257.835 0.0813428 0.994957 0.0586933 10.3744 0.215104 0.0399758 -0.975772 355.572
-0.982589 0.0970186 -0.158446 -258.1 0.0905613 0.994758 0.047495 10.4632 0.162224 0.032319 -0.986224 354.007
-0.988335 0.107894 -0.107485 -258.31 0.103028 0.993428 0.049852 10.5411 0.112157 0.0381964 -0.992956 352.335
-0.991912 0.107139 -0.0680762 -258.426 0.103947 0.993383 0.0488326 10.6243 0.0728577 0.0413613 -0.996486 350.58
-0.994437 0.0933641 -0.0487506 -258.49 0.0913746 0.994949 0.0415626 10.7014 0.0523848 0.0368769 -0.997945 348.744
-0.994437 0.0933641 -0.0487506 -258.6 0.0913746 0.994949 0.0415626 10.8244 0.0523848 0.0368769 -0.997945 345.8
-0.994437 0.0933641 -0.0487506 -258.706 0.0913746 0.994949 0.0415626 10.907 0.0523848 0.0368769 -0.997945 343.735
-0.994437 0.0933641 -0.0487506 -258.803 0.0913746 0.994949 0.0415626 10.9907 0.0523848 0.0368769 -0.997945 341.603
-0.994437 0.0933641 -0.0487506 -258.89 0.0913746 0.994949 0.0415626 11.0736 0.0523848 0.0368769 -0.997945 339.416
-0.994437 0.0933641 -0.0487506 -258.99 0.0913746 0.994949 0.0415626 11.1468 0.0523848 0.0368769 -0.997945 337.188
-0.994437 0.0933641 -0.0487506 -259.087 0.0913746 0.994949 0.0415626 11.2157 0.0523848 0.0368769 -0.997945 334.916
-0.994437 0.0933641 -0.0487506 -259.185 0.0913746 0.994949 0.0415626 11.3042 0.0523848 0.0368769 -0.997945 332.598
-0.994422 0.0971358 -0.0410583 -259.284 0.0949131 0.994073 0.0530045 11.3957 0.0459636 0.048812 -0.997748 330.22
-0.994422 0.0971358 -0.0410583 -259.375 0.0949131 0.994073 0.0530045 11.4944 0.0459636 0.048812 -0.997748 327.836
-0.995179 0.0900646 -0.0387929 -259.455 0.0890281 0.995645 0.0276681 11.5715 0.0411159 0.0240811 -0.998863 325.473
-0.995837 0.085269 -0.0322027 -259.526 0.0840008 0.995707 0.0388718 11.6096 0.035379 0.036005 -0.998725 323.108
-0.996309 0.0829817 -0.0219395 -259.58 0.0817696 0.995328 0.0513352 11.6938 0.0260968 0.0493517 -0.99844 320.764
-0.996489 0.0828959 -0.0119108 -259.604 0.0822408 0.995469 0.047725 11.7865 0.0158131 0.0465778 -0.998791 318.391
-0.996528 0.0831246 -0.00466435 -259.589 0.0828029 0.995389 0.0484253 11.8637 0.00866818 0.047871 -0.998816 316.063
-0.996195 0.0861926 0.0129786 -259.591 0.0867392 0.994972 0.050068 11.9487 -0.00859789 0.0510032 -0.998663 313.704
-0.995813 0.088124 0.0242528 -259.538 0.0892409 0.994772 0.0496463 12.0324 -0.0197509 0.0516029 -0.998471 311.383
-0.995152 0.0917122 0.0355732 -259.48 0.0933807 0.994449 0.0484841 12.1192 -0.0309291 0.0515708 -0.998192 309.05
-0.994602 0.0934433 0.0450903 -259.375 0.095529 0.994337 0.0465578 12.1979 -0.0404845 0.0506139 -0.997896 306.747
-0.993569 0.0993359 0.0542973 -259.264 0.101754 0.993848 0.0437328 12.2675 -0.049619 0.0489766 -0.997565 304.461
-0.992456 0.104431 0.0642386 -259.128 0.107322 0.99328 0.0433294 12.3401 -0.0592819 0.0498967 -0.996995 302.179
-0.991469 0.107501 0.073711 -258.969 0.110894 0.992876 0.0435877 12.417 -0.0685002 0.05139 -0.996327 299.905
-0.991469 0.107501 0.073711 -258.791 0.110894 0.992876 0.0435877 12.4784 -0.0685002 0.05139 -0.996327 297.652
-0.991469 0.107501 0.073711 -258.604 0.110894 0.992876 0.0435877 12.5447 -0.0685002 0.05139 -0.996327 295.394
-0.991469 0.107501 0.073711 -258.419 0.110894 0.992876 0.0435877 12.6158 -0.0685002 0.05139 -0.996327 293.128
-0.991469 0.107501 0.073711 -258.254 0.110894 0.992876 0.0435877 12.6892 -0.0685002 0.05139 -0.996327 290.838
-0.991469 0.107501 0.073711 -258.069 0.110894 0.992876 0.0435877 12.7651 -0.0685002 0.05139 -0.996327 288.558
-0.991469 0.107501 0.073711 -257.895 0.110894 0.992876 0.0435877 12.8349 -0.0685002 0.05139 -0.996327 286.266
-0.991469 0.107501 0.073711 -257.707 0.110894 0.992876 0.0435877 12.9072 -0.0685002 0.05139 -0.996327 283.96
-0.991469 0.107501 0.073711 -257.619 0.110894 0.992876 0.0435877 12.9483 -0.0685002 0.05139 -0.996327 282.802
-0.991469 0.107501 0.073711 -257.444 0.110894 0.992876 0.0435877 13.0227 -0.0685002 0.05139 -0.996327 280.464
-0.991469 0.107501 0.073711 -257.251 0.110894 0.992876 0.0435877 13.0913 -0.0685002 0.05139 -0.996327 278.139
-0.991469 0.107501 0.073711 -257.051 0.110894 0.992876 0.0435877 13.1699 -0.0685002 0.05139 -0.996327 275.792
-0.991555 0.101404 0.0808334 -256.856 0.104958 0.993631 0.040992 13.2497 -0.0761618 0.04913 -0.995884 273.429
-0.991555 0.101404 0.0808334 -256.744 0.104958 0.993631 0.040992 13.287 -0.0761618 0.04913 -0.995884 272.241
-0.990935 0.0997598 0.089984 -256.539 0.103788 0.993744 0.0412393 13.3629 -0.085307 0.0502046 -0.99509 269.862
-0.990935 0.0997598 0.089984 -256.423 0.103788 0.993744 0.0412393 13.3975 -0.085307 0.0502046 -0.99509 268.675
-0.990935 0.0997598 0.089984 -256.31 0.103788 0.993744 0.0412393 13.4295 -0.085307 0.0502046 -0.99509 267.472
-0.98988 0.0997334 0.100949 -256.08 0.104663 0.9935 0.0447635 13.5031 -0.0958289 0.0548762 -0.993884 265.073
-0.988959 0.0971282 0.111914 -255.809 0.102942 0.993558 0.0473859 13.5817 -0.106591 0.0583834 -0.992586 262.669
-0.987853 0.095265 0.12276 -255.518 0.101188 0.99394 0.0429399 13.6736 -0.117925 0.0548401 -0.991507 260.257
-0.986214 0.0962444 0.134621 -255.209 0.102366 0.99397 0.0393012 13.744 -0.130027 0.05254 -0.990119 257.838
-0.985047 0.0934162 0.144756 -254.845 0.100381 0.99408 0.0415664 13.8184 -0.140016 0.0554757 -0.988594 255.404
-0.985047 0.0934162 0.144756 -254.651 0.100381 0.99408 0.0415664 13.8574 -0.140016 0.0554757 -0.988594 254.171
-0.985047 0.0934162 0.144756 -254.461 0.100381 0.99408 0.0415664 13.8952 -0.140016 0.0554757 -0.988594 252.937
-0.983098 0.0972995 0.155085 -254.1 0.104447 0.993781 0.0386072 13.9684 -0.150364 0.0541528 -0.987147 250.484
-0.983098 0.0972995 0.155085 -253.901 0.104447 0.993781 0.0386072 14.0028 -0.150364 0.0541528 -0.987147 249.267
-0.980474 0.103241 0.167364 -253.501 0.111139 0.993059 0.0385007 14.0607 -0.162228 0.0563496 -0.985142 246.816
-0.978663 0.103292 0.177616 -253.073 0.112387 0.992781 0.0419001 14.1203 -0.172005 0.0609678 -0.983206 244.411
-0.978663 0.103292 0.177616 -252.619 0.112387 0.992781 0.0419001 14.1903 -0.172005 0.0609678 -0.983206 241.98
-0.977151 0.106351 0.184014 -252.167 0.114222 0.992917 0.0326873 14.2551 -0.179235 0.052959 -0.982378 239.554
-0.977151 0.106351 0.184014 -251.706 0.114222 0.992917 0.0326873 14.3097 -0.179235 0.052959 -0.982378 237.104
-0.977151 0.106351 0.184014 -251.232 0.114222 0.992917 0.0326873 14.3645 -0.179235 0.052959 -0.982378 234.676
-0.977151 0.106351 0.184014 -250.772 0.114222 0.992917 0.0326873 14.4137 -0.179235 0.052959 -0.982378 232.25
-0.975099 0.108942 0.193162 -250.303 0.116415 0.992813 0.0277336 14.4642 -0.188752 0.04953 -0.980774 229.833
-0.972879 0.111196 0.202841 -249.799 0.118551 0.992647 0.0244363 14.4966 -0.198633 0.0478205 -0.978908 227.439
-0.972879 0.111196 0.202841 -249.533 0.118551 0.992647 0.0244363 14.5136 -0.198633 0.0478205 -0.978908 226.232
-0.970267 0.114539 0.213212 -249.036 0.123933 0.9918 0.0311843 14.5528 -0.207892 0.0566812 -0.976506 223.82
-0.967821 0.119068 0.221693 -248.505 0.128412 0.991321 0.028174 14.6002 -0.216415 0.0557355 -0.97471 221.396
-0.966397 0.119507 0.227582 -247.937 0.127497 0.991623 0.0206816 14.6254 -0.223204 0.0490025 -0.973539 218.996
-0.966397 0.119507 0.227582 -247.351 0.127497 0.991623 0.0206816 14.6437 -0.223204 0.0490025 -0.973539 216.592
-0.966397 0.119507 0.227582 -246.766 0.127497 0.991623 0.0206816 14.6679 -0.223204 0.0490025 -0.973539 214.194
-0.966397 0.119507 0.227582 -246.211 0.127497 0.991623 0.0206816 14.6818 -0.223204 0.0490025 -0.973539 211.815
-0.966397 0.119507 0.227582 -245.635 0.127497 0.991623 0.0206816 14.694 -0.223204 0.0490025 -0.973539 209.438
-0.966397 0.119507 0.227582 -245.069 0.127497 0.991623 0.0206816 14.719 -0.223204 0.0490025 -0.973539 207.067
-0.966397 0.119507 0.227582 -244.491 0.127497 0.991623 0.0206816 14.7346 -0.223204 0.0490025 -0.973539 204.707
-0.966397 0.119507 0.227582 -243.932 0.127497 0.991623 0.0206816 14.7534 -0.223204 0.0490025 -0.973539 202.334
-0.964624 0.117317 0.236095 -243.359 0.126576 0.991657 0.0243971 14.7733 -0.231263 0.053418 -0.971425 199.966
-0.964624 0.117317 0.236095 -243.057 0.126576 0.991657 0.0243971 14.7844 -0.231263 0.053418 -0.971425 198.786
-0.963654 0.109669 0.243603 -242.461 0.118019 0.992812 0.0199072 14.8099 -0.239668 0.0479336 -0.96967 196.429
-0.962035 0.104843 0.251984 -241.847 0.112679 0.993489 0.0168293 14.8262 -0.248579 0.0445838 -0.967585 194.081
-0.962035 0.104843 0.251984 -241.534 0.112679 0.993489 0.0168293 14.8369 -0.248579 0.0445838 -0.967585 192.916
-0.962035 0.104843 0.251984 -241.218 0.112679 0.993489 0.0168293 14.8379 -0.248579 0.0445838 -0.967585 191.747
-0.962035 0.104843 0.251984 -240.9 0.112679 0.993489 0.0168293 14.8459 -0.248579 0.0445838 -0.967585 190.579
-0.962035 0.104843 0.251984 -240.585 0.112679 0.993489 0.0168293 14.853 -0.248579 0.0445838 -0.967585 189.449
-0.959119 0.105788 0.262483 -239.972 0.113464 0.99344 0.0142151 14.8624 -0.259257 0.0434164 -0.964831 187.112
-0.956451 0.105462 0.272171 -239.33 0.112963 0.993527 0.0119919 14.8687 -0.269145 0.0422149 -0.962173 184.775
-0.956451 0.105462 0.272171 -239.001 0.112963 0.993527 0.0119919 14.8671 -0.269145 0.0422149 -0.962173 183.643
-0.956451 0.105462 0.272171 -238.34 0.112963 0.993527 0.0119919 14.8623 -0.269145 0.0422149 -0.962173 181.379
-0.953614 0.108758 0.280697 -237.684 0.117504 0.992967 0.0144648 14.8716 -0.27715 0.0467768 -0.959687 179.098
-0.950746 0.11377 0.288342 -237.005 0.122911 0.992323 0.0137358 14.8699 -0.284565 0.0484994 -0.95743 176.823
-0.947849 0.1167 0.296582 -236.308 0.127107 0.99176 0.0159827 14.8678 -0.292273 0.052847 -0.954872 174.551
-0.945212 0.119757 0.303697 -235.601 0.128814 0.991619 0.00988925 14.867 -0.299968 0.048468 -0.952717 172.31
-0.945212 0.119757 0.303697 -234.857 0.128814 0.991619 0.00988925 14.8641 -0.299968 0.048468 -0.952717 170.04
-0.945212 0.119757 0.303697 -234.11 0.128814 0.991619 0.00988925 14.8573 -0.299968 0.048468 -0.952717 167.765
-0.942766 0.118655 0.311633 -233.361 0.126638 0.991934 0.00542937 14.8558 -0.308475 0.0445831 -0.950188 165.477
-0.93961 0.123763 0.319084 -232.594 0.130702 0.991422 0.000337181 14.8377 -0.316305 0.0420219 -0.947726 163.192
-0.935448 0.13016 0.328631 -231.826 0.138319 0.990387 0.00146411 14.8184 -0.325282 0.0468254 -0.944458 160.892
-0.932193 0.132195 0.336955 -231 0.139307 0.990244 -0.00310048 14.7907 -0.334078 0.0440498 -0.941515 158.575
-0.932193 0.132195 0.336955 -230.583 0.139307 0.990244 -0.00310048 14.7754 -0.334078 0.0440498 -0.941515 157.417
-0.929398 0.129339 0.345677 -229.736 0.138337 0.990384 0.00137287 14.7471 -0.342175 0.0490956 -0.938354 155.123
-0.929398 0.129339 0.345677 -229.302 0.138337 0.990384 0.00137287 14.7285 -0.342175 0.0490956 -0.938354 153.969
-0.929398 0.129339 0.345677 -228.859 0.138337 0.990384 0.00137287 14.7185 -0.342175 0.0490956 -0.938354 152.816
-0.929398 0.129339 0.345677 -228.419 0.138337 0.990384 0.00137287 14.7089 -0.342175 0.0490956 -0.938354 151.682
-0.929398 0.129339 0.345677 -227.988 0.138337 0.990384 0.00137287 14.6858 -0.342175 0.0490956 -0.938354 150.546
-0.929398 0.129339 0.345677 -227.556 0.138337 0.990384 0.00137287 14.67 -0.342175 0.0490956 -0.938354 149.397
-0.929398 0.129339 0.345677 -226.693 0.138337 0.990384 0.00137287 14.6394 -0.342175 0.0490956 -0.938354 147.115
-0.927286 0.124805 0.352942 -225.843 0.134886 0.990853 0.00400826 14.6151 -0.349213 0.0513238 -0.935638 144.83
-0.927286 0.124805 0.352942 -224.953 0.134886 0.990853 0.00400826 14.5908 -0.349213 0.0513238 -0.935638 142.553
-0.924078 0.127807 0.360199 -224.089 0.136723 0.990609 -0.000732824 14.5664 -0.35691 0.0485704 -0.932874 140.288
-0.921803 0.12688 0.366308 -223.202 0.133462 0.991026 -0.00741348 14.5321 -0.363961 0.0420543 -0.930464 138.045
-0.921803 0.12688 0.366308 -222.748 0.133462 0.991026 -0.00741348 14.5074 -0.363961 0.0420543 -0.930464 136.931
-0.918286 0.12846 0.374495 -221.855 0.136328 0.990648 -0.00552645 14.4597 -0.371703 0.0459795 -0.927211 134.708
-0.914028 0.129346 0.384478 -220.954 0.136614 0.990588 -0.00847695 14.413 -0.381955 0.044777 -0.923096 132.496
-0.910757 0.125198 0.393509 -220.011 0.134617 0.990891 -0.00369702 14.3662 -0.390388 0.0496058 -0.919314 130.28
-0.905788 0.131139 0.402924 -219.06 0.141469 0.989934 -0.00416595 14.3302 -0.399415 0.0532277 -0.915222 128.078
-0.901112 0.132266 0.412916 -218.09 0.143107 0.989696 -0.00471655 14.2948 -0.409286 0.054841 -0.910756 125.902
-0.897459 0.126882 0.422454 -217.076 0.138294 0.990384 -0.00366794 14.2582 -0.418857 0.0551308 -0.906377 123.718
-0.892881 0.132602 0.430324 -216.045 0.141859 0.989829 -0.0106672 14.2187 -0.427362 0.0515207 -0.90261 121.547
-0.888668 0.136666 0.437714 -215.007 0.145285 0.989292 -0.0139202 14.1706 -0.43493 0.0512227 -0.899007 119.372
-0.888668 0.136666 0.437714 -213.925 0.145285 0.989292 -0.0139202 14.1124 -0.43493 0.0512227 -0.899007 117.173
-0.88463 0.138015 0.445398 -212.835 0.148146 0.98889 -0.0121848 14.0506 -0.442132 0.0552047 -0.895249 114.962
-0.880046 0.144383 0.452408 -211.738 0.151928 0.988192 -0.0198368 13.9957 -0.44993 0.0512762 -0.891591 112.762
-0.876398 0.142747 0.459949 -210.606 0.148743 0.988599 -0.0233966 13.9257 -0.458045 0.0479096 -0.887639 110.56
-0.873649 0.137237 0.466804 -209.433 0.141662 0.989579 -0.0258011 13.8392 -0.46548 0.043587 -0.883986 108.36
-0.869521 0.135285 0.475006 -208.245 0.140749 0.989749 -0.0242393 13.7477 -0.473416 0.0457799 -0.879648 106.178
-0.869521 0.135285 0.475006 -207.038 0.140749 0.989749 -0.0242393 13.6571 -0.473416 0.0457799 -0.879648 103.979
-0.869521 0.135285 0.475006 -206.43 0.140749 0.989749 -0.0242393 13.6146 -0.473416 0.0457799 -0.879648 102.876
-0.865165 0.132562 0.483649 -205.218 0.139246 0.990008 -0.0222628 13.5216 -0.481768 0.0480851 -0.874979 100.685
-0.860194 0.135938 0.491513 -204.009 0.140488 0.989691 -0.0278509 13.4359 -0.490232 0.0450945 -0.870423 98.4857
-0.853658 0.133379 0.503468 -202.08 0.139958 0.989844 -0.0249239 13.2923 -0.501679 0.0491878 -0.863656 95.1474
-0.850661 0.126796 0.510194 -200.775 0.132317 0.990876 -0.0256411 13.1952 -0.50879 0.0456954 -0.859677 92.942
-0.84877 0.121613 0.514586 -199.43 0.123983 0.991834 -0.0298998 13.0975 -0.51402 0.038422 -0.856917 90.723
-0.84877 0.121613 0.514586 -198.074 0.123983 0.991834 -0.0298998 12.9901 -0.51402 0.038422 -0.856917 88.4905
-0.84877 0.121613 0.514586 -196.739 0.123983 0.991834 -0.0298998 12.8867 -0.51402 0.038422 -0.856917 86.2679
-0.84877 0.121613 0.514586 -195.366 0.123983 0.991834 -0.0298998 12.7834 -0.51402 0.038422 -0.856917 84.0402
-0.84877 0.121613 0.514586 -194.004 0.123983 0.991834 -0.0298998 12.6786 -0.51402 0.038422 -0.856917 81.7987
-0.84877 0.121613 0.514586 -192.626 0.123983 0.991834 -0.0298998 12.5777 -0.51402 0.038422 -0.856917 79.5483
-0.849688 0.1125 0.515143 -191.249 0.116423 0.99289 -0.0248021 12.4791 -0.514271 0.0389004 -0.856744 77.294
-0.849688 0.1125 0.515143 -189.891 0.116423 0.99289 -0.0248021 12.3784 -0.514271 0.0389004 -0.856744 75.0464
-0.848542 0.130117 0.512883 -188.556 0.13525 0.99043 -0.0275047 12.2792 -0.511554 0.0460286 -0.858019 72.7768
-0.848275 0.140077 0.510693 -187.228 0.147688 0.988696 -0.0258741 12.1765 -0.508544 0.0534748 -0.859374 70.5066
-0.848275 0.140077 0.510693 -185.917 0.147688 0.988696 -0.0258741 12.0808 -0.508544 0.0534748 -0.859374 68.2627
-0.848275 0.140077 0.510693 -184.573 0.147688 0.988696 -0.0258741 11.9859 -0.508544 0.0534748 -0.859374 66.0283
-0.848275 0.140077 0.510693 -183.229 0.147688 0.988696 -0.0258741 11.8811 -0.508544 0.0534748 -0.859374 63.7898
-0.848275 0.140077 0.510693 -181.891 0.147688 0.988696 -0.0258741 11.7796 -0.508544 0.0534748 -0.859374 61.5314
-0.848275 0.140077 0.510693 -180.57 0.147688 0.988696 -0.0258741 11.6724 -0.508544 0.0534748 -0.859374 59.2921
-0.848275 0.140077 0.510693 -179.241 0.147688 0.988696 -0.0258741 11.5801 -0.508544 0.0534748 -0.859374 57.0638
-0.848275 0.140077 0.510693 -177.928 0.147688 0.988696 -0.0258741 11.4902 -0.508544 0.0534748 -0.859374 54.8599
-0.848275 0.140077 0.510693 -176.591 0.147688 0.988696 -0.0258741 11.3924 -0.508544 0.0534748 -0.859374 52.6319
-0.848275 0.140077 0.510693 -175.263 0.147688 0.988696 -0.0258741 11.2963 -0.508544 0.0534748 -0.859374 50.4223
-0.848275 0.140077 0.510693 -173.964 0.147688 0.988696 -0.0258741 11.2 -0.508544 0.0534748 -0.859374 48.213
-0.848275 0.140077 0.510693 -172.633 0.147688 0.988696 -0.0258741 11.103 -0.508544 0.0534748 -0.859374 45.9861
-0.848275 0.140077 0.510693 -171.296 0.147688 0.988696 -0.0258741 11.007 -0.508544 0.0534748 -0.859374 43.7554
-0.848275 0.140077 0.510693 -169.956 0.147688 0.988696 -0.0258741 10.9049 -0.508544 0.0534748 -0.859374 41.5319
-0.848275 0.140077 0.510693 -168.626 0.147688 0.988696 -0.0258741 10.8011 -0.508544 0.0534748 -0.859374 39.293
-0.848275 0.140077 0.510693 -167.315 0.147688 0.988696 -0.0258741 10.7139 -0.508544 0.0534748 -0.859374 37.0721
-0.848275 0.140077 0.510693 -165.984 0.147688 0.988696 -0.0258741 10.6202 -0.508544 0.0534748 -0.859374 34.8398
-0.848275 0.140077 0.510693 -164.646 0.147688 0.988696 -0.0258741 10.5178 -0.508544 0.0534748 -0.859374 32.6162
-0.849829 0.13527 0.509401 -163.31 0.139112 0.989799 -0.0307594 10.4149 -0.508366 0.0447235 -0.859978 30.4189
-0.849829 0.13527 0.509401 -162.648 0.139112 0.989799 -0.0307594 10.3584 -0.508366 0.0447235 -0.859978 29.3142
-0.849829 0.13527 0.509401 -161.327 0.139112 0.989799 -0.0307594 10.2435 -0.508366 0.0447235 -0.859978 27.108
-0.849829 0.13527 0.509401 -160.004 0.139112 0.989799 -0.0307594 10.1343 -0.508366 0.0447235 -0.859978 24.9034
-0.849829 0.13527 0.509401 -159.347 0.139112 0.989799 -0.0307594 10.072 -0.508366 0.0447235 -0.859978 23.8036
-0.849829 0.13527 0.509401 -158.693 0.139112 0.989799 -0.0307594 10.0154 -0.508366 0.0447235 -0.859978 22.7044
-0.849829 0.13527 0.509401 -157.384 0.139112 0.989799 -0.0307594 9.90785 -0.508366 0.0447235 -0.859978 20.4805
-0.849829 0.13527 0.509401 -156.072 0.139112 0.989799 -0.0307594 9.78893 -0.508366 0.0447235 -0.859978 18.2694
-0.849829 0.13527 0.509401 -155.409 0.139112 0.989799 -0.0307594 9.74072 -0.508366 0.0447235 -0.859978 17.1524
-0.850088 0.129268 0.510531 -154.068 0.137728 0.990239 -0.0214 9.64052 -0.508314 0.0521225 -0.859594 14.9185
-0.850088 0.129268 0.510531 -152.737 0.137728 0.990239 -0.0214 9.54736 -0.508314 0.0521225 -0.859594 12.7031
-0.850088 0.129268 0.510531 -151.435 0.137728 0.990239 -0.0214 9.47997 -0.508314 0.0521225 -0.859594 10.4634
-0.850088 0.129268 0.510531 -150.105 0.137728 0.990239 -0.0214 9.40484 -0.508314 0.0521225 -0.859594 8.2264
-0.850088 0.129268 0.510531 -148.774 0.137728 0.990239 -0.0214 9.31703 -0.508314 0.0521225 -0.859594 5.97656
-0.850088 0.129268 0.510531 -148.109 0.137728 0.990239 -0.0214 9.27105 -0.508314 0.0521225 -0.859594 4.85846
-0.850088 0.129268 0.510531 -146.79 0.137728 0.990239 -0.0214 9.19671 -0.508314 0.0521225 -0.859594 2.64156
-0.850088 0.129268 0.510531 -145.458 0.137728 0.990239 -0.0214 9.11076 -0.508314 0.0521225 -0.859594 0.393654
-0.850088 0.129268 0.510531 -144.129 0.137728 0.990239 -0.0214 9.02268 -0.508314 0.0521225 -0.859594 -1.8552
-0.850088 0.129268 0.510531 -142.779 0.137728 0.990239 -0.0214 8.94127 -0.508314 0.0521225 -0.859594 -4.11691
-0.850088 0.129268 0.510531 -141.426 0.137728 0.990239 -0.0214 8.85838 -0.508314 0.0521225 -0.859594 -6.37921
-0.850088 0.129268 0.510531 -140.107 0.137728 0.990239 -0.0214 8.77851 -0.508314 0.0521225 -0.859594 -8.61118
-0.850088 0.129268 0.510531 -138.755 0.137728 0.990239 -0.0214 8.69228 -0.508314 0.0521225 -0.859594 -10.8571
-0.850088 0.129268 0.510531 -137.403 0.137728 0.990239 -0.0214 8.60471 -0.508314 0.0521225 -0.859594 -13.1238
-0.850088 0.129268 0.510531 -136.048 0.137728 0.990239 -0.0214 8.51411 -0.508314 0.0521225 -0.859594 -15.386
-0.850088 0.129268 0.510531 -134.702 0.137728 0.990239 -0.0214 8.4181 -0.508314 0.0521225 -0.859594 -17.6459
-0.850088 0.129268 0.510531 -133.36 0.137728 0.990239 -0.0214 8.31729 -0.508314 0.0521225 -0.859594 -19.8767
-0.850088 0.129268 0.510531 -131.999 0.137728 0.990239 -0.0214 8.24093 -0.508314 0.0521225 -0.859594 -22.1406
-0.850088 0.129268 0.510531 -130.664 0.137728 0.990239 -0.0214 8.14677 -0.508314 0.0521225 -0.859594 -24.3549
-0.850088 0.129268 0.510531 -129.331 0.137728 0.990239 -0.0214 8.06277 -0.508314 0.0521225 -0.859594 -26.5852
-0.850088 0.129268 0.510531 -128.025 0.137728 0.990239 -0.0214 7.9696 -0.508314 0.0521225 -0.859594 -28.7838
-0.850088 0.129268 0.510531 -126.728 0.137728 0.990239 -0.0214 7.87551 -0.508314 0.0521225 -0.859594 -30.9816
-0.850088 0.129268 0.510531 -125.428 0.137728 0.990239 -0.0214 7.78426 -0.508314 0.0521225 -0.859594 -33.1752
-0.850088 0.129268 0.510531 -124.13 0.137728 0.990239 -0.0214 7.70497 -0.508314 0.0521225 -0.859594 -35.3847
-0.850088 0.129268 0.510531 -123.486 0.137728 0.990239 -0.0214 7.66838 -0.508314 0.0521225 -0.859594 -36.4848
-0.850749 0.136606 0.507512 -122.195 0.140722 0.98958 -0.03047 7.56713 -0.506386 0.0454957 -0.861108 -38.6614
-0.850749 0.136606 0.507512 -120.923 0.140722 0.98958 -0.03047 7.4576 -0.506386 0.0454957 -0.861108 -40.8341
-0.850749 0.136606 0.507512 -120.289 0.140722 0.98958 -0.03047 7.40951 -0.506386 0.0454957 -0.861108 -41.9057
-0.850749 0.136606 0.507512 -119.026 0.140722 0.98958 -0.03047 7.29062 -0.506386 0.0454957 -0.861108 -44.0342
-0.850749 0.136606 0.507512 -118.404 0.140722 0.98958 -0.03047 7.22602 -0.506386 0.0454957 -0.861108 -45.0736
-0.850749 0.136606 0.507512 -117.18 0.140722 0.98958 -0.03047 7.12252 -0.506386 0.0454957 -0.861108 -47.1646
-0.850749 0.136606 0.507512 -115.981 0.140722 0.98958 -0.03047 6.99741 -0.506386 0.0454957 -0.861108 -49.1835
-0.850749 0.136606 0.507512 -114.795 0.140722 0.98958 -0.03047 6.88988 -0.506386 0.0454957 -0.861108 -51.1562
-0.850749 0.136606 0.507512 -113.648 0.140722 0.98958 -0.03047 6.76995 -0.506386 0.0454957 -0.861108 -53.0764
-0.850749 0.136606 0.507512 -112.509 0.140722 0.98958 -0.03047 6.66721 -0.506386 0.0454957 -0.861108 -54.9866
-0.850749 0.136606 0.507512 -111.415 0.140722 0.98958 -0.03047 6.56583 -0.506386 0.0454957 -0.861108 -56.8548
-0.850749 0.136606 0.507512 -110.354 0.140722 0.98958 -0.03047 6.47433 -0.506386 0.0454957 -0.861108 -58.641
-0.850749 0.136606 0.507512 -109.327 0.140722 0.98958 -0.03047 6.37942 -0.506386 0.0454957 -0.861108 -60.3649
-0.847285 0.131079 0.514708 -108.346 0.136239 0.990282 -0.0279216 6.28046 -0.513366 0.046466 -0.856909 -62.0112
-0.847285 0.131079 0.514708 -107.868 0.136239 0.990282 -0.0279216 6.2399 -0.513366 0.046466 -0.856909 -62.7888
-0.847285 0.131079 0.514708 -107.396 0.136239 0.990282 -0.0279216 6.19611 -0.513366 0.046466 -0.856909 -63.5426
-0.839551 0.130438 0.527391 -106.483 0.133599 0.990509 -0.0323046 6.10577 -0.526599 0.0433374 -0.849009 -65.0171
-0.825897 0.130328 0.548554 -105.582 0.131195 0.990634 -0.0378346 6.00829 -0.548348 0.0407202 -0.83526 -66.4096
-0.817059 0.127904 0.562189 -105.12 0.128448 0.990958 -0.0387739 5.96147 -0.562065 0.0405316 -0.8261 -67.0645
