0.999773 0.0119657 -0.0176293 -7.76123 -0.0122895 0.999756 -0.0183741 -1.76346 0.0174052 0.0185866 0.999676 285.086
0.999773 0.0119657 -0.0176293 -7.81433 -0.0122895 0.999756 -0.0183741 -1.83357 0.0174052 0.0185866 0.999676 287.555
0.99981 0.0113354 -0.0158299 -7.85542 -0.0117646 0.999558 -0.0272876 -1.92152 0.0155136 0.0274687 0.999502 290.032
0.99981 0.0113354 -0.0158299 -7.89641 -0.0117646 0.999558 -0.0272876 -2.01626 0.0155136 0.0274687 0.999502 292.508
0.99981 0.0113354 -0.0158299 -7.94856 -0.0117646 0.999558 -0.0272876 -2.1058 0.0155136 0.0274687 0.999502 295.019
0.999808 0.0151496 -0.0124212 -8.0074 -0.015364 0.999731 -0.0173497 -2.18834 0.012155 0.0175373 0.999772 297.526
0.999695 0.0209232 -0.013149 -8.06393 -0.0212274 0.9995 -0.0234402 -2.26616 0.012652 0.0237121 0.999639 300.027
0.999466 0.0268523 -0.018633 -8.11049 -0.027393 0.999192 -0.0293964 -2.34457 0.0178285 0.0298911 0.999394 302.52
0.999311 0.0258314 -0.0266546 -8.17242 -0.0265427 0.999291 -0.0266867 -2.44979 0.0259463 0.0273758 0.999288 305.01
0.99896 0.0248898 -0.0382034 -8.24757 -0.0257882 0.999398 -0.0232062 -2.53588 0.0376028 0.0241673 0.999 307.547
0.998313 0.0251172 -0.0523448 -8.36582 -0.0260803 0.999501 -0.0177981 -2.61765 0.0518716 0.0191332 0.99847 310.131
0.998059 0.0250789 -0.0569973 -8.52507 -0.0260357 0.999531 -0.0161074 -2.68756 0.0565667 0.0175601 0.998244 312.716
0.998319 0.024697 -0.0524325 -8.70716 -0.0256839 0.999504 -0.018233 -2.75753 0.0519562 0.019549 0.998458 315.304
0.998991 0.0240219 -0.0379362 -8.8468 -0.024956 0.999392 -0.0243465 -2.84097 0.0373283 0.0252687 0.998984 317.884
0.999345 0.0241746 -0.0269345 -8.9548 -0.0249765 0.999243 -0.0298422 -2.93195 0.0261927 0.0304954 0.999192 320.357
0.99951 0.024462 -0.0195448 -9.03051 -0.0251147 0.99911 -0.0338811 -3.04293 0.0186986 0.0343554 0.999235 322.837
0.999568 0.0248378 -0.0157268 -9.08752 -0.0253994 0.999008 -0.036578 -3.15795 0.0148027 0.0369616 0.999207 325.287
0.99956 0.0252844 -0.0154834 -9.13548 -0.0258559 0.998947 -0.0378989 -3.2812 0.0145088 0.0382826 0.999162 327.738
0.999596 0.0194703 -0.0206826 -9.16611 -0.0201272 0.999284 -0.0320421 -3.38551 0.020044 0.0324454 0.999273 330.192
0.999692 0.0111493 -0.0221791 -9.22101 -0.0119921 0.999197 -0.0382373 -3.51828 0.021735 0.0384915 0.999023 332.683
0.999699 0.0110329 -0.0219309 -9.28187 -0.0118356 0.999252 -0.0368153 -3.64918 0.0215084 0.0370637 0.999081 335.129
0.999705 0.0109787 -0.0216521 -9.32673 -0.0116772 0.999407 -0.0324023 -3.76704 0.0212835 0.0326455 0.99924 337.534
0.9997 0.0110483 -0.0218445 -9.41577 -0.0115661 0.999652 -0.0237245 -3.93558 0.0215748 0.0239701 0.99948 341.013
0.999731 0.0110761 -0.0203637 -9.47967 -0.0115376 0.999676 -0.0226896 -4.02907 0.0201058 0.0229184 0.999535 343.195
0.999747 0.0111182 -0.0195614 -9.54388 -0.011536 0.999705 -0.0213777 -4.15663 0.0193179 0.0215979 0.99958 346.372
0.999749 0.011175 -0.0194226 -9.59886 -0.0115595 0.999737 -0.019798 -4.27458 0.0191962 0.0200175 0.999615 349.389
0.999742 0.0112419 -0.0197361 -9.62573 -0.0115984 0.99977 -0.018045 -4.34707 0.0195287 0.0182693 0.999642 351.325
0.999726 0.011319 -0.0204936 -9.64901 -0.0116505 0.999802 -0.0161303 -4.41097 0.020307 0.0163646 0.99966 353.168
0.999757 0.0104453 -0.0194152 -9.68744 -0.0106833 0.999869 -0.0121951 -4.46953 0.0192852 0.0123996 0.999737 354.92
0.999817 0.0110198 -0.0156115 -9.71618 -0.0112916 0.999784 -0.017434 -4.52574 0.015416 0.0176071 0.999726 356.559
0.999817 0.0101491 -0.0162207 -9.73928 -0.0104011 0.999825 -0.0155241 -4.57653 0.0160604 0.01569 0.999748 358.107
0.999796 0.00928461 -0.0179522 -9.77258 -0.00955398 0.999842 -0.0149778 -4.64916 0.0178103 0.0151462 0.999727 360.235
0.999174 0.0153999 -0.0376121 -9.85128 -0.0161906 0.999652 -0.0208074 -4.71636 0.0372786 0.0213992 0.999076 362.116
0.995022 0.0191754 -0.0977958 -10.0413 -0.0211622 0.999589 -0.0193199 -4.79635 0.0973851 0.0212933 0.995019 364.325
0.947557 0.0182165 -0.319066 -10.7275 -0.0206623 0.999777 -0.00428213 -4.86701 0.318917 0.0106502 0.947723 366.672
0.824522 0.0342551 -0.564792 -11.7799 -0.0239111 0.999384 0.0257064 -4.87878 0.565324 -0.00769074 0.824833 368.19
0.55959 0.0505524 -0.827226 -13.6075 -0.0176261 0.998638 0.0491041 -4.81057 0.828582 -0.0128974 0.559719 369.589
0.198507 0.0318706 -0.979581 -16.0666 0.0176846 0.999192 0.0360924 -4.70564 0.97994 -0.0244881 0.197783 370.286
0.0176344 0.0477076 -0.998705 -17.7594 0.0199987 0.998644 0.0480578 -4.64097 0.999644 -0.0208202 0.0166564 370.277
-0.0876194 0.0608571 -0.994294 -19.495 0.0139697 0.998109 0.0598596 -4.56387 0.996056 -0.00864512 -0.0883039 370.058
-0.128234 0.0874991 -0.987877 -21.9809 0.00918378 0.996162 0.0870409 -4.41968 0.991702 0.00208906 -0.128545 369.678
-0.130917 0.0660022 -0.989195 -24.6679 0.0139379 0.997805 0.0647322 -4.21528 0.991296 -0.00531282 -0.131549 369.329
-0.126011 0.073614 -0.989295 -26.9189 0.00793917 0.997286 0.0731974 -4.06672 0.991998 0.00136943 -0.126253 369.039
-0.115737 0.071462 -0.990707 -28.5065 -0.00862938 0.997299 0.0729456 -3.9513 0.993243 0.0169916 -0.114807 368.83
-0.0996037 0.0719821 -0.99242 -30.171 -0.0204766 0.99702 0.0743709 -3.8271 0.994817 0.027729 -0.097833 368.649
-0.0830362 0.0766736 -0.993593 -31.9139 -0.0324899 0.996297 0.0795976 -3.69715 0.996017 0.0388912 -0.0802377 368.487
-0.060681 0.0711491 -0.995618 -34.6644 -0.0335602 0.996747 0.0732752 -3.48422 0.997592 0.0378596 -0.0580958 368.312
-0.0505522 0.0829552 -0.995271 -37.5269 -0.0298416 0.995974 0.0845295 -3.26962 0.998276 0.0339736 -0.0478732 368.159
-0.0499048 0.0814153 -0.99543 -39.4614 -0.0312429 0.996057 0.0830328 -3.11709 0.998265 0.0352439 -0.0471644 368.05
-0.048007 0.0777754 -0.995814 -42.4974 -0.0327268 0.996306 0.0793915 -2.88843 0.998311 0.0364012 -0.0452843 367.894
-0.0454021 0.0727882 -0.996313 -44.5658 -0.0342487 0.996642 0.074373 -2.74021 0.998381 0.0374991 -0.0427567 367.795
-0.0429978 0.0727486 -0.996423 -46.7253 -0.0343697 0.996647 0.0742481 -2.59498 0.998484 0.0374392 -0.0403533 367.693
-0.0405791 0.0729664 -0.996509 -48.9056 -0.0344915 0.996633 0.07438 -2.45727 0.998581 0.0373893 -0.0379258 367.601
-0.0382056 0.0734746 -0.996565 -51.0875 -0.0346126 0.996597 0.074804 -2.31871 0.99867 0.0373516 -0.0355324 367.503
-0.0358809 0.0743853 -0.996584 -53.292 -0.0347351 0.996531 0.0756319 -2.16991 0.998752 0.0373302 -0.0331726 367.404
-0.0336114 0.0757009 -0.996564 -55.4882 -0.0348603 0.996432 0.0768666 -2.02252 0.998826 0.0373242 -0.0308525 367.306
-0.0353253 0.0739533 -0.996636 -57.6596 -0.0351334 0.99655 0.0751922 -1.88482 0.998759 0.0376713 -0.0326052 367.227
-0.0362606 0.0733864 -0.996644 -59.8688 -0.0354648 0.996577 0.0746717 -1.74119 0.998713 0.0380535 -0.0335338 367.143
-0.0364568 0.0739637 -0.996596 -62.0275 -0.0358516 0.996519 0.0752695 -1.60614 0.998693 0.0384734 -0.0336782 367.053
-0.0359348 0.0756693 -0.996486 -64.1825 -0.0362931 0.996373 0.0769695 -1.47543 0.998696 0.0389314 -0.0330582 366.96
-0.0346687 0.0785271 -0.996308 -66.3311 -0.0367916 0.996132 0.0797934 -1.3354 0.998721 0.0394222 -0.0316455 366.878
-0.0223239 0.0776196 -0.996733 -69.5061 -0.0396866 0.996127 0.0784612 -1.13321 0.998962 0.0413085 -0.019157 366.776
-0.0180194 0.0808625 -0.996563 -71.6236 -0.0391284 0.995904 0.0815166 -0.994957 0.999072 0.0404627 -0.0147816 366.734
-0.00551768 0.0908785 -0.995846 -74.7297 -0.0391376 0.995079 0.0910253 -0.77534 0.999218 0.0394774 -0.00193376 366.72
0.00412016 0.0818474 -0.996636 -77.6869 -0.0326776 0.996124 0.0816702 -0.564262 0.999457 0.0322312 0.00677877 366.725
0.00247942 0.0781675 -0.996938 -79.5712 -0.0317331 0.996444 0.0780499 -0.447749 0.999494 0.0314423 0.00495109 366.737
0.00360013 0.0750708 -0.997172 -82.2245 -0.0317941 0.996683 0.0749192 -0.29133 0.999488 0.0314345 0.005975 366.742
-0.0105271 0.0731709 -0.997264 -84.817 -0.0192473 0.99712 0.0733635 -0.138136 0.99976 0.0199669 -0.00908847 366.743
-0.0478061 0.0730752 -0.996181 -87.4053 -0.0145041 0.997164 0.0738435 0.02526 0.998752 0.0179788 -0.0466107 366.664
-0.0880576 0.0601589 -0.994297 -89.9657 -0.0190239 0.997891 0.0620611 0.178236 0.995933 0.0243804 -0.0867274 366.456
-0.108646 0.0574262 -0.99242 -92.5726 -0.027377 0.997779 0.0607333 0.315072 0.993703 0.0337679 -0.106833 366.161
-0.109293 0.0577723 -0.99233 -95.2406 -0.027327 0.997758 0.0610981 0.458131 0.993634 0.033795 -0.107469 365.837
-0.101464 0.0868366 -0.991043 -98.0487 -0.032289 0.995371 0.0905217 0.638338 0.994316 0.0411845 -0.0981907 365.548
-0.0877287 0.0841826 -0.99258 -99.9721 -0.0449595 0.995073 0.0883677 0.801879 0.995128 0.0523785 -0.0835116 365.348
-0.0702449 0.0752097 -0.99469 -101.949 -0.0492308 0.995677 0.078761 0.974242 0.996314 0.054502 -0.0662386 365.179
-0.0561448 0.0903115 -0.99433 -104.082 -0.043686 0.994725 0.092814 1.14592 0.997467 0.0486493 -0.0519032 365.062
-0.0463005 0.07167 -0.996353 -106.246 -0.0458323 0.99622 0.0737903 1.32902 0.997875 0.0490817 -0.0428407 364.959
-0.0362577 0.0801037 -0.996128 -108.451 -0.0590021 0.994872 0.0821503 1.48183 0.9976 0.0617521 -0.0313455 364.846
-0.0237107 0.0630492 -0.997728 -110.713 -0.0593424 0.996161 0.0643604 1.63547 0.997956 0.0607337 -0.0198781 364.775
-0.0101321 0.061536 -0.998052 -113.042 -0.0482138 0.996914 0.0619553 1.77733 0.998785 0.0487477 -0.00713392 364.747
0.00479256 0.0785879 -0.996896 -115.432 -0.0459959 0.995869 0.0782858 1.92749 0.998931 0.0454779 0.00838748 364.748
0.0151208 0.0755182 -0.997029 -117.787 -0.0472743 0.996083 0.0747295 2.09263 0.998767 0.046004 0.0186316 364.772
0.0166077 0.0752102 -0.997029 -120.124 -0.0471643 0.996116 0.0743557 2.23931 0.998749 0.0457893 0.0200905 364.818
0.0180515 0.0749027 -0.997028 -122.47 -0.0470509 0.996149 0.0739849 2.39516 0.998729 0.0455755 0.0215062 364.85
0.01578 0.063444 -0.997861 -124.793 -0.0374479 0.997322 0.0628175 2.53241 0.999174 0.0363765 0.0181136 364.892
0.0048195 0.0607684 -0.99814 -127.129 -0.0224247 0.997907 0.060646 2.65041 0.999737 0.0220908 0.00617213 364.931
-0.00781954 0.0682259 -0.997639 -129.452 -0.0231086 0.997391 0.0683901 2.76956 0.999702 0.0235888 -0.00622253 364.917
-0.0167241 0.0613011 -0.997978 -131.755 -0.0342252 0.997499 0.0618452 2.90361 0.999273 0.0351903 -0.0145842 364.866
-0.0155242 0.0609832 -0.998019 -134.073 -0.0341115 0.997525 0.0614836 3.02034 0.999299 0.0349983 -0.0134055 364.818
-0.0177088 0.0742346 -0.997084 -136.392 -0.0271158 0.996837 0.0746979 3.14324 0.999476 0.0283595 -0.0156399 364.781
-0.0165806 0.0739109 -0.997127 -137.537 -0.0269986 0.996867 0.0743406 3.21542 0.999498 0.0281536 -0.0145331 364.756
-0.0161459 0.0602249 -0.998055 -139.799 -0.0332555 0.9976 0.0607354 3.34506 0.999318 0.0341714 -0.0141044 364.704
-0.0150835 0.0599089 -0.998089 -140.94 -0.0331338 0.997625 0.0603818 3.40763 0.999336 0.0339813 -0.0130627 364.687
-0.0140474 0.0595933 -0.998123 -142.08 -0.0330109 0.997651 0.0600297 3.45984 0.999356 0.0337923 -0.0120472 364.666
-0.0191128 0.0687817 -0.997449 -144.346 -0.025317 0.997278 0.069255 3.58373 0.999497 0.026576 -0.0173194 364.648
-0.0181739 0.0684616 -0.997489 -146.597 -0.0251903 0.997305 0.0689079 3.71159 0.999518 0.0263793 -0.0164004 364.583
-0.0172555 0.0681417 -0.997527 -147.711 -0.0250622 0.997332 0.0685619 3.76807 0.999538 0.0261832 -0.0155017 364.55
-0.0208722 0.0595942 -0.998005 -149.922 -0.0260694 0.99785 0.0601302 3.88541 0.999442 0.0272725 -0.0192738 364.499
-0.023628 0.0714722 -0.997162 -153.286 -0.0203797 0.997199 0.0719577 4.05104 0.999512 0.0220221 -0.0221053 364.412
-0.0228735 0.071154 -0.997203 -155.483 -0.0202453 0.997227 0.0716201 4.18515 0.999533 0.0218269 -0.0213695 364.355
-0.022185 0.0708381 -0.99724 -158.755 -0.0201068 0.997253 0.0712863 4.36829 0.999551 0.0216329 -0.0206998 364.266
-0.0212152 0.060362 -0.997952 -160.895 -0.015087 0.998043 0.0606883 4.48188 0.999662 0.0163435 -0.020263 364.21
-0.0206169 0.0600456 -0.997982 -163.042 -0.0149436 0.998065 0.0603592 4.5893 0.999675 0.0161579 -0.0196798 364.16
-0.0200647 0.0597304 -0.998013 -165.159 -0.0147981 0.998087 0.0600323 4.68908 0.999689 0.0159732 -0.0191424 364.104
-0.0146335 0.0524938 -0.998514 -167.257 -0.0282369 0.998201 0.0528912 4.78299 0.999494 0.0289689 -0.0131249 364.031
-0.00602342 0.0580153 -0.998298 -169.395 -0.0323956 0.99778 0.0581807 4.87497 0.999457 0.0326909 -0.00413062 363.977
0.00795717 0.0534946 -0.998537 -172.605 -0.0222844 0.99833 0.0533059 5.02465 0.99972 0.0218276 0.00913597 363.997
0.0170403 0.0491043 -0.998648 -174.768 -0.0128118 0.998722 0.0488894 5.11544 0.999772 0.0119614 0.0176476 364.028
0.023847 0.0597532 -0.997929 -176.937 -0.00136206 0.998213 0.0597377 5.21009 0.999715 -6.53365e-05 0.0238858 364.084
0.0241101 0.0594443 -0.99794 -179.129 -0.00118965 0.998232 0.0594329 5.32673 0.999708 -0.000245723 0.0241382 364.142
0.024348 0.0591367 -0.997953 -180.215 -0.00101632 0.99825 0.0591295 5.37608 0.999704 -0.000425478 0.0243654 364.155
0.0300471 0.0617787 -0.997637 -182.406 -0.013216 0.998025 0.0614047 5.48578 0.999461 0.0113398 0.0308043 364.187
0.0390157 0.0574267 -0.997586 -184.633 -0.0236201 0.998121 0.0565337 5.60338 0.998959 0.0213575 0.0402988 364.238
0.0490146 0.060062 -0.996991 -186.876 -0.0279511 0.997882 0.0587415 5.70889 0.998407 0.0249878 0.0505895 364.311
0.0490791 0.0597658 -0.997005 -189.152 -0.0277618 0.997904 0.058453 5.82354 0.998409 0.0248098 0.0506354 364.437
0.0490994 0.059471 -0.997023 -191.432 -0.0275703 0.997926 0.0581672 5.9343 0.998414 0.0246322 0.0506372 364.553
0.0490726 0.0591774 -0.997041 -193.709 -0.0273768 0.997948 0.0578838 6.03552 0.99842 0.0244552 0.050592 364.665
0.0490016 0.0588851 -0.997062 -195.981 -0.0271813 0.997969 0.0576028 6.13616 0.998429 0.0242788 0.0505027 364.776
0.0488837 0.058594 -0.997085 -198.238 -0.0269839 0.997991 0.0573244 6.23432 0.99844 0.024103 0.0503665 364.888
0.0487186 0.0583043 -0.99711 -200.497 -0.0267848 0.998012 0.0570484 6.33211 0.998454 0.023928 0.0501834 365
0.0485121 0.0580158 -0.997136 -202.731 -0.0265838 0.998033 0.0567747 6.42625 0.998468 0.0237535 0.0499589 365.114
0.056483 0.0640298 -0.996348 -204.954 -0.0267723 0.99768 0.0625976 6.52593 0.998044 0.0231389 0.0580662 365.224
0.067189 0.0666473 -0.995512 -207.142 -0.0319184 0.997399 0.0646194 6.62866 0.99723 0.0274334 0.0691415 365.357
0.0805049 0.0632425 -0.994746 -209.274 -0.0339711 0.997579 0.0606734 6.72606 0.996175 0.0289081 0.0824585 365.515
0.0919424 0.0629057 -0.993775 -211.343 -0.0319284 0.997676 0.0601987 6.81395 0.995252 0.0261948 0.0937372 365.695
0.0915219 0.0626226 -0.993833 -213.333 -0.0317071 0.997698 0.0599462 6.8945 0.995299 0.0260251 0.0932968 365.893
0.0962139 0.0696891 -0.992918 -215.291 -0.027677 0.997348 0.0673181 6.98034 0.994976 0.0210041 0.0978875 366.081
0.0957169 0.0694106 -0.992986 -217.177 -0.0274514 0.99737 0.067071 7.06216 0.99503 0.020839 0.0973706 366.273
0.100548 0.0599887 -0.993123 -218.985 -0.0315587 0.997871 0.0570804 7.15918 0.994432 0.0256023 0.102227 366.45
0.110483 0.081095 -0.990564 -220.727 -0.0394107 0.996239 0.0771639 7.23196 0.993097 0.0305135 0.113263 366.627
0.127354 0.0759406 -0.988946 -222.363 -0.0456054 0.996458 0.0706446 7.3272 0.990808 0.0361045 0.130367 366.817
0.148922 0.074048 -0.986073 -223.889 -0.0427808 0.996741 0.0683881 7.39819 0.987923 0.0320004 0.151605 367.057
0.211613 0.0578725 -0.975639 -226.628 -0.0288566 0.99818 0.0529507 7.51929 0.976928 0.0169486 0.212898 367.643
0.259152 0.0556811 -0.964231 -229.565 -0.00156632 0.99836 0.057231 7.62084 0.965836 -0.0133213 0.258814 368.455
0.258407 0.0554377 -0.964444 -231.125 -0.00129282 0.998371 0.0570415 7.68868 0.966035 -0.013493 0.258057 368.886
0.236605 0.0591765 -0.969802 -232.559 -0.00161353 0.998166 0.0605135 7.73881 0.971605 -0.012753 0.236267 369.237
0.200059 0.0546163 -0.97826 -233.835 0.00318042 0.998404 0.0563913 7.79927 0.979778 -0.0143929 0.199566 369.488
0.115591 0.0575773 -0.991627 -235.483 9.83929e-05 0.998318 0.0579773 7.86563 0.993297 -0.00679922 0.115391 369.663
0.0364897 0.0599873 -0.997532 -237.064 -0.00388886 0.998198 0.0598851 7.93444 0.999326 0.00169411 0.0366572 369.705
-0.00328096 0.0573935 -0.998346 -238.692 -0.0193512 0.998161 0.0574465 8.0145 0.999807 0.0195076 -0.00216429 369.657
-0.00421797 0.0571302 -0.998357 -239.55 -0.0191292 0.998179 0.0572008 8.05555 0.999808 0.0193391 -0.00311743 369.643
-0.00517256 0.0568677 -0.998368 -240.42 -0.0189069 0.998198 0.0569559 8.09529 0.999807 0.0191707 -0.00408804 369.639
0.0156551 0.0550725 -0.998359 -241.71 -0.031186 0.998023 0.0545649 8.15626 0.999391 0.0302806 0.0173416 369.652
0.0567625 0.0597767 -0.996598 -243.428 -0.0388337 0.997583 0.0576239 8.23636 0.997633 0.0354306 0.0589466 369.759
0.135017 0.0543081 -0.989354 -246.5 -0.0455233 0.997782 0.0485582 8.35458 0.989797 0.0384825 0.137189 370.121
-0.0232659 0.0425416 -0.998824 -250.018 -0.0258211 0.998735 0.0431393 8.46448 0.999396 0.0267944 -0.022138 370.413
-0.332435 0.0488331 -0.941861 -252.6 -0.0147808 0.998266 0.0569746 8.60126 0.943011 0.0328618 -0.331137 369.728
-0.589445 0.0490413 -0.806319 -254.599 0.0143331 0.998633 0.0502602 8.72367 0.807682 0.0180686 -0.589342 368.509
-0.727294 0.0586311 -0.683814 -255.681 0.0288123 0.998074 0.0549317 8.78346 0.685718 0.0202493 -0.727583 367.316
-0.842055 0.0689938 -0.534959 -256.667 0.0466221 0.997384 0.0552469 8.86265 0.537371 0.0215801 -0.843069 365.837
-0.89458 0.0667129 -0.441901 -257.185 0.0478944 0.997412 0.0536205 8.9421 0.444335 0.0268032 -0.895461 364.685
-0.930211 0.066907 -0.360872 -257.659 0.0507641 0.997248 0.0540399 9.00438 0.363494 0.0319492 -0.931047 363.416
-0.955479 0.0694002 -0.286775 -258.074 0.0563792 0.996979 0.0534261 9.07329 0.289616 0.0348795 -0.956506 362.037
-0.971466 0.0735336 -0.225497 -258.418 0.0654967 0.996929 0.0429271 9.14085 0.227961 0.0269329 -0.973299 360.566
-0.982035 0.0781987 -0.171722 -258.708 0.0737188 0.996755 0.0323221 9.20566 0.173692 0.0190824 -0.984614 358.998
-0.98885 0.0889142 -0.11946 -258.941 0.0852679 0.995732 0.0353052 9.25888 0.12209 0.0247255 -0.992211 357.323
-0.993022 0.0879318 -0.0785937 -259.079 0.0854224 0.995739 0.0347455 9.31769 0.0813141 0.0277894 -0.996302 355.563
-0.995603 0.0738309 -0.0576301 -259.162 0.0723375 0.996999 0.0275854 9.36998 0.0594938 0.0232953 -0.997956 353.721
-0.995706 0.073576 -0.0561494 -259.299 0.0721317 0.997021 0.0273328 9.45237 0.0579931 0.0231653 -0.998047 350.768
-0.995809 0.0733214 -0.0546503 -259.42 0.0719259 0.997042 0.0270807 9.50534 0.0564743 0.0230364 -0.998138 348.696
-0.995912 0.0730671 -0.0531331 -259.53 0.0717203 0.997064 0.026829 9.5581 0.0549375 0.0229086 -0.998229 346.557
-0.996012 0.0728131 -0.0515972 -259.627 0.0715149 0.997085 0.0265779 9.60905 0.053382 0.0227819 -0.998316 344.364
-0.996107 0.0725592 -0.0500422 -259.734 0.0713093 0.997107 0.0263274 9.64885 0.0518077 0.0226564 -0.998399 342.128
-0.996206 0.0723056 -0.0484679 -259.834 0.0711039 0.997128 0.0260777 9.68325 0.0502143 0.0225325 -0.998486 339.849
-0.996297 0.0720522 -0.046874 -259.931 0.0708985 0.997149 0.0258285 9.73604 0.0486013 0.0224096 -0.998565 337.524
-0.996425 0.0755368 -0.0377838 -260.027 0.0741365 0.996555 0.0371841 9.79025 0.0404624 0.0342501 -0.998592 335.137
-0.996507 0.0752645 -0.0361527 -260.11 0.0739298 0.996579 0.0369374 9.85119 0.0388091 0.0341356 -0.998662 332.745
-0.997178 0.0680761 -0.0316532 -260.177 0.0677457 0.997638 0.0113978 9.89056 0.0323543 0.00922125 -0.999434 330.375
-0.997737 0.0629364 -0.0235915 -260.231 0.062408 0.997797 0.0225014 9.89052 0.0249557 0.0209782 -0.999467 328.003
-0.998115 0.0602567 -0.0117933 -260.265 0.0598127 0.997598 0.0349502 9.9367 0.013871 0.0341789 -0.999321 325.651
-0.998203 0.0599219 0.000362957 -260.265 0.0599039 0.997713 0.0313184 9.99095 0.00151453 0.0312838 -0.999509 323.27
-0.998129 0.0597757 0.0129557 -260.223 0.0601626 0.997679 0.0318782 10.0308 -0.0110201 0.032598 -0.999409 320.936
-0.997673 0.0626652 0.0268736 -260.192 0.0635588 0.997406 0.0337983 10.077 -0.0246859 0.0354277 -0.999068 318.569
-0.997108 0.0643 0.0404645 -260.103 0.0656667 0.997282 0.0334029 10.1233 -0.0382067 0.0359636 -0.998621 316.243
-0.996265 0.0676133 0.0537363 -260.005 0.069409 0.997066 0.0322814 10.1721 -0.051396 0.0358905 -0.998034 313.905
-0.99548 0.0690868 0.0651413 -259.857 0.0711792 0.997001 0.0303638 10.2138 -0.0628483 0.0348633 -0.997413 311.597
-0.994284 0.0747487 0.0762448 -259.698 0.0770387 0.996648 0.0275448 10.2463 -0.0739303 0.0332611 -0.99671 309.308
-0.992936 0.0795573 0.0880189 -259.509 0.082231 0.996243 0.0271734 10.2822 -0.0855264 0.0342194 -0.995747 307.024
-0.991647 0.0823199 0.0993058 -259.295 0.0854284 0.995966 0.02746 10.3224 -0.0966446 0.0357141 -0.994679 304.748
-0.991483 0.0820418 0.101141 -259.057 0.0851944 0.995992 0.0272482 10.3476 -0.0984998 0.0356328 -0.994498 302.495
-0.991315 0.0817639 0.102988 -258.806 0.0849606 0.996017 0.0270376 10.3772 -0.100367 0.0355527 -0.994313 300.238
-0.991146 0.0814859 0.104847 -258.553 0.0847266 0.996043 0.0268275 10.411 -0.102246 0.0354733 -0.994128 297.973
-0.990966 0.0812077 0.106718 -258.315 0.0844923 0.996069 0.0266184 10.4457 -0.104137 0.0353948 -0.993932 295.684
-0.990786 0.0809295 0.108601 -258.052 0.0842579 0.996094 0.0264098 10.4831 -0.10604 0.0353169 -0.993735 293.406
-0.990598 0.0806513 0.110497 -257.797 0.0840235 0.996119 0.0262021 10.5134 -0.107955 0.0352401 -0.993531 291.116
-0.990407 0.080373 0.112404 -257.521 0.0837889 0.996144 0.0259953 10.5458 -0.109882 0.0351642 -0.993322 288.814
-0.990211 0.0800946 0.114318 -257.388 0.0835539 0.99617 0.025789 10.5664 -0.111815 0.0350883 -0.99311 287.658
-0.990007 0.079816 0.116244 -257.116 0.0833187 0.996194 0.0255835 10.5991 -0.113759 0.0350131 -0.99289 285.324
-0.989803 0.0795376 0.118182 -256.822 0.0830835 0.996219 0.0253789 10.6261 -0.115716 0.034939 -0.99267 283.005
-0.989588 0.0792588 0.120131 -256.515 0.0828479 0.996244 0.0251749 10.6624 -0.117684 0.0348654 -0.992438 280.664
-0.988922 0.072985 0.129263 -256.209 0.0765186 0.996813 0.0225774 10.699 -0.127203 0.0322182 -0.991354 278.308
-0.988683 0.0727113 0.131228 -256.038 0.0762809 0.996835 0.0223765 10.7147 -0.129186 0.0321335 -0.9911 277.125
-0.987292 0.0707346 0.142303 -255.711 0.0746972 0.996948 0.0226927 10.7464 -0.140264 0.0330339 -0.989563 274.755
-0.987025 0.070459 0.144283 -255.532 0.0744573 0.99697 0.0224956 10.759 -0.142261 0.0329466 -0.989281 273.573
-0.986754 0.0701832 0.146268 -255.353 0.0742171 0.996993 0.0222995 10.7685 -0.144263 0.0328596 -0.988996 272.376
-0.984813 0.0696088 0.159052 -254.986 0.0746538 0.996872 0.0259603 10.7967 -0.156748 0.0374399 -0.986929 269.991
-0.982875 0.0665041 0.171852 -254.573 0.0724797 0.996956 0.0287276 10.8305 -0.169418 0.0406914 -0.984704 267.602
-0.980665 0.0645703 0.184737 -254.134 0.0702633 0.997229 0.0244308 10.8775 -0.182648 0.0369386 -0.982485 265.208
-0.977894 0.0654128 0.198596 -253.673 0.0709689 0.997258 0.0209809 10.903 -0.196679 0.0346113 -0.979855 262.81
-0.975607 0.0621093 0.210562 -253.15 0.0685439 0.997374 0.0233931 10.9332 -0.208556 0.0372552 -0.977302 260.401
-0.975186 0.0618235 0.212577 -252.873 0.068292 0.997395 0.023215 10.9499 -0.210588 0.0371563 -0.976868 259.182
-0.974764 0.0615378 0.214595 -252.597 0.0680398 0.997417 0.0230377 10.9651 -0.212623 0.0370573 -0.976433 257.962
-0.971732 0.0652288 0.226896 -252.061 0.071667 0.997223 0.0202449 10.9923 -0.224946 0.0359336 -0.973708 255.538
-0.971275 0.0649454 0.228921 -251.773 0.0714125 0.997245 0.0200718 11.0043 -0.226987 0.0358431 -0.973237 254.337
-0.967454 0.0704309 0.243039 -251.188 0.0776424 0.996776 0.02021 11.0166 -0.240833 0.0384225 -0.969804 251.921
-0.964408 0.0698286 0.255037 -250.573 0.0784553 0.996634 0.023798 11.0321 -0.252516 0.0429599 -0.96664 249.553
-0.963889 0.0695295 0.257067 -249.927 0.0781964 0.996658 0.0236341 11.0577 -0.254565 0.0428823 -0.966105 247.163
-0.961297 0.0729521 0.265672 -249.276 0.0796426 0.996718 0.0144829 11.0779 -0.263743 0.0350812 -0.963953 244.78
-0.960756 0.072669 0.267711 -248.61 0.079382 0.996741 0.0143231 11.0872 -0.265798 0.0350124 -0.963394 242.375
-0.960203 0.0723857 0.269755 -247.928 0.0791212 0.996764 0.0141646 11.0972 -0.267857 0.0349443 -0.962823 239.995
-0.95965 0.072102 0.271804 -247.255 0.0788598 0.996787 0.0140075 11.1007 -0.269921 0.0348767 -0.962253 237.617
-0.956218 0.0747195 0.282958 -246.568 0.0806149 0.996703 0.00923225 11.1058 -0.281335 0.0316387 -0.959089 235.249
-0.952539 0.0768535 0.29456 -245.844 0.0823076 0.996588 0.00614407 11.0941 -0.293083 0.030097 -0.955615 232.911
-0.951925 0.0765792 0.296606 -245.465 0.0820424 0.996611 0.00599629 11.089 -0.295142 0.0300423 -0.954981 231.734
-0.947945 0.0787686 0.308535 -244.735 0.0870001 0.996124 0.0129908 11.0827 -0.306316 0.0391571 -0.951123 229.38
-0.94413 0.0830901 0.318921 -243.966 0.0910696 0.995793 0.0101632 11.085 -0.316735 0.0386395 -0.947725 227.019
-0.941318 0.0839235 0.326921 -243.157 0.0897552 0.99596 0.00276457 11.0666 -0.325368 0.0319452 -0.945048 224.687
-0.940631 0.0836434 0.328961 -242.325 0.0894854 0.995985 0.00263043 11.0415 -0.32742 0.0319115 -0.944339 222.356
-0.93994 0.0833628 0.331002 -241.488 0.0892152 0.996009 0.00249818 11.022 -0.329473 0.0318786 -0.943627 220.032
-0.939242 0.0830816 0.333044 -240.679 0.0889447 0.996034 0.00236805 10.9914 -0.331527 0.0318467 -0.942906 217.726
-0.938543 0.0828 0.335088 -239.844 0.088674 0.996058 0.00224008 10.9596 -0.333581 0.031816 -0.942186 215.426
-0.937833 0.0825178 0.337133 -239.015 0.0884028 0.996083 0.00211388 10.9402 -0.335638 0.031786 -0.941454 213.133
-0.93712 0.0822348 0.339178 -238.17 0.0881312 0.996107 0.00198985 10.9117 -0.337694 0.0317569 -0.940719 210.854
-0.936402 0.0819516 0.341225 -237.338 0.0878595 0.996131 0.0018677 10.8851 -0.339752 0.0317288 -0.939979 208.562
-0.932908 0.0789577 0.351348 -236.487 0.0865069 0.996234 0.00581399 10.8599 -0.349566 0.035818 -0.936226 206.278
-0.932164 0.0786649 0.353388 -236.045 0.0862337 0.996259 0.0056973 10.849 -0.351618 0.0357848 -0.93546 205.143
-0.929128 0.0714404 0.362795 -235.163 0.0772112 0.997014 0.00141092 10.8299 -0.361611 0.0293228 -0.931869 202.877
-0.925436 0.0667838 0.372969 -234.259 0.0714087 0.997446 -0.00141818 10.8023 -0.372111 0.0253208 -0.927841 200.624
-0.924638 0.0665121 0.374996 -233.799 0.0711323 0.997466 -0.00152514 10.7914 -0.374147 0.0252641 -0.927026 199.508
-0.923833 0.0662402 0.37702 -233.335 0.0708557 0.997485 -0.00163061 10.7706 -0.37618 0.0252076 -0.926203 198.39
-0.923024 0.0659681 0.379045 -232.865 0.0705788 0.997505 -0.00173487 10.7568 -0.378213 0.0251512 -0.925377 197.274
-0.922211 0.0656958 0.381066 -232.402 0.0703016 0.997524 -0.00183775 10.743 -0.380244 0.0250948 -0.924546 196.196
-0.917051 0.0665217 0.393182 -231.476 0.070606 0.997496 -0.0040841 10.7075 -0.39247 0.0240157 -0.919452 193.965
-0.912156 0.0660949 0.40448 -230.515 0.0696378 0.997555 -0.00596513 10.6698 -0.403885 0.0227259 -0.914528 191.738
-0.911283 0.0658264 0.40648 -230.03 0.069358 0.997573 -0.00605641 10.6474 -0.405892 0.0226735 -0.913638 190.664
-0.910411 0.0655573 0.408479 -229.053 0.0690779 0.997592 -0.00614533 10.6009 -0.407898 0.0226221 -0.912747 188.519
-0.905697 0.0678921 0.418456 -228.073 0.0732037 0.997311 -0.00336753 10.5677 -0.41756 0.0275826 -0.908232 186.356
-0.901032 0.0723274 0.427682 -227.066 0.0782121 0.996929 -0.00382011 10.5243 -0.426645 0.0300079 -0.903922 184.207
-0.896226 0.0742923 0.437333 -226.037 0.0820005 0.996631 -0.00126028 10.4811 -0.435954 0.034732 -0.899299 182.065
-0.89156 0.0776926 0.446193 -224.999 0.0832935 0.9965 -0.00708126 10.4403 -0.445182 0.0308516 -0.894911 179.957
-0.890603 0.0774024 0.448144 -223.914 0.0830102 0.996523 -0.0071497 10.3977 -0.44714 0.030833 -0.893931 177.828
-0.889649 0.0771116 0.450091 -222.821 0.0827267 0.996546 -0.0072157 10.3511 -0.449093 0.0308151 -0.892956 175.698
-0.884836 0.0763456 0.459605 -221.72 0.0801059 0.996722 -0.011346 10.3094 -0.458965 0.0267777 -0.888051 173.556
-0.879607 0.0815347 0.468657 -220.596 0.0837663 0.996355 -0.0161224 10.2516 -0.468264 0.0250763 -0.883231 171.425
-0.873286 0.0868022 0.47941 -219.464 0.0909762 0.995746 -0.0145692 10.1922 -0.478636 0.0308918 -0.877468 169.281
-0.867631 0.0889827 0.48918 -218.267 0.0915362 0.995625 -0.0187533 10.1259 -0.488708 0.0285067 -0.87198 167.132
-0.866595 0.0886938 0.491067 -217.662 0.0912507 0.995651 -0.0187972 10.0915 -0.490599 0.0285207 -0.870919 166.06
-0.861384 0.0847235 0.500841 -216.44 0.0898576 0.995857 -0.013918 10.026 -0.499946 0.0330157 -0.865428 163.943
-0.860326 0.0844235 0.502707 -215.814 0.0895717 0.995883 -0.0139547 9.98899 -0.501816 0.0330227 -0.864346 162.882
-0.859265 0.0841229 0.504568 -215.177 0.0892855 0.995908 -0.0139898 9.9609 -0.50368 0.0330296 -0.86326 161.823
-0.858201 0.0838222 0.506424 -214.546 0.0889995 0.995933 -0.0140235 9.93372 -0.50554 0.0330365 -0.862171 160.783
-0.857137 0.0835208 0.508276 -213.919 0.0887133 0.995958 -0.0140552 9.89242 -0.507396 0.0330436 -0.861082 159.742
-0.856066 0.083219 0.510122 -213.287 0.0884271 0.995983 -0.0140853 9.85817 -0.509245 0.0330507 -0.859986 158.69
-0.854998 0.0829164 0.511962 -212.024 0.088141 0.996008 -0.0141125 9.79096 -0.511088 0.0330586 -0.858893 156.604
-0.850423 0.0777308 0.520328 -210.767 0.0842726 0.996381 -0.0111127 9.72935 -0.519308 0.0343989 -0.853895 154.515
-0.849338 0.0774238 0.522143 -209.469 0.0839863 0.996405 -0.0111325 9.66959 -0.521127 0.0343976 -0.852787 152.443
-0.843711 0.0805924 0.530717 -208.194 0.0854214 0.996225 -0.0154835 9.60898 -0.529961 0.032271 -0.84741 150.382
-0.838904 0.0806162 0.538278 -206.895 0.081749 0.996414 -0.0218246 9.54011 -0.538107 0.0256949 -0.842486 148.349
-0.837784 0.0803255 0.540058 -206.235 0.0814627 0.996437 -0.021833 9.49876 -0.539887 0.0257032 -0.841343 147.343
-0.831808 0.0808247 0.549145 -204.926 0.0839387 0.99628 -0.0194904 9.4174 -0.548678 0.0298822 -0.835499 145.336
-0.824485 0.0816331 0.559968 -203.607 0.0837897 0.996244 -0.0218642 9.33779 -0.559649 0.0288928 -0.828228 143.346
-0.818368 0.0762932 0.569608 -202.242 0.0813756 0.996546 -0.0165632 9.25974 -0.568904 0.0327974 -0.82175 141.362
-0.81077 0.0810986 0.579721 -200.867 0.0878537 0.995997 -0.0164647 9.19327 -0.578736 0.0375815 -0.814649 139.395
-0.80306 0.0815611 0.590289 -199.475 0.0890875 0.995889 -0.0164039 9.1291 -0.5892 0.0394141 -0.807024 137.462
-0.796141 0.0758862 0.600336 -198.035 0.0838424 0.99637 -0.0147593 9.06547 -0.599277 0.0385831 -0.799613 135.531
-0.788819 0.0819266 0.609142 -196.576 0.0870414 0.995978 -0.0212384 9.00025 -0.608432 0.0362673 -0.792778 133.62
-0.78202 0.085661 0.617342 -195.106 0.090119 0.995642 -0.0239949 8.92671 -0.616707 0.0368697 -0.786331 131.71
-0.780789 0.0853399 0.618937 -193.583 0.0898363 0.995668 -0.0239554 8.84437 -0.618301 0.0368989 -0.785074 129.789
-0.77419 0.085494 0.627153 -192.046 0.0923527 0.99549 -0.0217012 8.7584 -0.62618 0.0411184 -0.778593 127.861
-0.766943 0.0922532 0.63505 -190.501 0.0957986 0.994983 -0.0288456 8.68016 -0.634525 0.038714 -0.771933 125.949
-0.760252 0.0910497 0.643218 -188.917 0.0922341 0.995227 -0.0318618 8.58851 -0.643049 0.0351036 -0.765022 124.045
-0.754415 0.0862731 0.6507 -187.287 0.0847631 0.995829 -0.0337582 8.48249 -0.650898 0.0296876 -0.758581 122.156
-0.747343 0.0835663 0.659162 -185.645 0.0834997 0.996007 -0.0316003 8.37287 -0.659171 0.0314236 -0.751336 120.291
-0.74608 0.08325 0.660631 -183.975 0.0832223 0.996032 -0.0315291 8.26475 -0.660634 0.031456 -0.750048 118.417
-0.74482 0.082933 0.662089 -183.134 0.0829453 0.996058 -0.0314558 8.21362 -0.662088 0.0314882 -0.748763 117.48
-0.73737 0.07943 0.670805 -181.455 0.0810916 0.99629 -0.0288323 8.1039 -0.670606 0.0331366 -0.741075 115.621
-0.729381 0.0830905 0.679046 -179.772 0.0820091 0.996058 -0.0337935 8.00119 -0.679177 0.0310396 -0.73332 113.757
-0.719095 0.079329 0.690369 -177.121 0.0811327 0.996253 -0.029969 7.83679 -0.69016 0.0344609 -0.722836 110.953
-0.712956 0.0733791 0.697359 -175.338 0.0731369 0.996867 -0.030122 7.72753 -0.697385 0.029527 -0.716089 109.112
-0.708289 0.0696987 0.702473 -173.507 0.064462 0.997342 -0.0339597 7.61941 -0.702973 0.0212295 -0.7109 107.27
-0.707021 0.0693929 0.703782 -171.659 0.0641936 0.997363 -0.0338513 7.50208 -0.704276 0.0212448 -0.709611 105.421
-0.705761 0.0690858 0.705076 -169.831 0.0639261 0.997384 -0.0337393 7.3883 -0.705562 0.0212609 -0.708331 103.58
-0.704512 0.0687773 0.706352 -167.961 0.0636593 0.997405 -0.0336236 7.27648 -0.706831 0.0212777 -0.707062 101.746
-0.703274 0.0684675 0.707614 -166.095 0.0633936 0.997426 -0.0335044 7.16258 -0.708087 0.0212954 -0.705805 99.8998
-0.702049 0.0681563 0.708861 -164.208 0.0631286 0.997447 -0.0333818 7.05327 -0.709326 0.0213138 -0.704559 98.0518
-0.701352 0.0588579 0.710384 -162.318 0.055262 0.998075 -0.0281349 6.94647 -0.710672 0.0195248 -0.703255 96.2028
-0.700145 0.0585471 0.711599 -160.445 0.0549987 0.998094 -0.0280053 6.83719 -0.711882 0.0195292 -0.702031 94.3591
-0.69929 0.0736088 0.71104 -158.585 0.0736811 0.996808 -0.0307289 6.72784 -0.711032 0.0309017 -0.702482 92.4916
-0.699126 0.0811141 0.710382 -156.728 0.0859495 0.995874 -0.0291249 6.61496 -0.709814 0.0406951 -0.703213 90.6249
-0.697969 0.0807646 0.711559 -154.892 0.0856889 0.9959 -0.0289861 6.5094 -0.710983 0.0407413 -0.702028 88.7824
-0.69682 0.0804141 0.712722 -153.023 0.0854289 0.995927 -0.0288442 6.407 -0.712139 0.0407879 -0.700851 86.9601
-0.695686 0.0800626 0.713871 -151.149 0.0851699 0.995953 -0.0286987 6.29501 -0.71328 0.0408351 -0.699689 85.1375
-0.69456 0.07971 0.715004 -149.274 0.0849117 0.995979 -0.0285497 6.18571 -0.714405 0.0408827 -0.698536 83.2968
-0.693449 0.0793563 0.716122 -147.416 0.0846544 0.996006 -0.0283971 6.07088 -0.715515 0.040931 -0.697397 81.4738
-0.692346 0.0790017 0.717227 -145.551 0.0843981 0.996032 -0.0282414 5.97204 -0.716612 0.0409798 -0.696266 79.6654
-0.691257 0.0786463 0.718317 -143.705 0.0841426 0.996058 -0.0280825 5.87601 -0.717694 0.0410288 -0.69515 77.8794
-0.690177 0.0782897 0.719391 -141.827 0.0838878 0.996084 -0.0279203 5.77295 -0.71876 0.0410782 -0.694042 76.0796
-0.689112 0.0779325 0.720451 -139.959 0.0836341 0.99611 -0.0277548 5.67222 -0.719812 0.0411281 -0.692949 74.2979
-0.688058 0.0775741 0.721499 -138.116 0.0833812 0.996136 -0.0275862 5.57015 -0.72085 0.0411785 -0.691867 72.5118
-0.687015 0.0772148 0.722531 -136.235 0.0831291 0.996162 -0.0274142 5.46891 -0.721874 0.0412293 -0.690797 70.7199
-0.685984 0.0768544 0.723546 -134.345 0.0828777 0.996187 -0.0272389 5.36935 -0.722881 0.0412804 -0.689738 68.9284
-0.684964 0.0764932 0.724549 -132.451 0.0826274 0.996213 -0.0270605 5.26452 -0.723875 0.0413321 -0.688691 67.1478
-0.683959 0.0761309 0.725537 -130.56 0.082378 0.996239 -0.0268786 5.15743 -0.724854 0.0413844 -0.687658 65.3525
-0.682966 0.0757677 0.726511 -128.689 0.0821293 0.996264 -0.0266936 5.0669 -0.725819 0.041437 -0.686637 63.5715
-0.681984 0.0754037 0.72747 -126.794 0.0818816 0.99629 -0.0265056 4.97113 -0.726769 0.0414899 -0.685627 61.7874
-0.681017 0.0750387 0.728414 -124.891 0.0816347 0.996315 -0.0263143 4.86788 -0.727705 0.0415434 -0.684633 60.017
-0.681213 0.0724335 0.728494 -122.995 0.0727494 0.996866 -0.0310897 4.76535 -0.728462 0.0318188 -0.684348 58.2739
-0.68026 0.0720798 0.72942 -122.05 0.0725036 0.99689 -0.0308935 4.70877 -0.729378 0.03187 -0.68337 57.3963
-0.679318 0.0717249 0.73033 -120.16 0.072259 0.996913 -0.0306939 4.59414 -0.730277 0.031922 -0.682404 55.6462
-0.678391 0.0713687 0.731225 -118.267 0.0720152 0.996937 -0.0304907 4.48591 -0.731162 0.0319747 -0.681453 53.9002
-0.677471 0.0710119 0.732113 -117.324 0.0717722 0.996961 -0.0302856 4.42419 -0.732039 0.0320277 -0.680509 53.0299
-0.676556 0.0706543 0.732993 -116.384 0.0715297 0.996985 -0.0300786 4.36828 -0.732908 0.0320809 -0.67957 52.1603
-0.675655 0.0702956 0.73386 -114.492 0.0712882 0.997008 -0.0298683 4.26179 -0.733764 0.0321349 -0.678645 50.3991
-0.674766 0.0699355 0.734712 -112.598 0.0710477 0.997032 -0.0296544 4.14512 -0.734605 0.0321898 -0.677732 48.654
-0.67388 0.0695747 0.735557 -111.641 0.0708077 0.997055 -0.0294388 4.0983 -0.735439 0.0322448 -0.676822 47.773
-0.673206 0.061321 0.736909 -109.709 0.0691754 0.997408 -0.0198027 4.00241 -0.736214 0.0376447 -0.675703 46.0181
-0.672348 0.0609518 0.737721 -107.79 0.0689372 0.997429 -0.0195809 3.91413 -0.737017 0.0376912 -0.674821 44.28
-0.671504 0.0605817 0.738518 -105.892 0.0686995 0.99745 -0.0193565 3.84954 -0.737807 0.0377379 -0.673954 42.5111
-0.670676 0.0602109 0.739304 -103.964 0.0684625 0.99747 -0.0191294 3.77964 -0.738585 0.0377849 -0.673101 40.7557
-0.669859 0.0598394 0.740073 -102.03 0.0682265 0.997491 -0.0188996 3.69725 -0.739347 0.0378325 -0.672261 38.9909
-0.669049 0.0594671 0.740834 -101.063 0.0679907 0.997511 -0.0186681 3.65453 -0.740101 0.03788 -0.671427 38.1164
-0.668254 0.0590943 0.741582 -99.1464 0.0677558 0.997532 -0.0184341 3.5872 -0.740841 0.0379278 -0.670609 36.3835
-0.667471 0.0587206 0.742315 -97.2058 0.0675215 0.997552 -0.0181972 3.50864 -0.741567 0.0379762 -0.669801 34.6273
-0.666705 0.0583461 0.743036 -95.2648 0.0672882 0.997572 -0.0179576 3.42841 -0.742279 0.0380251 -0.669013 32.8718
-0.665951 0.0579707 0.74374 -93.299 0.0670554 0.997592 -0.0177152 3.3563 -0.742976 0.0380743 -0.668235 31.1118
-0.665212 0.0575944 0.744429 -91.3281 0.0668232 0.997612 -0.0174701 3.28354 -0.743657 0.0381238 -0.667472 29.3542
-0.664488 0.0572176 0.745106 -89.3973 0.066592 0.997632 -0.0172225 3.2133 -0.744327 0.038174 -0.666724 27.6174
-0.663778 0.0568398 0.745768 -87.4283 0.0663614 0.997651 -0.016972 3.13899 -0.744981 0.0382245 -0.665991 25.8795
-0.663084 0.0564612 0.746415 -85.4522 0.0661314 0.997671 -0.0167188 3.06329 -0.74562 0.0382754 -0.665273 24.1234
-0.662404 0.0560817 0.747046 -83.4721 0.0659022 0.99769 -0.0164627 2.9856 -0.746244 0.038327 -0.66457 22.3748
-0.661738 0.0557015 0.747664 -81.4988 0.0656739 0.99771 -0.0162038 2.90274 -0.746854 0.0383793 -0.663881 20.628
-0.661088 0.0553201 0.748268 -79.537 0.0654463 0.997729 -0.0159419 2.81641 -0.74745 0.0384323 -0.663207 18.9096
-0.660452 0.054938 0.748857 -77.5466 0.0652192 0.997748 -0.0156775 2.75534 -0.748032 0.0384856 -0.662548 17.166
-0.659831 0.0545553 0.749431 -75.5937 0.0649931 0.997767 -0.0154103 2.67711 -0.748598 0.0385396 -0.661904 15.4645
-0.659225 0.0541714 0.74999 -73.6361 0.0647673 0.997786 -0.0151404 2.60912 -0.749149 0.038594 -0.661274 13.7485
-0.658638 0.053787 0.750538 -71.7133 0.0645427 0.997804 -0.0148678 2.53185 -0.74969 0.0386492 -0.660663 12.0563
-0.658061 0.0534016 0.75107 -69.7965 0.0643185 0.997823 -0.0145923 2.45389 -0.750214 0.0387051 -0.660063 10.3641
-0.657499 0.0530154 0.751587 -67.8775 0.0640952 0.997841 -0.0143141 2.37976 -0.750723 0.0387616 -0.659477 8.67805
-0.656955 0.0526285 0.752091 -65.9555 0.0638726 0.997859 -0.0140335 2.31759 -0.75122 0.0388187 -0.65891 6.97699
-0.656415 0.0522411 0.752589 -64.9996 0.0636502 0.997878 -0.0137515 2.28976 -0.75171 0.0388757 -0.658347 6.13014
-0.657285 0.0609132 0.751177 -63.0907 0.0664298 0.997531 -0.0227637 2.2077 -0.75071 0.0349383 -0.659709 4.46228
-0.656777 0.0605267 0.751652 -61.1987 0.0662084 0.997553 -0.0224764 2.11698 -0.751173 0.0350037 -0.659177 2.79441
-0.656276 0.0601399 0.752119 -60.2592 0.0659877 0.997574 -0.0221876 2.07895 -0.751628 0.0350694 -0.658652 1.97412
-0.655793 0.0597518 0.752573 -58.3865 0.0657678 0.997595 -0.0218956 1.98112 -0.752071 0.0351361 -0.658146 0.348764
-0.655314 0.0593632 0.753019 -57.4669 0.0655486 0.997616 -0.0216019 1.92749 -0.752506 0.0352034 -0.657643 -0.442622
-0.65485 0.0589733 0.753454 -55.6424 0.06533 0.997636 -0.0213052 1.84488 -0.752929 0.0352715 -0.657155 -2.04299
-0.654401 0.0585825 0.753874 -53.8611 0.0651127 0.997657 -0.0210053 1.74196 -0.753338 0.0353409 -0.656682 -3.58006
-0.653966 0.0581904 0.754282 -52.108 0.0648959 0.997677 -0.0207025 1.65771 -0.753734 0.0354111 -0.656223 -5.07739
-0.653546 0.0577973 0.754677 -50.4061 0.0646802 0.997698 -0.0203965 1.56068 -0.754118 0.0354826 -0.655779 -6.53521
-0.65314 0.0574033 0.755059 -48.715 0.0644653 0.997718 -0.0200878 1.48124 -0.754489 0.0355549 -0.65535 -7.98576
-0.652745 0.0570081 0.75543 -47.0801 0.064251 0.997738 -0.0197763 1.40184 -0.754849 0.0356282 -0.654932 -9.41002
-0.652362 0.056612 0.755788 -45.5012 0.0640374 0.997758 -0.0194623 1.33315 -0.755195 0.0357022 -0.654524 -10.766
