1 1.84968e-16 -9.86204e-16 7.61664e-17 -1.84968e-16 1 2.42208e-16 7.02731e-17 9.86204e-16 -2.42208e-16 1 -8.40124e-15
1 9.66596e-05 -0.000431431 -0.0153228 -9.66132e-05 1 0.000107625 0.000714272 0.000431441 -0.000107583 1 0.71596
0.999952 0.000990813 -0.00970512 -0.0332328 -0.00100289 0.999999 -0.00123965 -0.00553532 0.00970388 0.00124932 0.999952 2.20833
0.999809 0.00388391 -0.0191776 -0.0739087 -0.00388895 0.999992 -0.000225655 -0.0119928 0.0191766 0.000300192 0.999816 3.75194
0.999546 0.00442376 -0.0297925 -0.156344 -0.00428907 0.99998 0.00458359 -0.0229804 0.0298122 -0.00445373 0.999546 6.16393
0.999553 0.00451241 -0.0295685 -0.253447 -0.00438026 0.99998 0.00453252 -0.026508 0.0295884 -0.00440098 0.999552 8.6463
0.999567 0.00459723 -0.0290759 -0.344577 -0.00446997 0.99998 0.00444038 -0.0382165 0.0290957 -0.00430849 0.999567 11.2207
0.999589 0.00467811 -0.0282976 -0.439499 -0.00455796 0.99998 0.00430869 -0.0513042 0.0283172 -0.00417794 0.99959 13.8778
0.999619 0.00475453 -0.0272033 -0.5401 -0.0046444 0.999981 0.00411032 -0.0587391 0.0272223 -0.00398241 0.999621 16.5783
0.999651 0.00482908 -0.0259571 -0.591469 -0.00472971 0.999981 0.00388822 -0.0692862 0.0259754 -0.0037641 0.999655 18.4051
0.999687 0.00490135 -0.024536 -0.646423 -0.00481408 0.999982 0.00361468 -0.0738763 0.0245533 -0.00349543 0.999692 20.2517
0.999734 0.00466884 -0.022585 -0.717476 -0.00461318 0.999986 0.00251614 -0.090577 0.0225964 -0.00241129 0.999742 23.0904
0.999713 0.00449107 -0.0235257 -0.775127 -0.00444025 0.999988 0.00221173 -0.122082 0.0235353 -0.00210664 0.999721 25.9601
0.999629 -0.0013506 -0.0272128 -0.820385 0.0016393 0.999943 0.0105893 -0.125025 0.027197 -0.01063 0.999574 27.9386
0.999326 -0.0113432 -0.0349001 -0.861708 0.0116143 0.999904 0.00757403 -0.130964 0.0348108 -0.00797427 0.999362 29.9198
0.999212 -0.0109075 -0.0381663 -0.991977 0.0112752 0.999892 0.00943389 -0.142066 0.0380593 -0.00985679 0.999227 32.9026
0.999164 -0.0105225 -0.0394953 -1.06568 0.0109454 0.999885 0.0105045 -0.149651 0.0393803 -0.010928 0.999165 34.876
0.999216 -0.00247245 -0.03952 -1.20102 0.00320403 0.999824 0.018459 -0.15369 0.0394675 -0.0185711 0.999048 37.8141
0.999363 -0.00224081 -0.0356077 -1.33663 0.0028699 0.999841 0.0176259 -0.129899 0.0355626 -0.0177168 0.99921 40.828
0.99955 -0.00205758 -0.0299421 -1.41916 0.00254183 0.999866 0.0161439 -0.125568 0.0299049 -0.0162127 0.999421 42.8335
0.99956 -0.00211254 -0.0295905 -1.53179 0.00259259 0.999866 0.0161942 -0.120965 0.0295523 -0.0162638 0.999431 45.7592
0.999532 -0.00216204 -0.0305232 -1.63517 0.00265356 0.999867 0.016072 -0.100213 0.0304844 -0.0161455 0.999405 48.6654
0.999455 -0.00218628 -0.0329497 -1.71807 0.00271477 0.999868 0.0160031 -0.0989709 0.0329104 -0.0160838 0.999329 51.5129
0.999247 -0.00872679 -0.0378025 -1.8101 0.00971086 0.999617 0.0259271 -0.0779268 0.0375617 -0.0262747 0.998949 54.3538
0.999113 -0.00423672 -0.0418985 -1.9314 0.00492399 0.999855 0.0163136 -0.0472698 0.0418233 -0.0165054 0.998989 57.1263
0.998996 0.00433613 -0.0445856 -2.08034 -0.00364203 0.999871 0.0156373 -0.0459832 0.0446477 -0.0154593 0.998883 59.838
0.999059 0.00402886 -0.043175 -2.21347 -0.00332405 0.99986 0.0163838 -0.0451452 0.043235 -0.0162249 0.998933 62.4493
0.999141 0.00375741 -0.0412697 -2.34028 -0.00317977 0.999896 0.0140534 -0.0465029 0.0413182 -0.0139101 0.999049 64.9563
0.998828 0.0135436 -0.0464777 -2.49602 -0.012746 0.999767 0.0174156 -0.0440427 0.0467027 -0.0168027 0.998768 68.0856
0.998601 0.0136253 -0.0510986 -2.6098 -0.0134619 0.999903 0.0035413 -0.0553023 0.0511419 -0.00284846 0.998687 70.227
0.998465 0.0135881 -0.0536868 -2.71688 -0.013366 0.999901 0.00449484 -0.0897454 0.0537425 -0.00377037 0.998548 72.1861
0.998767 0.00936642 -0.048753 -2.83507 -0.00942231 0.999955 -0.000916592 -0.123595 0.0487422 0.00137483 0.99881 74.5864
0.999816 0.00267594 -0.019013 -2.88736 -0.00248555 0.999947 0.0100303 -0.152621 0.0190388 -0.00998124 0.999769 76.7419
0.997886 0.00749617 0.0645606 -2.80137 -0.00830276 0.999891 0.0122343 -0.162933 -0.0644618 -0.0127445 0.997839 78.7048
0.978205 0.00571709 0.207565 -2.45244 -0.00929368 0.999825 0.0162601 -0.170978 -0.207436 -0.0178348 0.978086 80.4867
0.88539 0.00964879 0.464748 -1.57286 -0.0147158 0.999865 0.00727643 -0.184196 -0.464615 -0.0132816 0.885413 82.3521
0.639996 0.00570521 0.768357 0.0912915 -0.0133119 0.999905 0.00366352 -0.205423 -0.768263 -0.0125729 0.640011 83.9249
0.35392 0.0070054 0.93525 2.15553 -0.00561187 0.99997 -0.00536652 -0.238988 -0.935259 -0.00334917 0.353949 84.7565
0.210351 0.00752265 0.977598 3.64796 -0.000814914 0.999971 -0.00751947 -0.265906 -0.977626 0.000785073 0.210351 85.0509
0.110233 0.0214876 0.993674 5.24364 0.00874347 0.999707 -0.0225881 -0.307388 -0.993868 0.0111781 0.110013 85.199
0.0562593 0.0248382 0.998107 6.56669 0.00611484 0.999663 -0.0252215 -0.336746 -0.998398 0.00752222 0.0560885 85.2717
0.0165936 0.0189785 0.999682 8.02062 0.0118074 0.999746 -0.0191757 -0.383785 -0.999793 0.0121219 0.0163653 85.282
-0.0068387 0.0210307 0.999757 9.61241 0.0186406 0.999608 -0.0209001 -0.424126 -0.999804 0.0184931 -0.00722804 85.2589
-0.0219496 0.023161 0.99949 11.3514 0.022776 0.999484 -0.0226606 -0.469975 -0.999498 0.0222669 -0.0224658 85.2081
-0.0207492 0.0233886 0.999511 12.6093 0.0226119 0.999482 -0.0229185 -0.502331 -0.999529 0.0221253 -0.0212673 85.1659
-0.0208886 0.0225159 0.999528 14.6313 0.0324672 0.999234 -0.0218307 -0.557565 -0.999255 0.0319959 -0.0216037 85.1068
-0.00757301 0.0223084 0.999722 16.8007 0.037388 0.999058 -0.0220103 -0.613806 -0.999272 0.037211 -0.00839995 85.0674
0.0122579 0.0159808 0.999798 19.915 0.034333 0.999276 -0.0163934 -0.695864 -0.999336 0.034527 0.0117003 85.1016
0.0213344 0.0253992 0.999449 22.334 0.0236005 0.999386 -0.0259013 -0.771123 -0.999494 0.02414 0.0207218 85.1688
0.018504 0.0244039 0.99953 24.798 0.0234182 0.999417 -0.0248346 -0.853962 -0.999553 0.0238667 0.0179217 85.255
0.0120852 0.0228346 0.999665 27.2756 0.0233661 0.99946 -0.0231123 -0.951817 -0.999653 0.0236376 0.0115451 85.3123
0.000859471 0.0215865 0.999768 30.5514 0.0115811 0.9997 -0.021595 -1.06817 -0.999934 0.011597 0.000609218 85.3666
-0.0172499 0.0169731 0.999708 32.9891 0.00783471 0.999828 -0.0168399 -1.14399 -0.999821 0.00754194 -0.0173799 85.3424
-0.0427274 0.0183604 0.998917 35.4051 0.00945355 0.999794 -0.0179721 -1.21299 -0.999041 0.00867541 -0.0428921 85.2539
-0.0592492 0.0182471 0.998077 36.9997 0.00942346 0.999799 -0.0177192 -1.26554 -0.9982 0.00835551 -0.0594092 85.1519
-0.078803 0.01907 0.996707 38.5427 0.0100119 0.999782 -0.0183372 -1.31382 -0.996839 0.00853392 -0.0789767 85.0294
-0.10781 0.0220755 0.993926 40.8135 0.0118659 0.999711 -0.0209169 -1.39009 -0.9941 0.00953876 -0.10804 84.7939
-0.13506 0.0225602 0.990581 43.051 0.0148163 0.999675 -0.0207472 -1.46403 -0.990727 0.0118746 -0.13535 84.5102
-0.151484 0.0191212 0.988274 45.1815 0.0231338 0.999608 -0.0157945 -1.5348 -0.988189 0.0204699 -0.151867 84.1805
-0.151529 0.0194613 0.988261 46.5416 0.0234747 0.999595 -0.0160851 -1.57975 -0.988174 0.0207618 -0.151925 83.9691
-0.151693 0.0198803 0.988228 47.8295 0.0238185 0.999581 -0.0164525 -1.61986 -0.988141 0.0210424 -0.152103 83.7615
-0.136023 0.0228749 0.99044 49.6375 0.0248405 0.999498 -0.0196725 -1.69332 -0.990393 0.0219272 -0.136523 83.5073
-0.073517 0.0265701 0.996941 51.8217 0.0199375 0.999484 -0.0251677 -1.78632 -0.997096 0.0180262 -0.0740089 83.3372
0.0505638 0.0282597 0.998321 53.8583 0.0123369 0.999506 -0.0289181 -1.87431 -0.998645 0.0137784 0.0501901 83.4089
0.240733 0.0148825 0.970478 55.7928 -0.000406404 0.999884 -0.0152327 -1.95429 -0.970592 0.00327261 0.240711 83.8241
0.416226 0.0190508 0.909062 57.191 0.00244439 0.999753 -0.0220706 -1.99333 -0.909258 0.0114085 0.416077 84.4102
0.536133 0.0260029 0.843733 57.993 0.000306294 0.999519 -0.0309987 -2.03056 -0.844134 0.0168778 0.535867 84.9494
0.648503 0.0304874 0.760601 58.6837 -0.00544456 0.999358 -0.0354154 -2.05516 -0.761193 0.0188258 0.648252 85.5824
0.745805 0.0257765 0.665665 59.2782 -0.00813409 0.999529 -0.0295913 -2.08335 -0.666115 0.0166547 0.745663 86.3094
0.860463 0.0144818 0.509306 59.9589 -0.0116786 0.999894 -0.0087005 -2.11674 -0.509378 0.00153846 0.860541 87.5415
0.949553 0.0287882 0.312282 60.6507 -0.0311501 0.999511 0.00257628 -2.15427 -0.312055 -0.0121739 0.949986 89.7469
0.968543 0.0436455 0.24499 61.3594 -0.0447523 0.998998 -0.00105003 -2.17215 -0.244791 -0.00994689 0.969525 92.6993
0.966147 0.0432398 0.254343 61.9254 -0.039804 0.999034 -0.0186423 -2.20055 -0.254904 0.00788734 0.966934 94.8354
0.961146 0.0424597 0.272756 62.5713 -0.0429313 0.999069 -0.00424151 -2.24353 -0.272683 -0.00763309 0.962074 97.2008
0.95966 0.0309579 0.279453 63.3115 -0.0297043 0.999521 -0.00872057 -2.27715 -0.279589 6.78139e-05 0.96012 99.7125
0.961144 0.0348483 0.27384 63.871 -0.0319201 0.999376 -0.015143 -2.30231 -0.274197 0.00581358 0.961656 101.715
0.962662 0.0338951 0.268577 64.4585 -0.0345806 0.9994 -0.00217942 -2.34338 -0.26849 -0.00718951 0.963256 103.858
0.965062 0.0400485 0.258943 65.0393 -0.0373137 0.999184 -0.0154701 -2.36954 -0.259351 0.00526749 0.965769 106.076
0.968083 0.0289538 0.248952 65.8335 -0.0282108 0.999581 -0.00655256 -2.42788 -0.249037 -0.000679723 0.968494 109.18
0.968059 0.0289297 0.249047 66.4456 -0.0281632 0.999581 -0.00664108 -2.4602 -0.249135 -0.00058499 0.968469 111.574
0.964539 0.0523769 0.258692 67.473 -0.0516095 0.99862 -0.00976157 -2.54518 -0.258846 -0.00393552 0.965911 115.689
0.964274 0.0383234 0.26212 68.156 -0.0362215 0.999261 -0.0128476 -2.59857 -0.262419 0.00289418 0.96495 118.164
0.962353 0.045629 0.267945 69.0353 -0.0473695 0.998877 3.12843e-05 -2.6785 -0.267643 -0.0127225 0.963434 121.485
0.962933 0.0363834 0.267275 69.9523 -0.0320397 0.999274 -0.0205965 -2.76092 -0.26783 0.0112696 0.9634 124.731
0.963896 0.0291896 0.264675 70.6126 -0.0328604 0.999415 0.00945113 -2.80528 -0.264244 -0.0178072 0.964291 127.171
0.965819 0.0345723 0.2569 71.4454 -0.0322621 0.999392 -0.0132032 -2.87439 -0.2572 0.00446381 0.966348 130.348
0.968467 0.039954 0.245917 72.0335 -0.0371787 0.999182 -0.01592 -2.94201 -0.246352 0.00627518 0.96916 132.746
0.969465 0.045486 0.240973 72.5982 -0.0445946 0.998963 -0.0091541 -3.00917 -0.241139 -0.00187151 0.970489 135.119
0.969463 0.045445 0.24099 72.9779 -0.0445487 0.998965 -0.00916907 -3.05117 -0.241158 -0.00184671 0.970484 136.687
0.972458 0.0383479 0.229901 73.3553 -0.036079 0.99925 -0.0140662 -3.0811 -0.230268 0.00538416 0.973112 138.244
0.975511 0.0334698 0.217391 73.7115 -0.0341094 0.999418 -0.000810657 -3.10197 -0.217291 -0.00662425 0.976084 139.814
0.977797 0.0398065 0.205739 74.182 -0.0420997 0.99909 0.00677866 -3.12701 -0.205282 -0.0152897 0.978583 142.19
0.982981 0.0438309 0.1784 74.7418 -0.0439233 0.999029 -0.00343409 -3.16885 -0.178378 -0.00446029 0.983952 145.333
0.98823 0.0512049 0.144151 75.2072 -0.0502814 0.998685 -0.0100446 -3.21715 -0.144475 0.00267832 0.989505 148.555
0.991771 0.0559942 0.115129 75.5841 -0.0573479 0.998318 0.00847791 -3.25154 -0.114461 -0.0150106 0.993314 151.827
0.992549 0.0666696 0.101991 75.817 -0.0664812 0.997774 -0.00524857 -3.2741 -0.102114 -0.00157106 0.994771 154.263
0.99308 0.0704563 0.0939584 76.0279 -0.0715891 0.997396 0.00873679 -3.29586 -0.0930981 -0.0154027 0.995538 156.761
0.995941 0.0535759 0.0723239 76.3021 -0.0536212 0.99856 -0.00131593 -3.31325 -0.0722903 -0.00256751 0.99738 160.028
0.998149 0.040592 0.0452777 76.4679 -0.0412849 0.999043 0.0144737 -3.32462 -0.0446468 -0.0163162 0.99887 163.343
0.999765 0.0181199 0.0118649 76.5926 -0.0181353 0.999835 0.00119822 -3.35032 -0.0118413 -0.00141312 0.999929 167.526
0.999404 0.0342979 -0.00382325 76.5488 -0.0342636 0.999375 0.00869531 -3.34893 0.00411909 -0.00855913 0.999955 170.889
0.999406 0.0342484 -0.00388743 76.5061 -0.0342132 0.999376 0.00877373 -3.36813 0.00418549 -0.00863552 0.999954 174.272
0.999676 0.0232075 -0.0104202 76.4876 -0.0232813 0.999704 -0.00701394 -3.3855 0.0102543 0.00725426 0.999921 177.641
0.999651 0.0210581 -0.0159783 76.4331 -0.0209376 0.999751 0.00766895 -3.43051 0.0161358 -0.00733172 0.999843 181.051
0.999403 0.0299645 -0.017224 76.3513 -0.0299558 0.999551 0.000764033 -3.46672 0.0172391 -0.00024762 0.999851 184.423
0.999018 0.040366 -0.0182764 76.2744 -0.0402498 0.999167 0.00668157 -3.49336 0.0185309 -0.00593938 0.999811 186.918
0.998959 0.04104 -0.0199268 76.2335 -0.0410942 0.999153 -0.00231768 -3.50988 0.0198148 0.00313414 0.999799 188.548
0.998836 0.0422537 -0.0232442 76.1887 -0.0420897 0.999086 0.00750003 -3.51765 0.0235399 -0.00651296 0.999702 190.162
0.998836 0.0422055 -0.0233359 76.1097 -0.0420378 0.999087 0.00763023 -3.53632 0.0236366 -0.00664037 0.999699 193.255
0.99918 0.0349967 -0.0203644 76.0709 -0.0351298 0.999363 -0.00621421 -3.57153 0.0201339 0.00692451 0.999773 195.33
0.999 0.044637 0.00252731 76.018 -0.0446614 0.998946 0.0105968 -3.60887 -0.00205164 -0.0106991 0.999941 198.047
0.998213 0.0474122 0.0363844 76.091 -0.0469726 0.998814 -0.012844 -3.6486 -0.0369502 0.011112 0.999255 201.272
0.997685 0.0346423 0.0585223 76.2826 -0.0348142 0.999392 0.00192079 -3.70562 -0.0584202 -0.00395376 0.998284 204.503
0.997156 0.0499871 0.0564019 76.4378 -0.0498069 0.998748 -0.00459777 -3.73577 -0.0565611 0.00177549 0.998398 207.759
0.997784 0.0505152 0.0433062 76.5479 -0.0505942 0.998719 0.000730226 -3.76573 -0.0432138 -0.00291965 0.999062 210.406
0.998712 0.0411923 0.0296345 76.6339 -0.041707 0.998986 0.0169669 -3.76903 -0.0289055 -0.018181 0.999417 213.118
0.999729 0.0134686 0.0189963 76.7379 -0.013771 0.999779 0.0158808 -3.7664 -0.0187782 -0.0161381 0.999693 216.61
0.999885 -0.00402233 0.0146143 76.8181 0.00386845 0.999937 0.0105427 -3.76302 -0.0146558 -0.0104849 0.999838 219.374
0.999887 -0.00407132 0.0144737 76.843 0.00391586 0.999935 0.0107532 -3.76935 -0.0145165 -0.0106953 0.999837 221.46
0.999868 -0.00784301 0.0142167 76.8642 0.00792757 0.999951 -0.0059015 -3.78181 -0.0141697 0.00601342 0.999882 222.814
0.99987 -0.0078944 0.0140714 76.881 0.00797501 0.999952 -0.00568159 -3.80895 -0.0140258 0.00579307 0.999885 224.818
0.999874 -0.00976356 0.012535 76.9171 0.00963137 0.999898 0.0105629 -3.84384 -0.0126369 -0.0104409 0.999866 226.68
0.999237 -0.0265449 -0.0286496 76.8873 0.026654 0.999639 0.00343466 -3.86746 0.0285481 -0.00419567 0.999584 229.482
0.987472 -0.0312427 -0.154673 76.5644 0.0326157 0.999448 0.00634712 -3.90226 0.154389 -0.0113124 0.987945 231.945
0.930485 -0.00575168 -0.366286 75.7842 0.00330957 0.999968 -0.00729482 -3.92556 0.366316 0.00557547 0.930474 234.059
0.752493 0.0545974 -0.656333 74.1993 -0.0498228 0.998421 0.0259319 -3.92785 0.656713 0.0131868 0.754025 236.052
0.586544 0.0817692 -0.80578 72.8136 -0.0569016 0.996592 0.0597127 -3.87149 0.807917 0.010826 0.589198 237
0.335323 0.0577332 -0.940332 70.8984 -0.0274141 0.998296 0.051516 -3.7359 0.941704 0.00850395 0.336334 237.756
0.198192 0.0581349 -0.978438 69.562 -0.0220266 0.998252 0.0548505 -3.66965 0.979916 0.0106807 0.199126 237.992
0.0932624 0.0534491 -0.994205 68.1013 -0.0198678 0.998459 0.051814 -3.60203 0.995442 0.0149204 0.0941806 238.099
0.0284043 0.0489192 -0.998398 66.5516 -0.0232218 0.998565 0.0482666 -3.53167 0.999326 0.0218137 0.0294995 238.102
-0.00616836 0.0443489 -0.998998 64.2617 -0.0289282 0.99859 0.0445094 -3.42964 0.999563 0.0291737 -0.00487673 238.072
-0.00501793 0.0449281 -0.998978 61.6689 -0.0293178 0.998554 0.0450563 -3.3257 0.999558 0.0295139 -0.00369348 238.04
-0.00342358 0.0457169 -0.998948 59.5391 -0.029727 0.998508 0.0457986 -3.23632 0.999551 0.0298526 -0.00205945 238.032
0.00205723 0.0452101 -0.998976 57.204 -0.029653 0.998541 0.0451293 -3.13347 0.999559 0.0295298 0.00339484 238.023
0.00469236 0.0448324 -0.998984 54.681 -0.0294541 0.998567 0.0446753 -3.02575 0.999555 0.0292145 0.00600613 238.034
0.00774782 0.0558784 -0.998409 52.0444 -0.024849 0.99814 0.0556706 -2.91431 0.999662 0.024378 0.00912192 238.044
0.00448005 0.055828 -0.99843 49.4009 -0.0244032 0.998149 0.0557028 -2.80548 0.999692 0.0241154 0.00583414 238.059
-0.00951377 0.0658951 -0.997782 46.7575 -0.0168987 0.997673 0.0660491 -2.68267 0.999813 0.0174896 -0.00837809 238.063
-0.0240049 0.0673897 -0.997437 44.0711 -0.0119812 0.997634 0.0676914 -2.53262 0.999639 0.0135754 -0.0231407 238.016
-0.0272343 0.0672431 -0.997365 41.42 -0.0120198 0.997641 0.0675899 -2.39205 0.999557 0.0138289 -0.0263618 237.911
-0.0302686 0.059752 -0.997754 38.7746 -0.0232127 0.9979 0.060465 -2.25774 0.999272 0.0249908 -0.028818 237.815
-0.0278449 0.0599717 -0.997812 37.0196 -0.0235351 0.997883 0.0606327 -2.17259 0.999336 0.0251718 -0.0263745 237.756
-0.0230487 0.060211 -0.997921 35.2866 -0.023966 0.997865 0.0607612 -2.09369 0.999448 0.0253165 -0.0215565 237.707
-0.0162439 0.0646959 -0.997774 33.6269 -0.0163992 0.997753 0.0649616 -2.01961 0.999735 0.0174178 -0.0151464 237.677
-0.0142762 0.0653686 -0.997759 31.9878 -0.0168377 0.997704 0.0656059 -1.93844 0.999756 0.0177366 -0.0131428 237.66
-0.013216 0.0654533 -0.997768 30.3517 -0.0172321 0.997692 0.0656766 -1.85474 0.999764 0.0180617 -0.0120576 237.64
-0.0152091 0.0750599 -0.997063 27.8996 -0.0192718 0.996971 0.075347 -1.72265 0.999698 0.0203612 -0.0137165 237.588
-0.0297831 0.0625537 -0.997597 24.6721 -0.0226602 0.997741 0.0632393 -1.52286 0.999299 0.0244892 -0.0282984 237.497
-0.0393149 0.0645022 -0.997142 22.2695 -0.0275071 0.997466 0.0656077 -1.40206 0.998847 0.0300079 -0.037441 237.383
-0.0452751 0.0688424 -0.996599 20.6721 -0.0345929 0.996916 0.0704358 -1.31773 0.998375 0.0376643 -0.042754 237.296
-0.0515802 0.0666959 -0.99644 18.352 -0.0476736 0.996465 0.0691654 -1.18863 0.997531 0.0510714 -0.0482182 237.147
-0.0531003 0.0667864 -0.996354 16.1212 -0.047385 0.996469 0.0693195 -1.06921 0.997465 0.050893 -0.0497482 237.017
-0.0528954 0.0690479 -0.99621 13.321 -0.0543878 0.995927 0.071916 -0.922863 0.997118 0.0579856 -0.0489246 236.862
-0.0450095 0.0674034 -0.99671 11.4227 -0.0566131 0.995946 0.0699083 -0.824642 0.997381 0.0595734 -0.0410111 236.757
-0.0458931 0.0673241 -0.996675 10.2279 -0.0563742 0.995962 0.0698718 -0.761281 0.997354 0.0593934 -0.0419124 236.71
-0.0465998 0.0672285 -0.996649 9.0863 -0.0561453 0.995979 0.0698085 -0.697287 0.997334 0.0592102 -0.0426379 236.665
-0.0471778 0.0671505 -0.996628 8.02064 -0.0559229 0.995995 0.0697551 -0.644441 0.997321 0.0590251 -0.0432337 236.629
-0.0388145 0.06812 -0.996922 7.02623 -0.0544647 0.996046 0.0701807 -0.59181 0.997761 0.0570211 -0.0349509 236.597
-0.0149356 0.0734249 -0.997189 4.806 -0.0528051 0.995851 0.0741173 -0.474437 0.998493 0.0537636 -0.0109964 236.55
0.0273274 0.0708526 -0.997112 2.16219 -0.0474501 0.996452 0.0695053 -0.329223 0.9985 0.0454137 0.0305924 236.627
0.096125 0.0369447 -0.994684 -0.451004 -0.0452995 0.998438 0.0327064 -0.220747 0.994338 0.0419147 0.0976484 236.819
0.303565 0.0482606 -0.951587 -2.46816 -0.0391064 0.998506 0.0381647 -0.179943 0.952008 0.0256277 0.304999 237.405
0.571667 0.0658909 -0.817836 -4.13788 -0.052127 0.997673 0.0439431 -0.137216 0.818828 0.0175106 0.573771 238.482
0.756968 0.0542257 -0.651199 -5.12678 -0.0567377 0.998241 0.017171 -0.109759 0.650985 0.0239496 0.758713 239.653
0.898852 0.0462078 -0.435809 -5.88901 -0.0485995 0.998802 0.00566477 -0.107408 0.435549 0.0160883 0.900021 241.243
0.958734 0.0389636 -0.281622 -6.26613 -0.0432818 0.999021 -0.00912661 -0.121798 0.28099 0.0209391 0.959482 242.666
0.987524 0.0374502 -0.152954 -6.49059 -0.0405545 0.999029 -0.0172254 -0.157133 0.15216 0.0232134 0.988083 244.284
0.997101 0.0304383 -0.0697399 -6.61487 -0.0319149 0.999287 -0.0201579 -0.201 0.0690766 0.0223252 0.997362 246.064
0.99938 0.0273842 -0.0221435 -6.68788 -0.0279057 0.999332 -0.0235957 -0.271018 0.0214826 0.024199 0.999476 248.684
0.999641 0.024669 -0.0104706 -6.70359 -0.0249273 0.999369 -0.0253039 -0.336876 0.00983973 0.0255558 0.999625 250.795
0.999619 0.0239701 -0.0136515 -6.71831 -0.0242984 0.999407 -0.0244146 -0.38028 0.0130582 0.024737 0.999609 252.299
0.999543 0.0233116 -0.0192205 -6.75887 -0.0237431 0.999464 -0.0225359 -0.454038 0.0186848 0.022982 0.999561 254.624
0.999338 0.0256931 -0.0257571 -6.80621 -0.0265177 0.99913 -0.0322009 -0.505597 0.0249074 0.0328626 0.999149 256.282
0.999252 0.0275476 -0.0271257 -6.90039 -0.0284185 0.999075 -0.03226 -0.580497 0.026212 0.0330067 0.999111 258.865
0.999403 0.0228244 -0.0259482 -6.98301 -0.0233368 0.999535 -0.0196156 -0.679109 0.0254884 0.0202095 0.999471 261.565
0.999417 0.0198277 -0.0277841 -7.06437 -0.0208978 0.99903 -0.0387715 -0.767352 0.0269883 0.0393295 0.998862 264.356
0.999509 0.0216684 -0.0226257 -7.15358 -0.0225506 0.998965 -0.0394911 -0.90041 0.0217465 0.0399819 0.998964 267.276
0.999621 0.0186923 -0.020199 -7.23131 -0.0193286 0.999308 -0.0317791 -1.03219 0.019591 0.0321575 0.999291 270.276
0.999662 0.017071 -0.0195939 -7.27859 -0.0177059 0.999308 -0.032703 -1.11613 0.0190221 0.0330389 0.999273 272.312
0.999698 0.0154584 -0.0191061 -7.30616 -0.0160845 0.999324 -0.0330603 -1.19556 0.0185821 0.0333576 0.999271 274.38
0.999725 0.0138622 -0.0189297 -7.36066 -0.0144796 0.999355 -0.0328761 -1.28092 0.0184618 0.0331412 0.99928 276.472
0.999697 0.00827569 -0.0231698 -7.40197 -0.0091882 0.999175 -0.0395586 -1.38181 0.0228233 0.0397595 0.998949 278.573
0.999656 0.00873951 -0.0247397 -7.47254 -0.00966079 0.999255 -0.0373675 -1.48906 0.0243947 0.0375936 0.998995 280.674
0.999618 0.00918863 -0.0260719 -7.53642 -0.0101165 0.999312 -0.0356816 -1.58671 0.0257261 0.0359317 0.999023 282.785
0.999475 0.0133292 -0.0295287 -7.61846 -0.0141041 0.999557 -0.0261943 -1.67538 0.0291665 0.026597 0.999221 284.892
0.999442 0.0137496 -0.0304346 -7.69396 -0.0145274 0.99957 -0.0254855 -1.75782 0.0300711 0.0259135 0.999212 287.001
0.999416 0.0141505 -0.0310991 -7.75773 -0.0149393 0.999569 -0.0252795 -1.84957 0.030728 0.0257293 0.999197 289.068
0.9994 0.0145217 -0.031432 -7.86707 -0.0153351 0.99955 -0.0257916 -1.97105 0.0310433 0.0262582 0.999173 292.15
0.999395 0.0148645 -0.0314496 -7.9837 -0.0157156 0.999512 -0.0269882 -2.07921 0.0310331 0.0274661 0.999141 295.225
0.999388 0.0193914 -0.0291048 -8.06133 -0.0199558 0.999616 -0.0192302 -2.15468 0.0287207 0.0197993 0.999391 297.258
0.999399 0.0198364 -0.0284253 -8.13589 -0.0204059 0.999594 -0.0198871 -2.22802 0.0280193 0.0204552 0.999398 299.265
0.999312 0.0255519 -0.0268907 -8.22009 -0.0263102 0.999255 -0.0282337 -2.28581 0.0261492 0.0289218 0.99924 301.266
0.9993 0.0260428 -0.0268433 -8.31911 -0.0267915 0.999251 -0.0279212 -2.41135 0.0260961 0.0286208 0.99925 304.264
0.999279 0.0265486 -0.0271393 -8.38416 -0.0272874 0.999257 -0.0272215 -2.48364 0.0263964 0.0279425 0.999261 306.269
0.99938 0.0265301 -0.0231399 -8.4493 -0.0271868 0.999223 -0.0285398 -2.5624 0.0223647 0.0291512 0.999325 308.319
0.999427 0.026544 -0.0209832 -8.4973 -0.0271544 0.9992 -0.0293596 -2.64162 0.0201871 0.0299126 0.999349 310.38
0.999433 0.0265856 -0.0206608 -8.55003 -0.0271928 0.999189 -0.0296861 -2.71986 0.0198549 0.0302311 0.999346 312.457
0.999398 0.0266612 -0.0222074 -8.60066 -0.027311 0.999192 -0.029491 -2.80809 0.0214032 0.0300798 0.999318 314.567
0.999313 0.0267701 -0.0256375 -8.65688 -0.0275056 0.999207 -0.0287772 -2.89374 0.0248468 0.0294626 0.999257 316.698
0.999158 0.0269082 -0.0309822 -8.715 -0.0277649 0.999235 -0.0275585 -2.97122 0.0302169 0.0283955 0.99914 318.849
0.999116 0.0267104 -0.0324733 -8.80162 -0.0276083 0.99924 -0.0275238 -3.05584 0.0317134 0.028396 0.999094 321.05
0.999113 0.0264991 -0.0327234 -8.88496 -0.0274025 0.999247 -0.0274733 -3.14237 0.0319707 0.0283457 0.999087 323.232
0.999157 0.026264 -0.0315413 -8.95943 -0.027136 0.999252 -0.0275436 -3.23581 0.0307943 0.0283763 0.999123 325.405
0.999241 0.0260154 -0.0289982 -9.03372 -0.0268158 0.99926 -0.027562 -3.32198 0.0282597 0.0283187 0.999199 327.564
0.999354 0.0257567 -0.0250832 -9.10128 -0.0264439 0.999273 -0.0274629 -3.40571 0.0243576 0.0281084 0.999308 329.711
0.999357 0.0259928 -0.0247098 -9.15186 -0.0265853 0.999359 -0.0239609 -3.48903 0.0240711 0.0246024 0.999407 331.755
0.999356 0.0261716 -0.0245313 -9.2063 -0.0267272 0.999387 -0.0225988 -3.56081 0.0239249 0.02324 0.999444 333.786
0.999354 0.026294 -0.0245021 -9.2617 -0.0268653 0.999368 -0.0232869 -3.62916 0.0238743 0.0239302 0.999429 335.784
0.999404 0.0209084 -0.0274587 -9.34868 -0.0214512 0.999577 -0.0196238 -3.74021 0.0270368 0.0202011 0.99943 338.751
0.999404 0.020851 -0.0274968 -9.44215 -0.0215682 0.999428 -0.026047 -3.84677 0.026938 0.0266246 0.999282 341.628
0.999381 0.0208105 -0.0283694 -9.53075 -0.0215232 0.999454 -0.0250511 -3.95913 0.0278326 0.0256462 0.999284 344.438
0.999356 0.0207802 -0.0292444 -9.63706 -0.0214799 0.999485 -0.0238195 -4.07053 0.0287344 0.0244324 0.999288 347.162
0.999329 0.020759 -0.0301668 -9.71944 -0.021438 0.99952 -0.0223647 -4.17466 0.0296881 0.0229964 0.999295 349.746
0.999299 0.0207458 -0.0311697 -9.78227 -0.0213968 0.999557 -0.0207001 -4.27079 0.0307264 0.0213526 0.9993 352.167
0.999266 0.0207387 -0.032223 -9.82175 -0.0213552 0.999593 -0.0189073 -4.32809 0.0318178 0.0195815 0.999302 353.663
0.99917 0.0208586 -0.0349835 -9.87272 -0.0215481 0.999579 -0.0194498 -4.41535 0.034563 0.0201875 0.999199 355.73
0.999115 0.0209649 -0.0364554 -9.94508 -0.0216923 0.999571 -0.0196724 -4.48861 0.0360273 0.0204458 0.999142 357.635
0.999112 0.0210654 -0.0364771 -10.0471 -0.0217869 0.999573 -0.019496 -4.56802 0.0360508 0.0202735 0.999144 359.861
0.996722 0.0229735 -0.0775707 -10.191 -0.0249931 0.999371 -0.0251656 -4.64452 0.0769437 0.0270219 0.996669 361.757
0.984771 0.0306363 -0.171139 -10.5397 -0.0337247 0.999316 -0.0151674 -4.70833 0.170557 0.020708 0.98513 363.496
0.943878 0.0381595 -0.328082 -11.1218 -0.0406933 0.999171 -0.000858449 -4.73576 0.327777 0.014161 0.944649 365.068
0.860569 0.050258 -0.506848 -11.9458 -0.0460658 0.998721 0.0208168 -4.73597 0.507247 0.0054341 0.861784 366.415
0.71746 0.059067 -0.694091 -13.0882 -0.0376035 0.99823 0.0460796 -4.69688 0.695584 -0.00696 0.718411 367.64
0.453101 0.0477736 -0.890179 -15.1026 -0.00227477 0.998622 0.0524356 -4.57308 0.891457 -0.0217337 0.452585 368.877
0.259928 0.0386303 -0.964854 -16.606 0.0180146 0.998832 0.0448437 -4.49292 0.965459 -0.0290376 0.258929 369.293
0.0833 0.0631546 -0.994521 -18.2686 0.0063371 0.997936 0.0639023 -4.41009 0.996504 -0.0116254 0.0827279 369.365
-0.0345993 0.0763974 -0.996476 -20.0152 -0.00715768 0.997029 0.0766883 -4.2948 0.999375 0.0097859 -0.0339496 369.273
-0.0780434 0.0814901 -0.993613 -21.8477 -0.013179 0.996482 0.0827605 -4.17017 0.996862 0.0195538 -0.0766949 369.08
-0.0828269 0.0563328 -0.994971 -23.7222 -0.01488 0.99822 0.0577555 -4.02959 0.996454 0.0195889 -0.0818412 368.893
-0.0776236 0.0690723 -0.994586 -25.7284 -0.010961 0.997478 0.0701285 -3.91623 0.996922 0.0163454 -0.0766708 368.737
-0.0707095 0.0659631 -0.995314 -27.8358 -0.0227689 0.997444 0.0677219 -3.78212 0.997237 0.0274508 -0.0690269 368.558
-0.0607943 0.0639634 -0.996098 -29.3048 -0.0289028 0.997413 0.0658118 -3.68765 0.997731 0.0327911 -0.0587883 368.462
-0.0518071 0.0684321 -0.99631 -30.8385 -0.0340798 0.996947 0.070248 -3.58693 0.998076 0.0375934 -0.0493168 368.375
-0.0519617 0.0652321 -0.996516 -32.4401 -0.0340272 0.997169 0.0670492 -3.48484 0.998069 0.0373927 -0.0495949 368.294
-0.0434168 0.0623695 -0.997108 -34.9879 -0.0305037 0.997501 0.0637223 -3.31443 0.998591 0.0331821 -0.0414058 368.185
-0.0375935 0.0727266 -0.996643 -37.7079 -0.0269857 0.996911 0.073764 -3.14487 0.998929 0.0296681 -0.0355148 368.081
-0.0343108 0.0644802 -0.997329 -40.4901 -0.029535 0.997415 0.0655018 -2.97723 0.998975 0.0317035 -0.0323177 367.977
-0.0353523 0.0672676 -0.997109 -43.3047 -0.0292776 0.997234 0.0683141 -2.82244 0.998946 0.031608 -0.0332851 367.876
-0.0360333 0.0712259 -0.996809 -45.1994 -0.0290478 0.996961 0.0722868 -2.71943 0.998928 0.0315598 -0.0338549 367.795
-0.0368231 0.0717059 -0.996746 -47.0121 -0.029276 0.996917 0.0727998 -2.61091 0.998893 0.0318615 -0.0346103 367.714
-0.0374099 0.0720899 -0.996697 -48.8203 -0.0295157 0.99688 0.073211 -2.50159 0.998865 0.0321569 -0.0351654 367.643
-0.0377313 0.0724004 -0.996663 -50.6178 -0.0297707 0.996848 0.0735409 -2.39351 0.998845 0.0324461 -0.035457 367.564
-0.0453991 0.0789157 -0.995846 -52.4229 -0.0308036 0.99629 0.0803551 -2.27182 0.998493 0.0343237 -0.0427998 367.469
-0.0521098 0.0792983 -0.995489 -54.2165 -0.0372478 0.995994 0.0812884 -2.15198 0.997947 0.0413156 -0.0489474 367.362
-0.050873 0.0791593 -0.995563 -55.9878 -0.0375963 0.995995 0.0811149 -2.03325 0.997997 0.0415561 -0.0476931 367.25
-0.0478824 0.081193 -0.995547 -58.6785 -0.0376151 0.995837 0.0830258 -1.84513 0.998144 0.0414232 -0.044629 367.101
-0.0460429 0.0816709 -0.995595 -61.3302 -0.037541 0.995807 0.0834244 -1.65514 0.998233 0.0412167 -0.0427839 366.956
-0.0449935 0.0811084 -0.99569 -63.0981 -0.0374049 0.995863 0.0828128 -1.52655 0.998288 0.0409696 -0.0417735 366.873
-0.0302608 0.0827005 -0.996114 -65.7552 -0.038954 0.995717 0.0838508 -1.33509 0.998782 0.0413401 -0.0269097 366.772
-0.0162505 0.0765052 -0.996937 -68.3817 -0.0384926 0.996281 0.0770823 -1.15233 0.999127 0.0396273 -0.0132452 366.717
-0.00812074 0.0680342 -0.997651 -70.965 -0.0400139 0.996862 0.0683062 -0.986579 0.999167 0.0404745 -0.00537294 366.712
0.00221883 0.0708833 -0.997482 -73.5573 -0.0410781 0.996649 0.0707327 -0.843641 0.999154 0.0408178 0.00512315 366.706
0.0116323 0.0722409 -0.997319 -76.0762 -0.0352274 0.996797 0.0717922 -0.707641 0.999311 0.0342979 0.0141399 366.724
0.0142869 0.0776369 -0.996879 -78.4292 -0.0358795 0.996379 0.0770837 -0.585548 0.999254 0.0346663 0.0170207 366.757
0.0169796 0.0833058 -0.996378 -80.6034 -0.0287752 0.996151 0.0827963 -0.461946 0.999441 0.0272652 0.0193114 366.784
0.00248025 0.0923893 -0.995719 -82.5845 -0.0217932 0.995491 0.0923139 -0.329194 0.999759 0.021471 0.00448253 366.791
-0.0245286 0.088821 -0.995746 -85.0095 -0.0174715 0.995855 0.0892611 -0.143681 0.999547 0.0195865 -0.0228751 366.755
-0.0569452 0.0780951 -0.995319 -87.9575 -0.0166274 0.996724 0.0791566 0.0776514 0.99824 0.0210571 -0.0554601 366.564
-0.0817646 0.0633766 -0.994634 -90.9264 -0.0181683 0.997716 0.0650665 0.280356 0.996485 0.023391 -0.0804263 366.324
-0.0937223 0.0578458 -0.993916 -94.039 -0.0267353 0.997804 0.0605931 0.447972 0.995239 0.0322516 -0.09197 365.994
-0.0940255 0.0673714 -0.993288 -96.6976 -0.0291653 0.997093 0.0703903 0.604 0.995142 0.035588 -0.0917872 365.73
-0.0912357 0.0921146 -0.991561 -98.8609 -0.0365641 0.994731 0.0957735 0.766347 0.995159 0.0449934 -0.087387 365.538
-0.0866486 0.0678073 -0.993928 -100.343 -0.0437472 0.99646 0.0717938 0.875095 0.995277 0.0497025 -0.0833755 365.4
-0.083781 0.0749894 -0.993658 -101.895 -0.0441633 0.995905 0.0788826 1.01141 0.995504 0.0504922 -0.0801262 365.275
-0.0761097 0.0988267 -0.992191 -103.487 -0.042745 0.993838 0.10227 1.13086 0.996184 0.0501948 -0.0714164 365.153
-0.0652222 0.0613662 -0.995983 -105.927 -0.0465669 0.996833 0.064468 1.33764 0.996784 0.0505845 -0.062158 364.982
-0.0549694 0.0759032 -0.995599 -107.653 -0.0590903 0.995112 0.0791285 1.45338 0.996738 0.0631799 -0.0502156 364.851
-0.0407617 0.0701936 -0.996699 -109.429 -0.0657146 0.995181 0.0727742 1.57299 0.997005 0.0684642 -0.0359525 364.761
-0.0242404 0.0483677 -0.998534 -111.246 -0.0566453 0.997158 0.0496762 1.67959 0.998099 0.0577665 -0.0214317 364.713
-0.00982634 0.0655128 -0.997805 -113.142 -0.0501014 0.996566 0.0659249 1.7851 0.998697 0.0506391 -0.00651032 364.707
0.00144909 0.076733 -0.997051 -115.072 -0.0464703 0.99598 0.076583 1.90525 0.998919 0.0462223 0.00500907 364.712
0.00911004 0.0689801 -0.997577 -117.041 -0.0441145 0.996674 0.0685148 2.03659 0.998986 0.0433833 0.0121228 364.731
0.0100218 0.0686775 -0.997588 -119.035 -0.0440443 0.996701 0.0681739 2.16459 0.998979 0.0432549 0.0130136 364.756
0.0103467 0.068516 -0.997597 -121.046 -0.0439398 0.996717 0.0679999 2.28568 0.998981 0.0431306 0.0133233 364.767
0.0100439 0.0684757 -0.997603 -123.057 -0.0438 0.996725 0.0679745 2.40316 0.99899 0.0430123 0.0130103 364.772
-0.000852642 0.0517775 -0.99866 -126.038 -0.030996 0.998177 0.051779 2.55245 0.999521 0.0309985 0.000753805 364.793
-0.0119363 0.0652677 -0.997796 -129.013 -0.0286686 0.997435 0.065587 2.69011 0.999518 0.0293883 -0.0100346 364.769
-0.0201728 0.0588715 -0.998062 -130.938 -0.036876 0.997542 0.0595861 2.7909 0.999116 0.0380065 -0.0179523 364.715
-0.0217928 0.0594563 -0.997993 -132.863 -0.0371114 0.997494 0.0602369 2.88212 0.999074 0.0383496 -0.0195317 364.665
-0.0255669 0.0673768 -0.9974 -134.777 -0.0313019 0.997183 0.0681645 2.98037 0.999183 0.0329633 -0.0233859 364.612
-0.0306862 0.0780131 -0.99648 -136.682 -0.0288994 0.996463 0.0789018 3.09631 0.999111 0.0312189 -0.0283231 364.556
-0.0346084 0.0682034 -0.997071 -138.568 -0.0333182 0.997035 0.0693574 3.21213 0.998845 0.035621 -0.0322333 364.475
-0.0300733 0.0671966 -0.997286 -139.501 -0.0339 0.997095 0.068206 3.27007 0.998972 0.0358592 -0.027708 364.436
-0.029132 0.0683101 -0.99724 -141.412 -0.0338521 0.997022 0.0692841 3.38285 0.999003 0.0357769 -0.0267328 364.371
-0.0286039 0.0690999 -0.997199 -143.316 -0.0337787 0.996971 0.070053 3.49271 0.999019 0.0356879 -0.0261832 364.309
-0.0284858 0.0695686 -0.99717 -145.203 -0.0336803 0.996942 0.0705148 3.6019 0.999026 0.0355937 -0.0260556 364.251
-0.0287884 0.0697114 -0.997152 -147.068 -0.0335555 0.996936 0.0706651 3.7046 0.999022 0.0354942 -0.026361 364.184
-0.0294778 0.069528 -0.997145 -148.922 -0.0334098 0.996952 0.0705022 3.80397 0.999007 0.0353926 -0.027065 364.136
-0.0307617 0.0688746 -0.997151 -151.699 -0.033229 0.997001 0.0698894 3.96595 0.998974 0.0352842 -0.0283809 364.058
-0.0293586 0.0767244 -0.99662 -154.4 -0.0306199 0.996513 0.0776182 4.12993 0.9991 0.0327951 -0.0269069 363.98
-0.0324315 0.0761137 -0.996573 -157.046 -0.0301026 0.996569 0.0770931 4.29312 0.999022 0.0324995 -0.030029 363.91
-0.0326756 0.0757626 -0.996591 -159.528 -0.0297619 0.996607 0.0767397 4.44532 0.999023 0.0321679 -0.0303099 363.827
-0.0301054 0.0700685 -0.997089 -161.83 -0.021925 0.997254 0.0707421 4.5782 0.999307 0.0239908 -0.0284865 363.754
-0.0287915 0.0809286 -0.996304 -163.271 -0.0161432 0.99655 0.081415 4.6527 0.999455 0.0184276 -0.0273857 363.711
-0.0306391 0.0617787 -0.99762 -165.258 -0.0196204 0.997859 0.0623961 4.76292 0.999338 0.0214854 -0.0293614 363.635
-0.0423522 0.0684129 -0.996758 -167.075 -0.0272002 0.997204 0.0695993 4.85338 0.998733 0.0300596 -0.040373 363.537
-0.0683402 0.0712809 -0.995112 -168.814 -0.0226871 0.997075 0.0729796 4.95354 0.997403 0.0275637 -0.0665232 363.446
-0.161157 0.0671688 -0.984641 -170.94 -0.0129272 0.997452 0.0701586 5.07596 0.986845 0.0240352 -0.159878 363.122
-0.326609 0.0694407 -0.942606 -172.921 0.0012977 0.997329 0.0730226 5.19612 0.945159 0.0226266 -0.325827 362.486
-0.584744 0.0739268 -0.807844 -174.971 0.017898 0.996772 0.0782609 5.34832 0.811022 0.0313037 -0.584179 361.183
-0.781713 0.0722553 -0.619439 -176.302 0.0308069 0.996527 0.0773639 5.50141 0.622877 0.0413934 -0.781224 359.617
-0.858962 0.0662542 -0.507736 -176.791 0.0319199 0.996593 0.0760447 5.59102 0.511044 0.0491126 -0.858151 358.638
-0.943294 0.0741814 -0.32356 -177.359 0.0523216 0.995753 0.075756 5.69779 0.327805 0.0545311 -0.943169 357.068
-0.983237 0.0673152 -0.169454 -177.665 0.0565523 0.996111 0.0675643 5.80432 0.173343 0.0568487 -0.98322 355.328
-0.992787 0.0582037 -0.104825 -177.746 0.0514817 0.996508 0.0657307 5.8773 0.108285 0.05986 -0.992317 354.088
-0.996032 0.0595404 -0.0661539 -177.813 0.0552574 0.996368 0.0647891 5.95003 0.0697712 0.0608765 -0.995705 352.813
-0.997385 0.0685039 -0.0230463 -177.864 0.0675118 0.99686 0.0413766 6.04589 0.0258084 0.0397124 -0.998878 350.855
-0.997847 0.0631801 0.0174916 -177.818 0.0638056 0.997243 0.0378717 6.12341 -0.0150507 0.0389063 -0.999128 348.77
-0.997667 0.0577876 0.0363816 -177.731 0.0590884 0.997612 0.0357563 6.19868 -0.0342284 0.0378226 -0.998699 346.571
-0.997094 0.0572885 0.0502422 -177.617 0.0591655 0.997573 0.0367028 6.27596 -0.0480176 0.0395687 -0.998064 344.232
-0.996647 0.0501137 0.0646813 -177.437 0.0528967 0.997714 0.0420554 6.36336 -0.0624259 0.0453359 -0.99702 341.784
-0.99641 0.0466049 0.0706873 -177.302 0.0492774 0.998116 0.0365464 6.42001 -0.0688509 0.0398985 -0.99683 340.095
-0.996401 0.0466487 0.0707948 -177.163 0.0493371 0.998107 0.0367132 6.46987 -0.0689482 0.0400738 -0.996817 338.366
-0.996387 0.0466924 0.0709105 -177.03 0.0493967 0.998098 0.0368743 6.52914 -0.0690539 0.0402439 -0.996799 336.571
-0.996378 0.0467366 0.0710305 -176.962 0.0494569 0.998089 0.037033 6.55378 -0.069164 0.0404118 -0.996786 335.665
-0.996368 0.0467808 0.0711544 -176.892 0.049517 0.998081 0.0371891 6.58176 -0.0692781 0.0405774 -0.996772 334.748
-0.996358 0.0468253 0.0712828 -176.826 0.0495775 0.998072 0.0373421 6.61507 -0.0693968 0.0407401 -0.996759 333.827
-0.996344 0.0468698 0.0714151 -176.751 0.049638 0.998063 0.0374932 6.6344 -0.0695195 0.0409011 -0.996741 332.897
-0.996618 0.0473564 0.0671487 -176.614 0.0504994 0.997668 0.0459064 6.69433 -0.0648182 0.0491422 -0.996686 331.032
-0.99719 0.0437015 0.0608409 -176.421 0.0470903 0.997352 0.0554262 6.80486 -0.0582575 0.0581355 -0.996607 328.248
-0.997178 0.0437446 0.0610067 -176.305 0.0471506 0.997342 0.0555554 6.8877 -0.0584143 0.0582751 -0.99659 326.372
-0.997165 0.043788 0.0611831 -176.189 0.0472115 0.997332 0.0556774 6.97386 -0.0585818 0.0584082 -0.996572 324.508
-0.997152 0.0438316 0.0613702 -176.087 0.0472729 0.997323 0.0557927 7.05257 -0.0587604 0.0585349 -0.996554 322.647
-0.997697 0.0358783 0.0575575 -175.953 0.038969 0.997807 0.0535063 7.13698 -0.0555115 0.055626 -0.996907 320.797
-0.997683 0.0359231 0.0577639 -175.836 0.039031 0.997799 0.0536076 7.22234 -0.055711 0.055738 -0.996889 318.933
-0.997669 0.0359683 0.0579797 -175.708 0.0390936 0.997791 0.0537015 7.31079 -0.0559201 0.055843 -0.996871 317.041
-0.997335 0.0496342 0.0534539 -175.623 0.0523364 0.997357 0.0503979 7.4008 -0.0508111 0.0530612 -0.997296 315.123
-0.997319 0.0496806 0.0536942 -175.519 0.0523997 0.99735 0.0504772 7.48938 -0.0510442 0.0531555 -0.997279 313.204
-0.997151 0.0525761 0.0540569 -175.412 0.0558191 0.996616 0.060343 7.57226 -0.0507014 0.0631885 -0.996711 311.288
-0.997337 0.0452494 0.0572205 -175.225 0.0477735 0.997909 0.0435412 7.68653 -0.0551306 0.0461588 -0.997413 308.466
-0.997316 0.0452987 0.0574971 -175.107 0.0478388 0.997903 0.0435982 7.74417 -0.0554016 0.0462319 -0.997392 306.573
-0.997299 0.0453481 0.0577845 -174.988 0.0479044 0.997898 0.0436499 7.80691 -0.0556836 0.0463001 -0.997375 304.686
-0.997278 0.0453975 0.0580827 -174.877 0.0479703 0.997893 0.0436964 7.86065 -0.0559766 0.0463637 -0.997353 302.818
-0.99726 0.045447 0.058392 -174.771 0.0480366 0.997888 0.0437379 7.91614 -0.0562809 0.0464229 -0.997336 300.964
-0.997238 0.0454968 0.0587123 -174.667 0.0481034 0.997883 0.0437738 7.97624 -0.0565965 0.0464771 -0.997315 299.112
-0.997216 0.0455467 0.0590429 -174.546 0.0481704 0.997878 0.0438039 8.04418 -0.0569225 0.046526 -0.997294 297.246
-0.997193 0.0455966 0.0593846 -174.438 0.0482378 0.997874 0.0438285 8.10465 -0.0572599 0.04657 -0.997273 295.402
-0.996024 0.0569877 0.0684826 -174.262 0.0599017 0.99735 0.0412773 8.19439 -0.0659488 0.0452154 -0.996799 292.614
-0.995367 0.0520648 0.0808295 -174.025 0.0551133 0.997833 0.0359517 8.27242 -0.0787825 0.04024 -0.996079 289.846
-0.995167 0.0511455 0.0838414 -173.858 0.0551187 0.99743 0.0457785 8.32609 -0.0812845 0.0501784 -0.995428 287.972
-0.995131 0.0511955 0.0842253 -173.694 0.0551879 0.997426 0.0457749 8.39778 -0.0816651 0.0502002 -0.995395 286.073
-0.994503 0.0607535 0.0852705 -173.536 0.0639014 0.997353 0.0346837 8.46054 -0.0829376 0.039942 -0.995753 284.207
-0.994636 0.05736 0.0860495 -173.373 0.0615964 0.996974 0.0474112 8.51667 -0.0830697 0.0524573 -0.99516 282.305
-0.9946 0.0574104 0.0864623 -173.125 0.0616667 0.996971 0.0473866 8.63306 -0.08348 0.0524626 -0.995128 279.424
-0.994559 0.0574612 0.0868833 -172.956 0.0617373 0.996968 0.0473558 8.70778 -0.0838988 0.0524621 -0.995092 277.499
-0.994668 0.0610373 0.0831467 -172.802 0.0657883 0.996281 0.0556511 8.78827 -0.0794406 0.0608243 -0.994984 275.544
