0.837864 0.0274457 0.545189 -90.5835 0.00629975 0.998183 -0.0599318 6.14328 -0.545843 0.0536493 0.836168 224.38
0.907 0.0330038 0.419835 -89.9649 -0.00843063 0.998148 -0.0602524 6.04313 -0.421046 0.0511095 0.905598 225.781
0.963981 0.0643908 0.258059 -89.3365 -0.0545387 0.99749 -0.0451638 5.88312 -0.260319 0.0294629 0.965073 228.202
0.970506 0.0811507 0.227009 -88.6957 -0.0724424 0.996291 -0.0464471 5.71006 -0.229936 0.0286321 0.972784 231.205
0.936664 0.0677581 0.343613 -87.8244 -0.0567862 0.997506 -0.0419064 5.52527 -0.345595 0.0197398 0.938176 234.01
0.7566 0.0625779 0.650877 -86.1955 -0.0279496 0.997595 -0.0634234 5.33933 -0.653281 0.0297944 0.756529 236.356
0.528238 0.0393046 0.848187 -84.5793 0.0130897 0.998432 -0.054419 5.20028 -0.848996 0.0398487 0.526895 237.377
0.391936 0.0440584 0.918937 -83.5493 0.017898 0.998298 -0.055497 5.14912 -0.919818 0.0381985 0.390481 237.765
0.228458 0.0361642 0.972881 -81.9959 0.0266019 0.998705 -0.0433709 5.05673 -0.97319 0.0357889 0.2272 238.12
0.119041 0.045516 0.991846 -80.258 0.0363169 0.998081 -0.0501609 4.95993 -0.992225 0.041992 0.11716 238.302
0.0535059 0.0580045 0.996881 -78.258 0.0374429 0.997493 -0.0600498 4.84673 -0.997865 0.0405391 0.0511999 238.427
0.0275609 0.0536058 0.998182 -76.5717 0.0473385 0.997371 -0.0548694 4.74692 -0.998499 0.0487647 0.0249509 238.461
0.0237735 0.0536974 0.998275 -74.7468 0.0469081 0.997397 -0.0547673 4.63801 -0.998617 0.0481292 0.0211927 238.505
0.0123138 0.0589792 0.998183 -72.0801 0.0448061 0.997224 -0.0594752 4.48292 -0.998919 0.0454571 0.00963702 238.557
-0.000665528 0.0614648 0.998108 -69.1594 0.0413019 0.997259 -0.0613849 4.30171 -0.999146 0.0411829 -0.00320232 238.579
-0.00377673 0.0614599 0.998102 -66.832 0.0408272 0.997287 -0.0612552 4.14207 -0.999158 0.0405184 -0.00627572 238.565
-0.014578 0.0609359 0.998034 -63.6197 0.0458877 0.99713 -0.0602103 3.92057 -0.998839 0.0449198 -0.0173323 238.518
-0.0172758 0.0609001 0.997994 -61.9774 0.0453832 0.997162 -0.0600637 3.801 -0.99882 0.0442545 -0.0199906 238.493
-0.0252156 0.0678527 0.997376 -59.4435 0.0404685 0.996945 -0.0668002 3.62417 -0.998862 0.0386779 -0.0278845 238.449
-0.0274744 0.0677576 0.997324 -56.8272 0.0399317 0.996978 -0.0666341 3.43339 -0.998825 0.0379941 -0.0300971 238.383
-0.0197881 0.064374 0.997729 -54.1781 0.046799 0.996891 -0.0633917 3.23652 -0.998707 0.0454383 -0.0227392 238.312
-0.0133358 0.0698082 0.99747 -51.5289 0.0440813 0.996631 -0.06916 3.0286 -0.998938 0.0430475 -0.0163681 238.284
-0.0149938 0.0696627 0.997458 -49.7668 0.043501 0.996671 -0.0689539 2.88356 -0.998941 0.0423565 -0.0179743 238.264
-0.016502 0.0695012 0.997445 -48.0035 0.0429088 0.996711 -0.0687401 2.74553 -0.998942 0.0416648 -0.0194299 238.247
-0.012203 0.0598798 0.99813 -45.379 0.0452479 0.997216 -0.0592716 2.54398 -0.998901 0.04444 -0.0148784 238.214
-0.0103249 0.0791011 0.996814 -42.8191 0.0448257 0.995901 -0.0785644 2.34344 -0.998942 0.0438717 -0.0138283 238.194
-0.0125671 0.0601998 0.998106 -40.2666 0.0448411 0.997216 -0.0595814 2.13436 -0.998914 0.0440074 -0.0152315 238.159
-0.0114293 0.068284 0.997602 -37.767 0.051156 0.996399 -0.0676158 1.94282 -0.998626 0.0502605 -0.0148813 238.121
-0.0119251 0.0680246 0.997613 -36.1058 0.0504865 0.996452 -0.067342 1.80814 -0.998654 0.0495629 -0.0153171 238.109
-0.0122162 0.0677429 0.997627 -33.692 0.0498005 0.996506 -0.0670568 1.61071 -0.998684 0.0488632 -0.0155471 238.075
-0.0122369 0.0674318 0.997649 -30.5122 0.0490936 0.996561 -0.0667561 1.36178 -0.998719 0.0481613 -0.0155053 238.048
-0.0119986 0.067093 0.997675 -27.4818 0.0483657 0.996618 -0.0664403 1.11455 -0.998759 0.0474561 -0.0152031 238.032
-0.0105807 0.0701114 0.997483 -24.6409 0.0361494 0.996914 -0.0696879 0.882522 -0.99929 0.0353211 -0.0130826 238.026
-0.00991639 0.0697364 0.997516 -22.5654 0.0353882 0.996965 -0.0693461 0.717273 -0.999324 0.0346126 -0.0123541 238.012
-0.00908462 0.0693457 0.997552 -20.5464 0.0346134 0.997016 -0.0689933 0.550438 -0.99936 0.0339019 -0.0114578 237.976
-0.0149883 0.0748005 0.997085 -18.6541 0.0336589 0.99667 -0.0742634 0.387229 -0.999321 0.0324477 -0.0174561 237.951
-0.0311555 0.0710436 0.996987 -16.3892 0.0315602 0.997043 -0.0700615 0.189254 -0.999017 0.0292823 -0.0333056 237.895
-0.0684759 0.0686413 0.995288 -13.9775 0.0333215 0.997231 -0.0664827 -0.0246756 -0.997095 0.028612 -0.0705735 237.74
-0.115555 0.0658284 0.991118 -11.9902 0.0359135 0.997426 -0.0620603 -0.184038 -0.992653 0.0284232 -0.117621 237.516
-0.195783 0.0625871 0.978648 -9.95319 0.0551652 0.997084 -0.05273 -0.348341 -0.979094 0.0436636 -0.198665 237.104
-0.343345 0.0729799 0.936371 -8.14633 0.069782 0.996203 -0.0520559 -0.47153 -0.936614 0.0474686 -0.347134 236.446
-0.564188 0.0869469 0.821054 -6.41964 0.0784773 0.995585 -0.0515032 -0.586061 -0.821907 0.0353766 -0.56852 235.369
-0.709508 0.0807316 0.700057 -5.44242 0.0730027 0.996492 -0.0409286 -0.650059 -0.700905 0.0220669 -0.712912 234.384
-0.813042 0.0845687 0.576029 -4.77296 0.0801568 0.996232 -0.0331219 -0.677223 -0.57666 0.0192432 -0.816757 233.352
-0.87458 0.0879091 0.476847 -4.38963 0.0834621 0.996043 -0.0305486 -0.692379 -0.477645 0.0130814 -0.878456 232.545
-0.944383 0.0874601 0.317001 -3.95048 0.0862601 0.996113 -0.0178468 -0.723851 -0.31733 0.0104904 -0.948256 231.156
-0.980006 0.0944232 0.175132 -3.75054 0.0956373 0.995415 -0.00151366 -0.72188 -0.174472 0.0152658 -0.984543 229.55
-0.992888 0.0932868 0.0739562 -3.62791 0.0945524 0.995424 0.0137927 -0.704986 -0.0723311 0.0206874 -0.997165 227.718
-0.995455 0.0939013 0.0158594 -3.58685 0.0941767 0.9954 0.0176088 -0.674525 -0.014133 0.0190224 -0.999719 225.72
-0.994677 0.098262 -0.031044 -3.65598 0.0974856 0.994907 0.0256078 -0.616037 0.0334022 0.0224451 -0.999191 222.715
-0.994128 0.100299 -0.0405814 -3.76178 0.0992473 0.994693 0.0271436 -0.563171 0.0430885 0.0229567 -0.998806 220.257
-0.99426 0.0997906 -0.0386382 -3.83568 0.0988141 0.994755 0.0264115 -0.524379 0.0410712 0.0224418 -0.998906 218.544
-0.994381 0.0992826 -0.0367508 -3.92647 0.0983762 0.994817 0.0257065 -0.463824 0.0391126 0.0219466 -0.998994 215.838
-0.994499 0.0987753 -0.0349032 -3.99211 0.097935 0.994878 0.0250201 -0.429239 0.0371958 0.0214642 -0.999079 213.938
-0.99461 0.0982682 -0.0330962 -4.05298 0.0974904 0.994938 0.0243528 -0.394723 0.0353218 0.020995 -0.999156 211.971
-0.994717 0.0977614 -0.0313307 -4.10141 0.0970424 0.994998 0.0237054 -0.36101 0.0334915 0.0205397 -0.999229 209.953
-0.994817 0.0972545 -0.0296069 -4.13989 0.0965909 0.995057 0.0230784 -0.322461 0.0317051 0.020099 -0.999293 207.884
-0.994918 0.096748 -0.0279265 -4.18132 0.0961365 0.995114 0.0224715 -0.29432 0.0299642 0.0196725 -0.999358 205.769
-0.995012 0.0962414 -0.0262918 -4.22762 0.0956786 0.995172 0.021886 -0.258623 0.0282712 0.0192612 -0.999416 203.593
-0.995102 0.0957349 -0.0247039 -4.27909 0.0952179 0.995228 0.0213215 -0.226558 0.0266273 0.0188648 -0.999469 201.378
-0.995184 0.0952286 -0.0231639 -4.32553 0.0947543 0.995284 0.0207781 -0.201316 0.0250333 0.0184832 -0.999514 199.137
-0.995268 0.0947224 -0.021672 -4.36489 0.0942881 0.995339 0.0202558 -0.177319 0.0234896 0.0181165 -0.99956 196.871
-0.995347 0.0942164 -0.0202294 -4.41477 0.0938194 0.995393 0.0197548 -0.151523 0.0219975 0.0177649 -0.999601 194.594
-0.99542 0.0937103 -0.0188378 -4.46484 0.093348 0.995447 0.0192754 -0.126989 0.0205583 0.0174286 -0.999635 192.281
-0.995492 0.0932042 -0.017496 -4.49862 0.0928742 0.9955 0.018817 -0.109147 0.0191711 0.0171073 -0.999669 189.968
-0.995562 0.0926982 -0.0162054 -4.53563 0.0923981 0.995552 0.0183805 -0.0843943 0.0178372 0.0168016 -0.999699 187.623
-0.995627 0.0921921 -0.0149661 -4.56716 0.0919198 0.995604 0.0179653 -0.0669971 0.0165566 0.0165111 -0.999725 185.268
-0.995694 0.0916861 -0.0137803 -4.61264 0.0914395 0.995656 0.0175718 -0.048738 0.0153316 0.0162361 -0.999752 182.889
-0.995752 0.0911796 -0.012648 -4.64543 0.0909568 0.995706 0.0172007 -0.0240552 0.0141621 0.0159773 -0.99977 180.476
-0.995815 0.0906732 -0.0115699 -4.67643 0.0904722 0.995756 0.0168521 -0.00080273 0.0130488 0.0157348 -0.999793 178.044
-0.995871 0.0901664 -0.0105476 -4.71852 0.0899855 0.995806 0.0165254 0.0144503 0.0119934 0.0155081 -0.999808 175.589
-0.995927 0.0896597 -0.0095821 -4.75541 0.0894972 0.995855 0.0162206 0.0249923 0.0109967 0.015297 -0.999823 173.096
-0.995979 0.0891531 -0.00867355 -4.78744 0.0890074 0.995903 0.0159381 0.0387618 0.0100589 0.015102 -0.999834 170.588
-0.996031 0.088646 -0.00782239 -4.80622 0.0885156 0.995951 0.0156787 0.0587812 0.00918057 0.0149241 -0.999845 168.026
-0.996084 0.0881383 -0.00702817 -4.81704 0.0880219 0.995999 0.0154418 0.0724197 0.00836106 0.0147627 -0.999857 165.47
-0.996134 0.0876309 -0.0062921 -4.83667 0.087527 0.996046 0.015227 0.0798887 0.00760158 0.0146174 -0.999865 162.908
-0.996183 0.0871229 -0.00561496 -4.85393 0.0870303 0.996092 0.0150349 0.0928207 0.0069029 0.0144888 -0.999873 160.317
-0.996229 0.0866146 -0.00499686 -4.86869 0.0865321 0.996138 0.0148655 0.107476 0.00626513 0.0143771 -0.999877 157.724
-0.996275 0.086106 -0.0044368 -4.86831 0.0860325 0.996184 0.0147183 0.114831 0.00568721 0.0142818 -0.999881 155.131
-0.996322 0.0855972 -0.0039364 -4.87885 0.0855315 0.996229 0.0145936 0.126317 0.00517073 0.0142033 -0.999885 152.523
-0.996368 0.0850881 -0.00349657 -4.8915 0.0850292 0.996273 0.0144909 0.130051 0.00471655 0.014141 -0.99989 149.894
-0.996411 0.0845788 -0.00311614 -4.89232 0.0845257 0.996317 0.0144098 0.131389 0.00432343 0.0140947 -0.999891 147.281
-0.996455 0.0840694 -0.00279548 -4.89513 0.0840211 0.996361 0.0143502 0.134906 0.00399172 0.0140645 -0.999892 144.673
-0.996498 0.0835599 -0.00253391 -4.89389 0.0835155 0.996404 0.0143118 0.134576 0.00372069 0.01405 -0.999893 142.088
-0.996542 0.0830502 -0.00233169 -4.89246 0.0830087 0.996446 0.0142944 0.135775 0.00351055 0.0140514 -0.999895 139.501
-0.996586 0.0825405 -0.00218769 -4.88202 0.0825011 0.996488 0.0142977 0.135605 0.00336015 0.0140683 -0.999896 136.938
-0.996627 0.0820302 -0.00210241 -4.87929 0.0819919 0.99653 0.0143225 0.147906 0.00326999 0.0141018 -0.999894 134.391
-0.996671 0.0815198 -0.00207626 -4.87713 0.0814818 0.996571 0.014368 0.151421 0.00324042 0.014151 -0.999896 131.835
-0.996712 0.0810094 -0.00210924 -4.87568 0.0809708 0.996612 0.0144336 0.149363 0.00327135 0.0142154 -0.999895 129.289
-0.996753 0.080499 -0.00220168 -4.8814 0.0804588 0.996652 0.0145193 0.149624 0.00336309 0.014295 -0.999893 126.761
-0.996795 0.0799888 -0.00235274 -4.88372 0.0799462 0.996692 0.0146245 0.14891 0.00351476 0.0143895 -0.999892 124.263
-0.996832 0.0794785 -0.0025616 -4.88158 0.0794324 0.996731 0.0147488 0.145351 0.00372544 0.0144986 -0.999887 121.787
-0.996874 0.0789689 -0.00282705 -4.87949 0.0789185 0.99677 0.0148909 0.133835 0.00399383 0.0146212 -0.999886 119.37
-0.996913 0.0784593 -0.00314839 -4.88654 0.0784035 0.996808 0.0150505 0.125555 0.00431919 0.0147571 -0.999882 117.016
-0.996951 0.0779506 -0.00355129 -4.89919 0.0778881 0.996846 0.0152351 0.111717 0.00472768 0.0149121 -0.999878 113.596
-0.99699 0.0774425 -0.00400591 -4.9075 0.0773723 0.996883 0.0154349 0.0960729 0.00518874 0.0150785 -0.999874 111.432
-0.997025 0.0769352 -0.00453649 -4.93812 0.0768557 0.996919 0.0156573 0.0846938 0.00572712 0.0152621 -0.999866 108.319
-0.99706 0.0764283 -0.00511497 -4.95 0.0763386 0.996955 0.0158941 0.0804412 0.00631415 0.015457 -0.999859 106.334
-0.997096 0.075922 -0.00573815 -4.95521 0.0758209 0.996991 0.0161442 0.0728419 0.00694658 0.0156622 -0.999852 104.46
-0.997132 0.0754163 -0.00642421 -4.96865 0.0753026 0.997026 0.0164125 0.0607206 0.00764287 0.0158817 -0.999845 101.847
-0.997164 0.0749113 -0.00714895 -4.97426 0.0747838 0.99706 0.016692 0.0544381 0.00837835 0.01611 -0.999834 100.231
-0.996391 0.0847949 0.00433421 -4.99549 0.0848571 0.996247 0.017088 0.0451546 -0.00286897 0.017394 -0.999846 97.9694
-0.995337 0.0906925 0.0328836 -4.95946 0.0912712 0.995689 0.0165445 0.0382945 -0.0312413 0.0194686 -0.999324 96.5726
-0.985305 0.0944838 0.142302 -4.67356 0.096737 0.995269 0.00898425 0.0127023 -0.14078 0.0226181 -0.989784 94.0745
-0.96313 0.0813217 0.256449 -4.23097 0.0842776 0.996442 0.000537952 -0.0198758 -0.255493 0.0221311 -0.966557 92.4017
-0.919335 0.0585491 0.389094 -3.57001 0.0622617 0.998055 -0.00307321 -0.0553221 -0.388517 0.0214004 -0.921192 90.907
-0.815974 0.0260661 0.577498 -2.39518 0.0326813 0.999465 0.00106498 -0.0920366 -0.577161 0.0197424 -0.81639 89.1599
-0.654183 0.0205129 0.756056 -0.919658 0.0302051 0.999543 -0.000983877 -0.127023 -0.755731 0.0221931 -0.654504 87.736
-0.508704 0.0161032 0.860793 0.407321 0.0240973 0.9997 -0.00446108 -0.142735 -0.860606 0.0184734 -0.508939 86.9718
-0.308606 0.0180886 0.951017 2.34024 0.018105 0.99975 -0.0131404 -0.192354 -0.951017 0.013163 -0.308856 86.3323
-0.191352 0.015744 0.981397 3.85675 0.00414902 0.999875 -0.0152315 -0.221793 -0.981514 0.00115726 -0.191393 86.0944
-0.120869 0.0254197 0.992342 5.41212 0.00519973 0.999675 -0.0249742 -0.282008 -0.992654 0.00214129 -0.120962 85.929
-0.0856885 0.0303293 0.99586 7.04786 0.00914802 0.999518 -0.0296536 -0.325223 -0.99628 0.00656917 -0.0859247 85.7878
-0.0730664 0.0223612 0.997076 8.77494 0.00907017 0.999722 -0.0217559 -0.38268 -0.997285 0.00745402 -0.0732489 85.6676
-0.0711553 0.0245715 0.997163 10.6282 0.0182311 0.999562 -0.0233297 -0.437753 -0.997299 0.0165193 -0.071572 85.5275
-0.0708011 0.0239472 0.997202 11.9384 0.0185319 0.999571 -0.0226883 -0.473764 -0.997317 0.0168737 -0.0712145 85.4314
-0.0678164 0.0232604 0.997426 14.0148 0.0291936 0.999346 -0.0213202 -0.529497 -0.99727 0.0276726 -0.0684512 85.2708
-0.0538693 0.0230639 0.998281 16.2424 0.0398455 0.998987 -0.02093 -0.584566 -0.997753 0.0386496 -0.0547337 85.1209
-0.0287562 0.0196647 0.999393 18.5902 0.0470901 0.998723 -0.0182966 -0.638422 -0.998476 0.0465354 -0.0296455 85.0434
0.003339 0.0186432 0.999821 21.0551 0.0410334 0.998982 -0.0187646 -0.692603 -0.999152 0.0410887 0.00257061 85.0629
0.0333267 0.028945 0.999026 23.6258 0.0274957 0.999176 -0.0298667 -0.767325 -0.999067 0.0284643 0.0325033 85.1492
0.0406705 0.0245887 0.998871 26.2277 0.0142178 0.999582 -0.0251852 -0.869474 -0.999072 0.0152261 0.0403039 85.29
0.0284311 0.0275574 0.999215 28.797 0.00352051 0.999611 -0.0276684 -0.967023 -0.999589 0.00430437 0.028323 85.3894
-0.00193835 0.024673 0.999695 31.3603 -0.000653218 0.999695 -0.0246743 -1.07131 -0.999999 -0.000700817 -0.00192164 85.417
-0.0393423 0.0252996 0.998907 33.8911 0.00317304 0.999678 -0.0251942 -1.16657 -0.999222 0.0021784 -0.0394099 85.3532
-0.0667609 0.0245359 0.997467 35.5698 0.00769496 0.999681 -0.0240754 -1.22521 -0.997739 0.00606816 -0.0669284 85.2579
-0.0932782 0.0223507 0.995389 37.2317 0.0122862 0.999698 -0.0212961 -1.28095 -0.995564 0.0102431 -0.0935246 85.1183
-0.107477 0.0248289 0.993897 38.9157 0.0155463 0.999608 -0.0232904 -1.33961 -0.994086 0.0129482 -0.107821 84.9332
-0.108141 0.0251052 0.993819 40.6021 0.0152949 0.999605 -0.0235871 -1.39718 -0.994018 0.0126496 -0.108482 84.7389
-0.108045 0.0253173 0.993824 42.3345 0.0150199 0.999603 -0.0238316 -1.45271 -0.994033 0.0123522 -0.108383 84.5518
-0.106595 0.0253674 0.99398 44.98 0.0147066 0.999605 -0.0239338 -1.52675 -0.994195 0.0120668 -0.106926 84.2985
-0.104215 0.0253618 0.994231 46.7784 0.0143629 0.999609 -0.0239935 -1.58663 -0.994451 0.0117795 -0.104539 84.1273
-0.101009 0.0253015 0.994565 48.5684 0.0139927 0.999614 -0.0240089 -1.64599 -0.994788 0.0114915 -0.101324 83.9419
-0.11734 0.0258899 0.992753 51.2398 -0.00153355 0.999654 -0.0262511 -1.74532 -0.993089 -0.00460277 -0.11726 83.6669
-0.165305 0.0338071 0.985662 53.8738 -0.00889195 0.999321 -0.0357668 -1.8523 -0.986201 -0.0146769 -0.164892 83.3028
-0.204409 0.027043 0.978512 55.6285 -0.00334822 0.999593 -0.028325 -1.92533 -0.97888 -0.00906617 -0.204236 82.9461
-0.265938 0.0297001 0.963531 58.1834 0.00863626 0.999559 -0.028427 -2.03295 -0.96395 0.000761456 -0.266077 82.2839
-0.303822 0.028887 0.952292 59.8457 0.0168835 0.999547 -0.0249339 -2.10911 -0.95258 0.00850254 -0.304172 81.7597
-0.345721 0.0310965 0.937822 62.2871 0.0270977 0.999365 -0.0231478 -2.1974 -0.937946 0.0174101 -0.346344 80.8648
-0.361622 0.0120661 0.932247 63.9305 0.0278488 0.99961 -0.00213533 -2.23411 -0.931909 0.0251898 -0.361816 80.2288
-0.367545 0.0283944 0.929572 66.4081 0.0327676 0.999309 -0.0175685 -2.27471 -0.929428 0.0240026 -0.368221 79.2574
-0.366929 0.0287569 0.929803 68.8984 0.0328193 0.9993 -0.0179547 -2.36112 -0.929669 0.0239274 -0.367615 78.2807
-0.372956 0.020287 0.927626 70.5962 0.0336621 0.999399 -0.00832261 -2.40139 -0.927237 0.0281219 -0.373414 77.5957
-0.387174 0.0188184 0.921816 72.3075 0.0335729 0.999416 -0.00630154 -2.43636 -0.921396 0.0285082 -0.38758 76.8907
-0.410901 0.0247433 0.911345 74.0118 0.035223 0.999316 -0.0112506 -2.46634 -0.911 0.0274774 -0.411491 76.1359
-0.437423 0.0313218 0.898709 75.7197 0.0357338 0.999209 -0.0174319 -2.51107 -0.898545 0.0244891 -0.438196 75.3118
-0.466524 0.0431184 0.883456 78.2726 0.0402012 0.998813 -0.0275195 -2.59643 -0.883593 0.0226775 -0.467703 73.9843
-0.473187 0.0375384 0.880163 80.0081 0.0422827 0.998908 -0.0198711 -2.65573 -0.879947 0.027813 -0.474257 73.0558
-0.472681 0.0378669 0.880419 81.7479 0.0423795 0.998897 -0.0202099 -2.71202 -0.880213 0.0277589 -0.473764 72.1132
-0.472189 0.0381914 0.880669 83.4918 0.0424765 0.998886 -0.0205433 -2.77257 -0.880473 0.0277074 -0.473285 71.1766
-0.471711 0.0385118 0.880913 85.218 0.0425737 0.998875 -0.0208716 -2.83554 -0.880726 0.0276583 -0.47282 70.2665
-0.482924 0.0347653 0.874972 86.9543 0.0343724 0.999194 -0.0207298 -2.9053 -0.874988 0.0200639 -0.48373 69.3455
-0.512008 0.0253357 0.858609 89.4647 0.0278148 0.99953 -0.0129075 -2.99309 -0.858532 0.0172733 -0.512472 67.9091
-0.547488 0.0230478 0.836496 91.8778 0.024306 0.999637 -0.0116345 -3.07286 -0.83646 0.0139622 -0.54785 66.3854
-0.584754 0.0261093 0.810789 94.2037 0.0229047 0.999615 -0.0156706 -3.15481 -0.810886 0.00940747 -0.585127 64.7633
-0.608486 0.0243081 0.793191 95.6972 0.024224 0.999634 -0.0120516 -3.20869 -0.793194 0.0118811 -0.608852 63.634
-0.629455 0.027036 0.776568 97.1364 0.0287785 0.99952 -0.0114714 -3.25543 -0.776505 0.0151278 -0.629931 62.4721
-0.642938 0.0323498 0.765235 98.5391 0.0370305 0.999252 -0.0111303 -3.29775 -0.765023 0.021181 -0.643655 61.2872
-0.648891 0.0356569 0.760045 99.9099 0.0423695 0.999045 -0.0106962 -3.34357 -0.759701 0.0252621 -0.649782 60.1158
-0.648585 0.0359404 0.760292 101.248 0.0425331 0.999035 -0.0109423 -3.38812 -0.759952 0.0252406 -0.649488 58.9688
-0.64829 0.0362206 0.760529 102.55 0.0426966 0.999025 -0.0111836 -3.4267 -0.760193 0.0252218 -0.649204 57.8829
-0.637944 0.0382089 0.769136 103.776 0.0460222 0.998875 -0.0114497 -3.47371 -0.768708 0.0280931 -0.638985 56.8629
-0.62802 0.037199 0.777306 104.959 0.0455837 0.9989 -0.0109745 -3.52202 -0.776859 0.0285402 -0.629025 55.9214
-0.617677 0.0379191 0.785516 106.613 0.0451638 0.998899 -0.0127058 -3.57983 -0.785133 0.0276288 -0.61871 54.6226
-0.624972 0.0526913 0.778869 108.744 0.0519582 0.998315 -0.0258454 -3.67182 -0.778918 0.0243159 -0.626657 52.9221
-0.642405 0.0332144 0.765644 110.81 0.0467389 0.998899 -0.00411736 -3.75099 -0.764937 0.0331404 -0.64325 51.2199
-0.652558 0.0400452 0.756681 112.861 0.0399562 0.999032 -0.0184129 -3.80419 -0.756686 0.0182186 -0.653527 49.485
-0.652355 0.0402991 0.756841 114.455 0.0401231 0.999021 -0.0186105 -3.86427 -0.756851 0.0182261 -0.653333 48.1102
-0.641811 0.0288686 0.766319 116.128 0.0428018 0.999082 -0.00178964 -3.9029 -0.765667 0.0316512 -0.642458 46.6851
-0.62196 0.0263929 0.782603 117.892 0.0352318 0.999363 -0.00570318 -3.93059 -0.782255 0.0240254 -0.622494 45.2989
-0.610729 0.0178288 0.791639 119.14 0.0219232 0.999744 -0.00560241 -3.96108 -0.791536 0.0139337 -0.610963 44.3741
-0.604982 0.0186095 0.796021 120.417 0.00363915 0.999781 -0.0206073 -3.98355 -0.79623 -0.00957022 -0.604917 43.4468
-0.601309 0.0159608 0.798857 121.729 -0.00568573 0.99969 -0.0242531 -4.02578 -0.798996 -0.0191257 -0.601032 42.4973
-0.601172 0.0161994 0.798955 123.08 -0.00553073 0.999686 -0.0244309 -4.07087 -0.799101 -0.019106 -0.600894 41.4976
-0.601045 0.016434 0.799046 124.469 -0.00537542 0.999683 -0.0246039 -4.12515 -0.799197 -0.0190833 -0.600766 40.4567
-0.600929 0.0166646 0.799128 125.892 -0.00521974 0.999679 -0.024772 -4.18358 -0.799284 -0.0190575 -0.60065 39.4014
-0.600824 0.0168912 0.799202 127.326 -0.0050637 0.999676 -0.0249351 -4.2353 -0.799364 -0.0190285 -0.600544 38.2965
-0.600732 0.0171137 0.799269 128.831 -0.00490744 0.999673 -0.0250931 -4.29216 -0.799437 -0.0189966 -0.600452 37.1883
-0.604826 0.0078955 0.796317 131.126 -0.00807448 0.999839 -0.0160462 -4.38572 -0.796316 -0.016135 -0.604664 35.4698
-0.607077 -0.000374163 0.794643 134.221 -0.0192184 0.999714 -0.0142114 -4.47196 -0.79441 -0.0238992 -0.606911 33.1476
-0.607038 -0.000171185 0.794674 135.766 -0.0190597 0.999715 -0.014344 -4.52195 -0.794446 -0.0238536 -0.606869 31.9998
-0.598219 0.0100766 0.801268 138.082 -0.0031347 0.999884 -0.0149147 -4.60492 -0.801325 -0.011434 -0.598118 30.2494
-0.592594 0.0227967 0.805179 139.631 0.0152882 0.999738 -0.0170534 -4.65069 -0.805357 0.00220401 -0.592787 29.0883
-0.592587 0.0229839 0.805178 141.166 0.0154458 0.999733 -0.0171698 -4.70726 -0.805358 0.002262 -0.592784 27.982
-0.594426 0.0120735 0.804061 142.702 0.0080718 0.999926 -0.00904723 -4.76246 -0.804111 0.00111231 -0.594479 26.8652
-0.594444 0.0122525 0.804043 144.237 0.00823022 0.999924 -0.00915265 -4.80217 -0.804094 0.00117671 -0.594499 25.7405
-0.594472 0.0124273 0.804019 145.745 0.00838885 0.999922 -0.0092528 -4.84286 -0.804072 0.00124426 -0.59453 24.6459
-0.598253 0.0200612 0.801055 147.253 0.00496819 0.99976 -0.021327 -4.88794 -0.801291 -0.00877919 -0.598209 23.5432
-0.599903 0.0176804 0.799877 148.758 0.0109338 0.999844 -0.0139002 -4.93965 -0.799997 0.000406939 -0.600002 22.424
-0.599967 0.0178431 0.799826 150.244 0.0110939 0.999841 -0.0139835 -4.98235 -0.799948 0.000483561 -0.600069 21.3174
-0.598248 0.0248589 0.800926 151.701 0.00834274 0.999658 -0.0247956 -5.03121 -0.801268 -0.00815199 -0.598251 20.2336
-0.598331 0.025013 0.800857 153.142 0.0085033 0.999655 -0.0248691 -5.0958 -0.801203 -0.00807003 -0.598337 19.1762
-0.598431 0.0251617 0.800777 155.218 0.00866456 0.999652 -0.0249354 -5.19925 -0.801126 -0.00798377 -0.59844 17.6277
-0.608228 0.0335425 0.793054 157.165 0.0185689 0.999435 -0.0280301 -5.30368 -0.793546 -0.00232256 -0.608507 16.1534
-0.621294 0.0227602 0.783247 158.963 0.0192491 0.99972 -0.0137817 -5.38878 -0.783341 0.00651431 -0.621558 14.7652
-0.625931 0.0408518 0.778808 160.03 0.0256436 0.999165 -0.0318006 -5.43613 -0.779457 6.64655e-05 -0.626456 13.9014
-0.617441 0.0515414 0.78493 161.489 0.0458978 0.998512 -0.029462 -5.51594 -0.78528 0.0178355 -0.618887 12.7161
-0.562786 0.0638614 0.824133 162.903 0.0667672 0.997265 -0.0316832 -5.60814 -0.823903 0.0371942 -0.565511 11.6842
-0.420207 0.0601407 0.905434 164.916 0.0618434 0.997379 -0.0375467 -5.71795 -0.905319 0.0402177 -0.422825 10.665
-0.25803 0.0734689 0.963339 167.025 0.0551478 0.996599 -0.0612341 -5.86006 -0.964561 0.0373258 -0.261205 10.0285
-0.14048 0.0605162 0.988232 168.754 0.0393079 0.997684 -0.0555073 -5.97094 -0.989303 0.0310476 -0.142534 9.80585
-0.0547525 0.0491029 0.997291 170.55 0.0212455 0.998621 -0.0480019 -6.07554 -0.998273 0.0185597 -0.0557202 9.73965
-0.0177662 0.0462936 0.99877 172.405 -0.00844686 0.998885 -0.0464491 -6.18956 -0.999807 -0.00926168 -0.0173554 9.76727
-0.0143547 0.049247 0.998683 174.332 -0.0160517 0.998646 -0.0494759 -6.29112 -0.999767 -0.0167408 -0.0135448 9.75573
-0.028104 0.0444517 0.998617 176.317 -0.0156578 0.998869 -0.0449035 -6.40821 -0.999483 -0.0168981 -0.0273762 9.7145
-0.0537486 0.0644044 0.996476 179.037 -0.0142199 0.997767 -0.0652549 -6.57808 -0.998454 -0.0176771 -0.0527128 9.60233
-0.074373 0.0498288 0.995985 181.175 -0.0226411 0.998409 -0.0516407 -6.72149 -0.996974 -0.0263908 -0.0731265 9.47903
-0.0849014 0.0584146 0.994677 183.341 -0.0142123 0.998107 -0.0598292 -6.86216 -0.996289 -0.0192161 -0.0839105 9.29977
-0.0852 0.0584834 0.994645 184.822 -0.0140865 0.998105 -0.0598934 -6.95604 -0.996264 -0.019114 -0.0842147 9.18547
-0.0855072 0.0585485 0.994617 186.322 -0.0139604 0.998104 -0.059954 -7.05448 -0.996241 -0.0190117 -0.0845277 9.07169
-0.0858173 0.05861 0.994585 187.832 -0.013834 0.998102 -0.0600108 -7.16337 -0.996214 -0.0189091 -0.0848436 8.95036
-0.0861333 0.0586693 0.994554 188.594 -0.0137074 0.9981 -0.0600656 -7.21271 -0.996189 -0.0188064 -0.0851655 8.89393
-0.086458 0.0587248 0.994524 190.134 -0.0135802 0.998099 -0.0601166 -7.3153 -0.996163 -0.0187034 -0.0854961 8.78746
-0.0853041 0.0655681 0.994196 191.665 -0.00708557 0.997767 -0.0664116 -7.43262 -0.996331 -0.0127096 -0.084649 8.66003
-0.0863541 0.0707831 0.993747 193.198 -0.0137086 0.997294 -0.072227 -7.54003 -0.99617 -0.01986 -0.0851501 8.53823
-0.0866955 0.0708264 0.993714 194.773 -0.0135803 0.997293 -0.0722663 -7.66666 -0.996142 -0.0197601 -0.085499 8.40963
-0.0902741 0.0774923 0.992897 196.326 -0.0179552 0.99668 -0.07942 -7.79496 -0.995755 -0.0249972 -0.0885829 8.2785
-0.0906299 0.0775261 0.992863 197.917 -0.0178257 0.996679 -0.0794513 -7.92903 -0.995726 -0.0248991 -0.088947 8.14192
-0.0964871 0.0755913 0.992461 200.351 -0.0105118 0.996979 -0.0769574 -8.15102 -0.99528 -0.0178579 -0.095401 7.91217
-0.0970055 0.0674128 0.992999 202.8 -0.000975234 0.997697 -0.067827 -8.35499 -0.995284 -0.00754796 -0.0967163 7.66591
-0.0949443 0.0709084 0.992954 205.296 0.00932693 0.997479 -0.0703398 -8.55344 -0.995439 0.00258286 -0.0953663 7.42609
-0.0953374 0.0709308 0.992915 206.97 0.00945935 0.997478 -0.0703485 -8.68824 -0.9954 0.00268551 -0.0957679 7.28585
-0.0957394 0.0709492 0.992874 208.636 0.00959221 0.997476 -0.0703531 -8.82248 -0.99536 0.00278827 -0.0961783 7.1417
-0.0932994 0.0882846 0.991716 210.284 0.0079979 0.996095 -0.087922 -8.97087 -0.995606 -0.000271434 -0.0936412 7.0032
-0.091192 0.0771543 0.99284 211.951 0.00165811 0.997005 -0.0773257 -9.12189 -0.995832 -0.00540527 -0.0910467 6.86649
-0.0916183 0.0771556 0.9928 214.475 0.00179289 0.997005 -0.0773169 -9.32897 -0.995792 -0.0053037 -0.0914822 6.65098
-0.0920562 0.0771511 0.99276 216.992 0.0019284 0.997006 -0.0773022 -9.55058 -0.995752 -0.00520173 -0.0919294 6.43514
-0.0925958 0.0737688 0.992967 219.554 0.0103401 0.997269 -0.0731242 -9.77243 -0.995649 0.00349638 -0.0931057 6.19806
-0.0895712 0.0802096 0.992746 222.118 0.0188681 0.99671 -0.0788275 -9.99096 -0.995802 0.0116706 -0.0907899 5.95567
-0.0900417 0.0801946 0.992705 224.761 0.019006 0.99671 -0.0787942 -10.2123 -0.995757 0.0117726 -0.0912696 5.73129
-0.0930346 0.0807207 0.992385 227.414 0.00926467 0.996735 -0.0802059 -10.4558 -0.995619 0.00173214 -0.0934787 5.50874
-0.0935252 0.0806903 0.992342 229.212 0.00940387 0.996738 -0.0801615 -10.6046 -0.995573 0.00183476 -0.0939789 5.34144
-0.0977595 0.088757 0.991244 231.87 0.0201796 0.995987 -0.0871915 -10.8561 -0.995006 0.0114791 -0.0991583 5.08032
-0.103682 0.0737063 0.991876 234.54 0.0111463 0.997274 -0.0729423 -11.1222 -0.994548 0.0034929 -0.104221 4.83936
-0.104202 0.0736606 0.991824 236.318 0.0112874 0.997277 -0.0728797 -11.2782 -0.994492 0.00360083 -0.10475 4.66448
-0.105184 0.0852713 0.990789 238.086 0.0103189 0.996357 -0.0846549 -11.4443 -0.994398 0.00131945 -0.105681 4.49323
-0.10572 0.0852165 0.990737 239.852 0.0104612 0.996361 -0.0845839 -11.6165 -0.99434 0.00142194 -0.106227 4.30523
-0.106266 0.0851579 0.990685 241.62 0.0106041 0.996366 -0.0845088 -11.7916 -0.994282 0.00152495 -0.106783 4.13322
-0.102975 0.0954001 0.9901 243.358 0.0108434 0.995439 -0.0947869 -11.9664 -0.994626 0.000975462 -0.10354 3.96466
-0.0992359 0.0824646 0.991642 245.094 0.0125842 0.996584 -0.0816164 -12.1476 -0.994985 0.0043798 -0.0999347 3.7976
-0.0960027 0.0928689 0.99104 246.808 0.0120393 0.995674 -0.0921369 -12.3154 -0.995309 0.00308609 -0.0967055 3.63547
-0.096577 0.0927956 0.99099 248.529 0.0121855 0.99568 -0.0920472 -12.4957 -0.995251 0.00318607 -0.0972905 3.46969
-0.0918647 0.0825543 0.992343 251.038 0.0107589 0.996582 -0.0819109 -12.7496 -0.995713 0.00315171 -0.0924388 3.26443
-0.0924591 0.082472 0.992295 252.666 0.0109071 0.996588 -0.0818125 -12.9208 -0.995657 0.00325877 -0.0930432 3.11792
-0.0930565 0.0823859 0.992246 254.234 0.0110557 0.996595 -0.0817101 -13.0689 -0.995599 0.0033663 -0.0936505 2.97796
-0.0945253 0.0714149 0.992957 255.775 0.00918257 0.997444 -0.0708634 -13.2192 -0.995479 0.00241946 -0.0949395 2.84145
-0.0959048 0.0805627 0.992124 257.231 0.00813323 0.996749 -0.080152 -13.3579 -0.995357 0.000382172 -0.0962483 2.70763
-0.0965232 0.0804652 0.992073 258.641 0.00828285 0.996757 -0.0800392 -13.4918 -0.995297 0.000491576 -0.0968767 2.57241
-0.104971 0.0789384 0.991339 260.027 0.0134605 0.996866 -0.0779533 -13.6192 -0.994385 0.00516112 -0.105705 2.42893
-0.120798 0.0806284 0.989398 261.351 0.0141285 0.996735 -0.0795014 -13.7493 -0.992577 0.00437513 -0.121543 2.27519
-0.142278 0.0816911 0.98645 262.615 0.018075 0.996637 -0.0799277 -13.8669 -0.989662 0.00645819 -0.143276 2.08843
-0.166792 0.0764677 0.983023 263.85 0.0283921 0.996947 -0.0727335 -13.9775 -0.985583 0.0157787 -0.168454 1.87404
-0.189731 0.0672996 0.979527 265.012 0.0373002 0.997422 -0.0613042 -14.0843 -0.981128 0.0249052 -0.191752 1.62443
-0.211266 0.0668196 0.975143 266.106 0.0469659 0.997202 -0.058156 -14.1767 -0.9763 0.033512 -0.213813 1.36984
-0.248428 0.0773305 0.965559 268.045 0.0635509 0.995962 -0.0634145 -14.3271 -0.966564 0.0456082 -0.252339 0.854796
-0.259727 0.0774712 0.962569 269.993 0.0756849 0.995344 -0.0596871 -14.4954 -0.962711 0.0573496 -0.264381 0.297329
-0.1641 0.0862911 0.982663 271.988 0.0668901 0.994847 -0.0761908 -14.6678 -0.984174 0.0532275 -0.169027 -0.0977725
0.032331 0.0715114 0.996915 273.514 0.0401038 0.996541 -0.0727851 -14.7949 -0.998672 0.0423332 0.0293513 -0.00717823
0.269243 0.0747128 0.96017 274.717 0.00345788 0.996905 -0.0785409 -14.9237 -0.963066 0.0244667 0.268151 0.413304
0.492801 0.0735489 0.867028 275.725 0.00385279 0.996227 -0.0866985 -15.0275 -0.870133 0.0460655 0.490658 1.01476
0.69842 0.0835095 0.710799 276.634 -0.0322234 0.995831 -0.0853348 -15.1426 -0.714962 0.0366951 0.698199 2.05545
0.816283 0.0855058 0.571288 277.236 -0.0568869 0.996076 -0.0678019 -15.2245 -0.574844 0.0228468 0.817944 3.10519
0.892488 0.100622 0.439705 277.754 -0.082254 0.994762 -0.060686 -15.2984 -0.443509 0.017994 0.896089 4.3274
0.941931 0.111817 0.316644 278.393 -0.0991765 0.993503 -0.0558134 -15.404 -0.320828 0.0211687 0.946901 6.27537
0.9628 0.110715 0.24649 278.824 -0.101605 0.993597 -0.0494157 -15.4901 -0.250383 0.0225327 0.967885 7.99723
0.977544 0.113644 0.177459 279.152 -0.106385 0.99307 -0.0499324 -15.5828 -0.181904 0.0299322 0.982861 9.91394
0.983666 0.123959 0.13052 279.415 -0.1179 0.991599 -0.0531987 -15.6645 -0.136018 0.0369415 0.990017 12.021
0.988214 0.11482 0.101239 279.653 -0.111917 0.993139 -0.0339144 -15.776 -0.104438 0.0221843 0.994284 14.3071
0.988031 0.125619 0.0895273 279.843 -0.122454 0.991667 -0.0400242 -15.8619 -0.0938091 0.0285821 0.99518 16.7511
0.987994 0.125491 0.0901052 279.983 -0.122299 0.991682 -0.0401306 -15.9385 -0.0943917 0.028629 0.995123 18.4701
0.987959 0.125363 0.0906701 280.144 -0.122145 0.991696 -0.0402321 -16.0176 -0.0949609 0.0286727 0.995068 20.2581
0.988169 0.118255 0.0976665 280.323 -0.115805 0.992807 -0.0304045 -16.0914 -0.100559 0.0187345 0.994755 22.1009
0.988131 0.118121 0.0982032 280.508 -0.115651 0.992822 -0.0304943 -16.1632 -0.1011 0.0187751 0.994699 23.9688
0.988221 0.112744 0.103477 280.702 -0.109106 0.993217 -0.0401859 -16.2464 -0.107306 0.0284226 0.99382 25.853
0.988182 0.112614 0.103988 280.908 -0.108952 0.993231 -0.040264 -16.3361 -0.107818 0.0284585 0.993763 27.7689
0.988774 0.10321 0.108047 281.122 -0.10108 0.994563 -0.0250287 -16.4215 -0.110043 0.0138264 0.993831 29.7262
0.988736 0.103072 0.10852 281.429 -0.100927 0.994577 -0.0250925 -16.5236 -0.110518 0.0138572 0.993778 32.6862
0.988701 0.102933 0.108972 281.728 -0.100775 0.994591 -0.0251476 -16.6339 -0.110971 0.0138819 0.993727 35.6782
0.987761 0.111733 0.108827 282.022 -0.110151 0.993704 -0.0204591 -16.7207 -0.110428 0.00822124 0.99385 38.7373
0.987119 0.117263 0.10884 282.217 -0.11709 0.993089 -0.00799915 -16.7746 -0.109026 -0.00484803 0.994027 40.7704
0.987092 0.117115 0.109238 282.413 -0.11694 0.993106 -0.00803387 -16.8183 -0.109426 -0.00484418 0.993983 42.785
0.987067 0.116967 0.109622 282.621 -0.11679 0.993124 -0.00806264 -16.8581 -0.109811 -0.00484436 0.993941 44.8034
0.987391 0.113639 0.110207 282.833 -0.112368 0.993509 -0.0176984 -16.9013 -0.111503 0.00509156 0.993751 46.8026
0.986483 0.117172 0.114548 283.048 -0.117041 0.993096 -0.00789817 -16.9463 -0.114682 -0.00561533 0.993386 48.8273
0.984504 0.126543 0.121403 283.381 -0.125742 0.99196 -0.0142657 -17.0124 -0.122232 -0.00122083 0.992501 51.8385
0.983278 0.127276 0.130247 283.739 -0.128314 0.991734 -0.000429832 -17.0621 -0.129225 -0.0162899 0.991481 54.8685
0.985377 0.112741 0.127754 284.011 -0.112092 0.993622 -0.0122793 -17.0985 -0.128324 -0.00222055 0.99173 56.9009
0.986058 0.113859 0.121352 284.363 -0.114654 0.993405 -0.000440551 -17.1553 -0.120602 -0.013479 0.992609 59.9409
0.985707 0.122782 0.115353 284.566 -0.122005 0.992434 -0.0137941 -17.1866 -0.116174 -0.00047674 0.993229 61.9596
0.986004 0.124999 0.110327 284.78 -0.123402 0.99213 -0.0212171 -17.2357 -0.112111 0.00730552 0.993669 63.9769
0.986004 0.125808 0.109403 284.988 -0.12559 0.992042 -0.00890165 -17.2927 -0.109652 -0.00496285 0.993958 65.9788
0.985999 0.125656 0.10962 285.188 -0.125443 0.992061 -0.00886307 -17.3346 -0.109864 -0.00501214 0.993934 67.9868
0.985996 0.125503 0.109824 285.394 -0.125296 0.99208 -0.00881861 -17.3753 -0.110061 -0.00506533 0.993912 69.9964
0.985994 0.125351 0.110013 285.615 -0.125149 0.992099 -0.00876824 -17.4095 -0.110242 -0.00512248 0.993892 72.0104
0.986736 0.1177 0.111798 285.937 -0.115901 0.993006 -0.022485 -17.4921 -0.113663 0.0092293 0.993477 74.9855
0.986812 0.111613 0.117237 286.163 -0.112161 0.993688 -0.00192761 -17.5438 -0.116712 -0.0112473 0.993102 77.0179
0.986813 0.111458 0.117374 286.393 -0.112015 0.993705 -0.00185593 -17.5749 -0.116842 -0.0113163 0.993086 79.0066
0.986167 0.115116 0.119263 286.616 -0.113038 0.993299 -0.0240721 -17.6126 -0.121235 0.0102579 0.992571 80.9857
0.985527 0.111966 0.12728 286.859 -0.11208 0.993679 -0.00628405 -17.6688 -0.127179 -0.00807243 0.991847 82.9955
0.985151 0.106742 0.134478 287.122 -0.108116 0.994134 0.0029367 -17.7006 -0.133376 -0.0174324 0.990912 84.9963
0.984134 0.107183 0.141392 287.388 -0.106844 0.994225 -0.0100072 -17.7302 -0.141648 -0.00525852 0.989903 86.9804
0.982564 0.106052 0.152714 287.67 -0.105486 0.99435 -0.0118224 -17.767 -0.153105 -0.00449296 0.9882 88.9722
0.980514 0.105219 0.165893 287.987 -0.105232 0.994409 -0.00873327 -17.8098 -0.165885 -0.0088942 0.986105 90.9457
0.979768 0.0933274 0.177043 288.344 -0.0944219 0.99553 -0.00225185 -17.8541 -0.176462 -0.0145105 0.984201 92.914
0.977459 0.0916033 0.190215 288.888 -0.0921487 0.995727 -0.00599468 -17.8997 -0.189952 -0.0116685 0.981724 95.8166
0.975697 0.0968453 0.196559 289.252 -0.0962844 0.995276 -0.0124308 -17.939 -0.196834 -0.00679691 0.980413 97.7395
0.975715 0.0966846 0.196553 289.614 -0.0961492 0.995291 -0.0122873 -17.9817 -0.196816 -0.00690954 0.980416 99.6524
0.978226 0.0805759 0.191265 290.173 -0.080449 0.996723 -0.00844152 -18.0576 -0.191318 -0.00712938 0.981502 102.499
0.978246 0.0804133 0.191227 290.519 -0.0803135 0.996735 -0.00828505 -18.0946 -0.191269 -0.00725325 0.981511 104.373
0.979938 0.0790131 0.18297 290.86 -0.0772008 0.99687 -0.0170185 -18.1389 -0.183742 0.00255166 0.982971 106.224
0.979963 0.0788486 0.182907 291.196 -0.0770646 0.996884 -0.0168525 -18.1914 -0.183666 0.00241914 0.982986 108.059
0.981572 0.0608828 0.181136 291.561 -0.0619214 0.998081 7.90688e-05 -18.2376 -0.180784 -0.0112938 0.983458 109.89
0.98244 0.0468583 0.1806 291.906 -0.0485414 0.998809 0.00490877 -18.2693 -0.180155 -0.0135892 0.983544 111.663
0.98205 0.0491015 0.182119 292.23 -0.0484062 0.998794 -0.00826331 -18.2889 -0.182305 -0.00070069 0.983242 113.386
0.982079 0.0489335 0.182007 292.543 -0.0482699 0.998802 -0.00807674 -18.3164 -0.182184 -0.000853457 0.983264 115.082
0.978988 0.0472896 0.198361 293.013 -0.0474695 0.998865 -0.00385116 -18.3724 -0.198318 -0.00564584 0.980122 117.512
0.97383 0.0445219 0.222873 293.526 -0.0430935 0.999007 -0.0112706 -18.4349 -0.223154 0.00137123 0.974782 119.812
0.966483 0.0531058 0.25118 294.054 -0.0521191 0.998585 -0.0105838 -18.4971 -0.251386 -0.00286217 0.967883 121.956
0.958723 0.0677608 0.276149 294.565 -0.0621262 0.997644 -0.0291121 -18.5617 -0.277471 0.0107544 0.960674 123.859
0.954159 0.0533921 0.294499 295.27 -0.053641 0.998534 -0.00723878 -18.6548 -0.294453 -0.00889025 0.955624 126.131
0.957739 0.0542753 0.282473 295.905 -0.0495449 0.998487 -0.0238683 -18.7185 -0.283341 0.00886453 0.958978 128.211
0.97932 0.0424698 0.19781 296.515 -0.042817 0.99908 -0.00252373 -18.7884 -0.197735 -0.00599807 0.980237 130.851
0.999148 0.0412303 0.00184401 296.686 -0.0412107 0.999104 -0.00963832 -18.8201 -0.00223975 0.00955412 0.999952 133.483
0.962921 0.0488364 -0.265326 296.131 -0.0457294 0.998794 0.0178788 -18.8247 0.265879 -0.00508264 0.963993 136.127
0.871928 0.0589465 -0.486072 295.099 -0.0427621 0.998101 0.0443331 -18.7549 0.487763 -0.0178698 0.872793 138.128
0.766943 0.0767867 -0.637105 293.97 -0.048185 0.996903 0.0621465 -18.6676 0.639904 -0.0169639 0.768268 139.465
0.64805 0.0822179 -0.757147 292.568 -0.0393358 0.996442 0.0745349 -18.5404 0.760582 -0.0185193 0.648978 140.675
0.513314 0.0755832 -0.854867 290.335 -0.0458895 0.997106 0.0606046 -18.3563 0.856974 0.0081202 0.515297 142.036
0.47161 0.0953782 -0.876633 288.451 -0.054313 0.995388 0.0790795 -18.2272 0.880132 0.0103179 0.474615 143.02
0.46588 0.098751 -0.879321 286.487 -0.0638006 0.994915 0.07793 -18.0623 0.882545 0.0197951 0.469811 144.037
0.47093 0.0989876 -0.8766 284.421 -0.0702658 0.994736 0.0745795 -17.8946 0.879368 0.0264733 0.475407 145.124
0.478746 0.0961943 -0.872668 282.282 -0.0815191 0.994556 0.0649086 -17.7309 0.874161 0.0400643 0.483981 146.266
0.48866 0.100798 -0.866632 280.014 -0.0831941 0.994161 0.0687209 -17.5718 0.868498 0.0385175 0.494193 147.528
0.488306 0.100651 -0.866849 277.67 -0.0829038 0.994184 0.0687349 -17.4048 0.868726 0.0383014 0.49381 148.867
0.487933 0.100508 -0.867075 275.219 -0.0826122 0.994207 0.068756 -17.2207 0.868963 0.0380827 0.493409 150.251
0.495641 0.0929735 -0.863537 272.728 -0.0820586 0.994819 0.0600093 -17.0504 0.864643 0.0411176 0.500702 151.676
0.509048 0.0946638 -0.855517 270.221 -0.0840486 0.994651 0.0600487 -16.9072 0.856625 0.0413372 0.514282 153.13
0.542171 0.0943007 -0.83496 266.933 -0.0831954 0.994824 0.058334 -16.7137 0.836139 0.0378379 0.54721 155.198
0.57637 0.0907611 -0.812133 263.743 -0.0701293 0.99564 0.0614985 -16.5318 0.814174 0.0215085 0.580222 157.405
0.590069 0.081308 -0.803248 261.423 -0.0544038 0.996659 0.0609206 -16.3868 0.805518 0.00775239 0.592521 159.128
0.585647 0.078325 -0.806774 259.095 -0.0421686 0.996917 0.0661742 -16.2331 0.809469 -0.00473428 0.587144 160.849
0.569282 0.0750853 -0.818706 256.689 -0.0332964 0.997109 0.0682946 -16.0622 0.821468 -0.0116189 0.570137 162.545
0.554865 0.069057 -0.829069 255.053 -0.0295349 0.997556 0.0633245 -15.9494 0.831416 -0.0106501 0.555549 163.64
0.542118 0.0598524 -0.838168 253.392 -0.0209437 0.998113 0.0577277 -15.8457 0.840041 -0.0137409 0.542349 164.727
0.527754 0.0660724 -0.846824 251.714 -0.0101357 0.997389 0.0715034 -15.7424 0.849337 -0.029153 0.527046 165.792
0.514235 0.0638425 -0.85527 250.019 -9.87683e-05 0.99723 0.0743798 -15.6212 0.857649 -0.0381643 0.512817 166.83
0.500344 0.0571722 -0.863937 248.303 0.00787193 0.997476 0.0705684 -15.5014 0.865791 -0.0421093 0.498631 167.838
0.488553 0.0521671 -0.870974 246.588 0.0135159 0.997639 0.0673352 -15.3902 0.87243 -0.0446688 0.486694 168.798
0.479288 0.0570647 -0.875801 244.861 0.0174915 0.997065 0.0745383 -15.275 0.877483 -0.0510444 0.476883 169.743
