-0.0501946 0.089189 -0.994748 116.774 0.028931 0.995717 0.0878158 -5.96338 0.998319 -0.0243711 -0.0525599 213.046
-0.0257516 0.0749612 -0.996853 114.897 0.0337653 0.996681 0.0740759 -5.83667 0.999097 -0.0317514 -0.0281973 212.984
-0.0351677 0.0695856 -0.996955 113.024 0.0419423 0.996797 0.0680949 -5.73639 0.9985 -0.0394199 -0.0379737 212.973
-0.0624308 0.0784562 -0.994961 112.118 0.0471042 0.996026 0.0755845 -5.69054 0.996937 -0.0421481 -0.0658784 212.972
-0.0384876 0.0712946 -0.996712 110.099 0.0399795 0.996763 0.0697544 -5.54498 0.998459 -0.0371634 -0.0412133 212.791
-0.045595 0.0692824 -0.996555 108.174 0.0404763 0.996901 0.0674546 -5.43298 0.99814 -0.0372613 -0.048258 212.763
-0.0472689 0.071478 -0.996321 106.319 0.0453949 0.99656 0.0693414 -5.35036 0.99785 -0.0419502 -0.050351 212.678
-0.0436775 0.0770095 -0.996074 104.451 0.0478765 0.996041 0.0749076 -5.23561 0.997898 -0.0444167 -0.0471916 212.553
-0.0486095 0.0891145 -0.994835 102.567 0.0500845 0.994976 0.0866801 -5.15363 0.997562 -0.0456124 -0.0528285 212.488
-0.0370702 0.0791633 -0.996173 100.693 0.0440104 0.996019 0.0775134 -4.96073 0.998344 -0.0409686 -0.0404067 212.325
-0.0612955 0.0724012 -0.99549 98.9444 0.0470964 0.996465 0.0695722 -4.84789 0.997008 -0.0426195 -0.0644887 212.338
-0.0419777 0.0808856 -0.995839 97.1712 0.0510958 0.995587 0.0787113 -4.81143 0.997812 -0.0475792 -0.0459254 212.12
-0.0493667 0.0789538 -0.995657 95.5603 0.0471294 0.995944 0.07664 -4.69746 0.99767 -0.0431413 -0.0528875 212.083
-0.0480765 0.0784081 -0.995761 93.9455 0.0454545 0.996053 0.0762365 -4.59187 0.997809 -0.0415966 -0.0514508 211.983
-0.0576818 0.0769038 -0.99537 92.3817 0.0452936 0.996204 0.0743436 -4.49656 0.997308 -0.0407956 -0.0609461 211.893
-0.0279194 0.0728379 -0.996953 90.2817 0.0414168 0.99657 0.07165 -4.36202 0.998752 -0.0392901 -0.0308404 211.683
0.0731217 0.0595389 -0.995544 87.1551 0.0369795 0.997368 0.0623641 -4.23124 0.996637 -0.0413749 0.0707276 211.86
0.254898 0.0649863 -0.964782 83.7347 0.0168269 0.99729 0.0716217 -4.03493 0.966821 -0.0344905 0.253114 212.531
0.54515 0.0608766 -0.836125 80.6926 -0.0276766 0.998123 0.0546263 -3.85912 0.837882 -0.0066384 0.545812 213.975
0.739691 0.0465971 -0.671331 79.0741 -0.0313746 0.998903 0.0347645 -3.77549 0.672214 -0.00465223 0.740342 215.589
0.869906 0.0319271 -0.492183 77.8864 -0.0346654 0.999393 0.00355981 -3.77324 0.491997 0.013965 0.870485 217.577
0.954439 0.0196478 -0.297757 77.0925 -0.0208871 0.999781 -0.000980597 -3.77533 0.297673 0.00715522 0.954641 219.943
0.988086 0.0228615 -0.152198 76.7377 -0.0255358 0.999552 -0.0156393 -3.81376 0.151772 0.0193394 0.988226 221.919
0.998557 0.00764462 -0.0531502 76.631 -0.00975895 0.999167 -0.0396351 -3.87377 0.0528029 0.0400966 0.9978 224.015
0.999848 0.00880805 -0.0150592 76.6263 -0.0091539 0.999692 -0.0230536 -3.93462 0.0148515 0.0231879 0.999621 225.494
0.999913 -0.000422118 0.0131859 76.6789 0.000458426 0.999996 -0.00275063 -4.00266 -0.0131847 0.00275644 0.999909 227.757
0.999986 -0.00454142 -0.00259209 76.7775 0.00453834 0.999989 -0.00119404 -4.06795 0.00259749 0.00118226 0.999996 230.527
0.999985 -0.0043361 -0.00331998 76.7796 0.00433122 0.99999 -0.00147582 -4.09394 0.00332635 0.00146142 0.999993 232.938
0.999642 -0.0257198 -0.00731835 76.7955 0.0255802 0.9995 -0.0185725 -4.13738 0.00779237 0.0183787 0.999801 235.42
0.999192 -0.0365595 -0.0166948 76.777 0.0365952 0.999328 0.00183539 -4.20214 0.0166165 -0.00244486 0.999859 238.845
0.999664 -0.0140638 -0.0217952 76.6711 0.014174 0.999888 0.00490686 -4.21309 0.0217238 -0.00521414 0.99975 242.41
0.999697 -0.00923428 -0.0228366 76.6039 0.0089944 0.999904 -0.0105847 -4.23867 0.0229321 0.0103761 0.999683 245.161
0.999809 0.00184242 -0.0194467 76.5266 -0.00175081 0.999987 0.00472712 -4.2699 0.0194552 -0.00469217 0.9998 248.037
0.999796 0.00205118 -0.0201145 76.4629 -0.00196176 0.999988 0.00446425 -4.27331 0.0201234 -0.00442387 0.999788 250.99
0.999766 -0.00104114 -0.0215876 76.4097 0.000836586 0.999955 -0.00948253 -4.27355 0.0215965 0.00946226 0.999722 253.008
0.999691 0.000992398 -0.0248189 76.3576 -0.000727165 0.999943 0.0106935 -4.30378 0.0248281 -0.0106721 0.999635 255.076
0.999675 0.00120489 -0.0254654 76.2935 -0.000939348 0.999945 0.0104371 -4.30495 0.0254766 -0.0104098 0.999621 257.156
0.999658 0.00141717 -0.0261051 76.2385 -0.00115167 0.999947 0.0101826 -4.30466 0.0261182 -0.0101491 0.999607 259.265
0.999641 0.00162926 -0.0267347 76.1296 -0.00136416 0.99995 0.00993115 -4.29187 0.0267495 -0.00989111 0.999593 262.46
0.999624 0.00184114 -0.0273572 76.0599 -0.00157678 0.999952 0.00968164 -4.29305 0.0273738 -0.00963487 0.999579 264.594
0.999575 -0.00177562 -0.0290978 75.9675 0.00174645 0.999998 -0.00102788 -4.31002 0.0290996 0.000976628 0.999576 267.77
0.999557 -0.00157061 -0.0297055 75.9036 0.00153349 0.999998 -0.00127239 -4.34327 0.0297075 0.00122627 0.999558 269.881
0.99954 -0.00136583 -0.0303033 75.7941 0.00132055 0.999998 -0.00151412 -4.38526 0.0303053 0.0014734 0.99954 273.016
0.999522 -0.00116126 -0.0308907 75.6936 0.00110764 0.999998 -0.00175307 -4.42307 0.0308927 0.00171802 0.999521 276.139
0.999504 -0.000956893 -0.0314718 75.6126 0.000894701 0.999998 -0.00199015 -4.45334 0.0314736 0.001961 0.999503 278.223
0.999486 -0.0007527 -0.0320459 75.5426 0.000681735 0.999997 -0.00222533 -4.47706 0.0320475 0.00220234 0.999484 280.312
0.999468 -0.00054873 -0.03261 75.4272 0.000468829 0.999997 -0.00245779 -4.52568 0.0326113 0.00244119 0.999465 283.406
0.99945 -0.000344962 -0.0331644 75.3034 0.000255971 0.999996 -0.00268753 -4.57144 0.0331652 0.00267757 0.999446 286.486
0.999432 -0.000141381 -0.0337088 75.2038 4.31576e-05 0.999996 -0.00291458 -4.60848 0.0337091 0.00291147 0.999427 289.542
0.999159 -0.00344744 -0.0408705 75.0905 0.00305531 0.999949 -0.00965309 -4.66989 0.0409017 0.00952009 0.999118 292.561
0.998796 0.00155828 -0.0490348 74.9271 -0.00113747 0.999962 0.00860863 -4.71661 0.0490464 -0.00854249 0.99876 295.636
0.998292 -0.00574627 -0.0581319 74.7568 0.00549871 0.999975 -0.00441771 -4.74782 0.0581558 0.00409052 0.998299 298.644
0.99743 -0.0126695 -0.0705148 74.5627 0.0121196 0.999893 -0.00822037 -4.80292 0.0706114 0.00734463 0.997477 301.611
0.99663 -0.0129456 -0.0809999 74.3976 0.0115538 0.999778 -0.0176271 -4.85117 0.0812101 0.0166318 0.996558 303.581
0.99583 -0.00739126 -0.0909256 74.2063 0.0065998 0.999938 -0.00900209 -4.90477 0.0909864 0.00836446 0.995817 305.566
0.994393 0.000467639 -0.105747 73.9154 -0.0010728 0.999983 -0.0056659 -4.95382 0.105742 0.00574758 0.994377 308.488
0.993387 0.0319927 -0.110262 73.521 -0.0325353 0.999466 -0.00312459 -5.00927 0.110104 0.00669135 0.993898 311.404
0.993656 0.0387891 -0.105556 73.1836 -0.040405 0.999096 -0.013212 -5.05816 0.104949 0.0173932 0.994326 314.331
0.995048 0.0411304 -0.0904871 72.8823 -0.0415493 0.999133 -0.00274983 -5.1112 0.0902955 0.00649588 0.995894 317.309
0.995607 0.051845 -0.0779682 72.697 -0.0516891 0.998655 0.00401827 -5.13619 0.0780717 2.94897e-05 0.996948 319.296
0.996292 0.0602118 -0.0614535 72.4653 -0.0612217 0.998016 -0.0146836 -5.18064 0.0604475 0.0183915 0.998002 322.257
0.997382 0.0498735 -0.0523586 72.3543 -0.0503554 0.9987 -0.00792602 -5.22491 0.0518952 0.0105418 0.998597 324.271
0.998153 0.042855 -0.0430567 72.2186 -0.0434149 0.998983 -0.0121553 -5.28204 0.042492 0.0140022 0.998999 327.291
0.998126 0.0430536 -0.0434769 72.1323 -0.0436278 0.998972 -0.0123471 -5.33039 0.0429006 0.0142208 0.998978 329.303
0.998274 0.0440347 -0.0388606 71.9979 -0.0441807 0.999019 -0.00290435 -5.40319 0.0386946 0.00461623 0.99924 332.351
0.998103 0.0482401 -0.0382427 71.862 -0.0488392 0.998696 -0.01489 -5.45728 0.0374745 0.0167295 0.999158 335.357
0.998495 0.0401916 -0.0373258 71.7444 -0.0404826 0.999155 -0.00707362 -5.53433 0.03701 0.00857401 0.999278 338.355
0.998472 0.0403921 -0.0377064 71.6393 -0.0406934 0.999145 -0.00725671 -5.59217 0.0373811 0.00878003 0.999263 341.312
0.99845 0.0405927 -0.0380778 71.5309 -0.0409042 0.999135 -0.00743738 -5.6603 0.037743 0.00898339 0.999247 344.176
0.998919 0.0325607 -0.0331802 71.431 -0.0329211 0.999404 -0.0103731 -5.72236 0.0328226 0.0114542 0.999396 346.92
0.998664 0.0496562 -0.0143236 71.3158 -0.0498493 0.998666 -0.0134563 -5.81003 0.0136363 0.0141523 0.999807 350.411
0.998966 0.0454259 0.00209767 71.3003 -0.04541 0.998943 -0.00711115 -5.87563 -0.00241849 0.00700854 0.999973 352.878
0.999229 0.0376612 0.011102 71.3169 -0.0376882 0.999287 0.00223214 -5.91679 -0.01101 -0.00264883 0.999936 354.432
0.999177 0.0382846 0.0134181 71.3288 -0.0381892 0.999244 -0.00729786 -5.94795 -0.0136874 0.00677943 0.999883 355.883
0.999476 0.0295099 0.013273 71.365 -0.0293234 0.999471 -0.0140336 -5.9837 -0.0136801 0.013637 0.999813 357.252
0.999461 0.0307276 0.0115433 71.3718 -0.0304368 0.999235 -0.024575 -6.02788 -0.0122896 0.0242104 0.999631 358.606
0.999775 0.0211392 0.00194821 71.381 -0.0211102 0.999681 -0.0138937 -6.08918 -0.00224129 0.0138495 0.999902 360.651
0.999161 0.0168082 -0.0373545 71.3024 -0.0173519 0.999748 -0.0142768 -6.16043 0.0371051 0.014913 0.9992 363.286
0.995003 0.0266064 -0.0962301 71.0322 -0.0278093 0.999551 -0.0111803 -6.22176 0.0958894 0.0138005 0.995296 365.941
0.989474 0.0454257 -0.137397 70.6259 -0.0483023 0.998676 -0.0176739 -6.27549 0.136413 0.0241245 0.990358 368.736
0.988993 0.0603771 -0.135084 70.162 -0.0620598 0.998038 -0.00827717 -6.3353 0.134319 0.0165694 0.9908 371.761
0.993019 0.0554239 -0.104126 69.7841 -0.0579278 0.998096 -0.0211761 -6.38464 0.102754 0.02706 0.994339 375.012
0.99653 0.0597697 -0.0579297 69.5002 -0.0609428 0.997966 -0.0186978 -6.46358 0.0566943 0.0221633 0.998146 378.535
0.998418 0.0494276 -0.0267985 69.3882 -0.050181 0.998342 -0.0282085 -6.58528 0.0253598 0.0295086 0.999243 382.25
0.998997 0.0429695 -0.0126172 69.3388 -0.0432207 0.998858 -0.0203545 -6.67405 0.0117282 0.0208794 0.999713 385.211
0.998985 0.043166 -0.0128525 69.3139 -0.0434238 0.998846 -0.0205052 -6.72244 0.0119525 0.0210424 0.999707 387.24
0.998974 0.0433623 -0.0130809 69.2739 -0.0436267 0.998834 -0.0206541 -6.77714 0.01217 0.0212036 0.999701 389.326
0.998924 0.0399273 -0.0235741 69.19 -0.0403431 0.999034 -0.017435 -6.86353 0.0228552 0.0183673 0.99957 392.519
0.998895 0.029826 -0.0363275 69.0878 -0.0308676 0.999118 -0.028458 -6.96165 0.0354467 0.0295479 0.998935 395.711
0.99858 0.0325541 -0.0421767 68.9899 -0.033417 0.999243 -0.0199176 -7.03869 0.0414964 0.0212988 0.998912 397.847
0.99823 0.0383043 -0.0454855 68.873 -0.0389281 0.999159 -0.0129096 -7.09957 0.0449527 0.0146574 0.998882 399.98
0.998214 0.0385016 -0.0456671 68.6912 -0.0391342 0.999149 -0.0130407 -7.18413 0.0451261 0.0148046 0.998872 403.162
0.997969 0.0421173 -0.0477994 68.5228 -0.043189 0.998833 -0.0216134 -7.27542 0.0468333 0.0236339 0.998623 406.294
0.998075 0.0410154 -0.0465275 68.4169 -0.041549 0.999081 -0.0105597 -7.33648 0.0460516 0.0124726 0.998861 408.39
0.998059 0.0412132 -0.0466819 68.2663 -0.0417547 0.999071 -0.0106839 -7.39292 0.0461982 0.0126124 0.998853 411.504
0.997777 0.0485243 -0.0456757 68.1298 -0.0496025 0.998509 -0.0227755 -7.48233 0.0445025 0.0249905 0.998697 414.531
0.998401 0.0368136 -0.0429089 67.9472 -0.0373202 0.999242 -0.0110645 -7.6254 0.042469 0.0126482 0.999018 418.568
0.998058 0.0443834 -0.0437043 67.8154 -0.0452968 0.998771 -0.0201357 -7.71663 0.0427569 0.0220763 0.998842 421.441
0.997365 0.0459402 -0.0561435 67.6571 -0.0469508 0.998756 -0.016815 -7.8114 0.0553012 0.0194066 0.998281 424.196
0.996233 0.0430708 -0.0752648 67.4585 -0.0437576 0.999014 -0.00749995 -7.88907 0.0748676 0.0107651 0.997135 426.823
0.993648 0.0473088 -0.102103 67.116 -0.048675 0.998755 -0.0109293 -7.96408 0.101459 0.0158297 0.994714 430.081
0.989325 0.0506676 -0.136636 66.7109 -0.0530394 0.998497 -0.0137716 -8.05943 0.135733 0.0208717 0.990526 433.073
0.983678 0.0703122 -0.165631 66.2408 -0.0717034 0.997423 -0.00242736 -8.13592 0.165034 0.0142641 0.986185 435.752
0.986925 0.0945003 -0.130568 65.8371 -0.0954056 0.995438 -0.000681692 -8.18248 0.129908 0.0131297 0.991439 438.091
0.993214 0.102337 0.0552558 65.8244 -0.101527 0.994683 -0.0172923 -8.27104 -0.0567316 0.011565 0.998322 440.659
0.92667 0.0821082 0.366798 66.574 -0.0691646 0.996434 -0.0483174 -8.39969 -0.369458 0.0194048 0.929045 442.818
0.783547 0.0639143 0.618037 67.6205 -0.0381087 0.997766 -0.0548699 -8.53821 -0.620163 0.0194406 0.784232 444.176
0.588399 0.0428575 0.807434 69.0155 -0.0017312 0.998659 -0.0517458 -8.6548 -0.808569 0.0290493 0.587684 445.12
0.418876 0.0379699 0.907248 70.1609 0.00464208 0.999023 -0.043954 -8.72501 -0.908031 0.0226228 0.418291 445.603
0.253946 0.0410723 0.966346 71.4047 0.0269525 0.99841 -0.049518 -8.80286 -0.966843 0.0386203 0.252435 445.821
0.094149 0.0567526 0.99394 73.2899 0.0256251 0.997905 -0.0594064 -8.90417 -0.995229 0.0310629 0.0924975 446.006
0.0280222 0.0565934 0.998005 75.4381 0.04438 0.997341 -0.0578019 -9.03611 -0.998622 0.0459112 0.0254361 446.035
0.034899 0.0510176 0.998088 77.8527 0.0430415 0.997693 -0.0525024 -9.18238 -0.998464 0.0447915 0.0326226 446.123
0.0349237 0.0511997 0.998077 79.8338 0.0431424 0.997679 -0.0526888 -9.28793 -0.998458 0.0448996 0.0326338 446.208
0.0459829 0.0667115 0.996711 82.6658 0.0408442 0.996808 -0.0686022 -9.46811 -0.998106 0.0438644 0.0431113 446.331
0.0528868 0.0536736 0.997157 85.7781 0.033407 0.9979 -0.0554855 -9.6692 -0.998041 0.0362464 0.0509827 446.511
0.0528915 0.0538477 0.997147 88.2476 0.0335057 0.997887 -0.0556649 -9.81805 -0.998037 0.0363543 0.0509756 446.654
0.0531748 0.0752654 0.995745 91.6913 0.0306951 0.996561 -0.0769663 -10.0511 -0.998114 0.0346571 0.0506817 446.847
0.0531678 0.075434 0.995732 93.4944 0.0307945 0.996545 -0.0771398 -10.1948 -0.99811 0.0347644 0.0506612 446.952
0.0473414 0.0618905 0.996959 95.3383 0.0285829 0.997586 -0.0632866 -10.3414 -0.998469 0.0314921 0.0454581 447.043
0.0473266 0.0620556 0.99695 97.2017 0.028684 0.997572 -0.063456 -10.4761 -0.998468 0.0315997 0.0454317 447.125
0.0473091 0.0622184 0.99694 99.0894 0.0287854 0.997559 -0.0636229 -10.614 -0.998465 0.0317072 0.0454026 447.204
0.047286 0.0623795 0.996932 101.001 0.0288869 0.997545 -0.0637881 -10.7536 -0.998464 0.0318146 0.045368 447.308
0.0472575 0.0625378 0.996923 103.855 0.0289892 0.997532 -0.0639502 -10.9664 -0.998462 0.0319221 0.0453279 447.459
0.0472235 0.0626929 0.996915 106.749 0.0290916 0.997519 -0.064109 -11.1986 -0.998461 0.0320293 0.0452825 447.624
0.047184 0.0628463 0.996907 108.702 0.0291946 0.997506 -0.0642658 -11.3405 -0.998459 0.0321366 0.0452316 447.722
0.0454581 0.0508735 0.99767 111.633 0.0319654 0.998117 -0.0523527 -11.5477 -0.998454 0.0342708 0.0437463 447.847
0.0454107 0.0510221 0.997664 113.567 0.0320692 0.998106 -0.0525044 -11.6719 -0.998453 0.0343786 0.0436885 447.935
0.0453578 0.0511688 0.997659 115.492 0.0321732 0.998094 -0.0526539 -11.7953 -0.998453 0.0344862 0.0436251 448.013
0.0453022 0.0513128 0.997655 118.384 0.0322776 0.998083 -0.0528005 -11.9791 -0.998452 0.0345939 0.0435591 448.131
0.046876 0.0707436 0.996392 121.227 0.0217914 0.997179 -0.0718247 -12.1897 -0.998663 0.0250796 0.0452021 448.286
0.0474761 0.0561814 0.99729 124.065 0.0213014 0.998133 -0.0572428 -12.4098 -0.998644 0.0239613 0.0461907 448.429
0.0499242 0.0514806 0.997426 126.852 0.0316759 0.998087 -0.0531002 -12.6012 -0.998251 0.0342453 0.048198 448.552
0.0525984 0.0665904 0.996393 129.571 0.026461 0.997331 -0.06805 -12.798 -0.998265 0.0299449 0.050696 448.698
0.0565146 0.0684781 0.996051 132.299 0.0174993 0.997424 -0.0695654 -13.0161 -0.998249 0.0213617 0.0551707 448.869
0.0746214 0.052813 0.995813 135.028 0.0175145 0.998373 -0.0542613 -13.2192 -0.997058 0.0214903 0.073575 449.06
0.103931 0.0504085 0.993306 137.709 0.0184246 0.998446 -0.0525971 -13.3992 -0.994414 0.0237677 0.102841 449.327
0.124787 0.0592083 0.990415 139.454 0.0135354 0.998023 -0.0613685 -13.5214 -0.992091 0.0210636 0.123739 449.559
0.144369 0.0536435 0.988069 141.195 0.0068615 0.998451 -0.0552097 -13.6404 -0.9895 0.0147502 0.143778 449.821
0.16226 0.0517402 0.985391 142.915 0.00400846 0.998582 -0.0530929 -13.7594 -0.98674 0.0125648 0.161823 450.103
0.1851 0.0601132 0.980879 145.472 0.00284877 0.99809 -0.0617055 -13.9389 -0.982715 0.014216 0.184575 450.583
0.208871 0.046777 0.976823 148.032 0.00293342 0.998821 -0.0484576 -14.115 -0.977938 0.0129868 0.208488 451.141
0.238085 0.0550654 0.969682 150.529 0.0051035 0.998307 -0.057944 -14.2781 -0.971231 0.0187444 0.237401 451.726
0.261393 0.0415085 0.96434 152.189 0.0114634 0.998871 -0.0461022 -14.3913 -0.965165 0.0231054 0.260622 452.165
0.294128 0.0558989 0.95413 154.596 0.0243437 0.997526 -0.0659458 -14.5603 -0.955456 0.0426236 0.29204 452.874
0.310706 0.0584326 0.948708 156.184 0.0182277 0.997559 -0.067411 -14.6916 -0.950331 0.0382378 0.308882 453.405
0.331173 0.0396736 0.942735 158.554 0.0186907 0.998644 -0.0485922 -14.877 -0.943384 0.0337128 0.329983 454.234
0.353063 0.0524008 0.934132 160.88 0.0156086 0.997961 -0.0618808 -15.0425 -0.93547 0.0364283 0.351525 455.091
0.373951 0.0466041 0.926277 163.18 0.011191 0.998437 -0.0547527 -15.2231 -0.927381 0.0308408 0.372845 456.025
0.402931 0.0613467 0.913172 166.186 0.0107553 0.997365 -0.0717484 -15.4709 -0.915167 0.0387311 0.40121 457.319
0.436761 0.0621159 0.89743 169.11 0.000133443 0.997609 -0.0691147 -15.7383 -0.899577 0.0303063 0.435708 458.731
0.469756 0.0658131 0.88034 171.926 -0.0078546 0.997489 -0.0703798 -15.9912 -0.882762 0.0261467 0.469094 460.214
0.493951 0.0706277 0.866616 173.956 -0.0101162 0.997095 -0.0754955 -16.1884 -0.869431 0.0285242 0.493231 461.37
0.52582 0.0472597 0.849281 176.57 -0.00642393 0.998647 -0.0515942 -16.4285 -0.850571 0.0216735 0.525413 462.96
0.547669 0.0579259 0.834687 178.364 -0.0114814 0.998027 -0.061728 -16.5776 -0.836616 0.0242231 0.547254 464.151
0.563012 0.0581374 0.824401 180.022 -0.0177628 0.998143 -0.058259 -16.7352 -0.826258 0.0181569 0.563 465.286
0.563884 0.0677735 0.823069 181.997 -0.0243601 0.997558 -0.0654523 -16.9245 -0.825495 0.0168576 0.564159 466.651
0.519846 0.0538739 0.852559 184.133 -0.0227082 0.998528 -0.0492514 -17.1168 -0.853958 0.00624304 0.520304 468.03
0.393714 0.0661672 0.916848 186.651 -0.00679876 0.997588 -0.0690745 -17.3306 -0.919207 0.0209621 0.393214 469.22
0.13739 0.0610959 0.988631 189.171 0.0162793 0.997822 -0.0639262 -17.5389 -0.990384 0.0248771 0.136096 469.692
-0.159005 0.0658908 0.985077 191.448 0.0303556 0.997625 -0.0618303 -17.7038 -0.986811 0.0200712 -0.160627 469.425
-0.37478 0.0496112 0.925785 193.055 0.0301349 0.998691 -0.0413187 -17.8124 -0.926624 0.012413 -0.375784 468.81
-0.535668 0.0449493 0.843232 194.278 0.0285308 0.998976 -0.035127 -17.8777 -0.843947 0.00524169 -0.536402 468.021
-0.660739 0.0455966 0.749231 195.543 0.0364119 0.998925 -0.0286813 -17.9137 -0.749733 0.00833008 -0.661689 466.9
-0.72928 0.0462832 0.682646 196.859 0.0421357 0.998854 -0.0227078 -17.9558 -0.682915 0.0122034 -0.730395 465.493
-0.765007 0.0488754 0.642165 198.246 0.0458386 0.998719 -0.0214056 -18.0043 -0.642389 0.0130605 -0.766268 463.855
-0.780908 0.0492816 0.622698 199.231 0.0469233 0.998694 -0.0201935 -18.0367 -0.62288 0.0134497 -0.782201 462.634
-0.793676 0.0506619 0.606228 201.298 0.0525967 0.998509 -0.0145848 -18.1017 -0.606063 0.02031 -0.795157 459.961
-0.793824 0.0507187 0.606026 202.985 0.0527071 0.998504 -0.0145251 -18.1464 -0.605857 0.0204116 -0.79531 457.748
-0.798161 0.0470469 0.600607 204.774 0.0543732 0.998503 -0.00595729 -18.1897 -0.599988 0.027902 -0.799525 455.398
-0.798303 0.0471021 0.600411 206.593 0.0544831 0.998497 -0.00589152 -18.23 -0.599786 0.028009 -0.799669 452.981
-0.798444 0.0471556 0.600221 208.439 0.0545929 0.998492 -0.00582306 -18.279 -0.599591 0.0281184 -0.799814 450.578
-0.798582 0.0472074 0.600035 210.279 0.0547028 0.998486 -0.00575192 -18.3276 -0.599398 0.0282302 -0.799955 448.157
-0.798716 0.0472574 0.599849 212.112 0.0548125 0.998481 -0.00567802 -18.3781 -0.599206 0.0283441 -0.800092 445.76
-0.79885 0.0473057 0.59967 213.938 0.0549223 0.998475 -0.00560146 -18.4405 -0.59902 0.0284605 -0.80023 443.36
-0.79898 0.0473529 0.599492 215.158 0.055032 0.998469 -0.00552311 -18.4704 -0.598836 0.0285784 -0.800363 441.758
-0.799107 0.0473983 0.599317 216.968 0.0551415 0.998464 -0.00544202 -18.5312 -0.598654 0.0286985 -0.800492 439.374
-0.799233 0.0474419 0.599148 218.768 0.055251 0.998458 -0.00535828 -18.584 -0.598478 0.028821 -0.800622 436.987
-0.799356 0.0474845 0.598978 219.961 0.0553606 0.998453 -0.00527273 -18.6224 -0.598301 0.028945 -0.800748 435.411
-0.799479 0.0475259 0.598814 221.143 0.0554699 0.998447 -0.00518544 -18.6599 -0.59813 0.0290705 -0.800873 433.842
-0.799598 0.0475662 0.598649 222.328 0.0555794 0.998441 -0.0050964 -18.6893 -0.597958 0.0291975 -0.800995 432.274
-0.799717 0.0476055 0.598488 223.497 0.0556888 0.998436 -0.00500562 -18.7241 -0.59779 0.029326 -0.801117 430.724
-0.799832 0.0476434 0.598329 224.682 0.0557979 0.99843 -0.00491303 -18.7627 -0.597623 0.0294559 -0.801235 429.183
-0.799947 0.04768 0.598173 226.48 0.0559073 0.998424 -0.00481788 -18.8068 -0.59746 0.0295882 -0.801353 426.828
-0.796961 0.0554329 0.601482 228.305 0.06174 0.99804 -0.0101747 -18.8526 -0.600867 0.0290267 -0.798821 424.408
-0.79832 0.0484898 0.600278 230.205 0.0517259 0.998591 -0.0118739 -18.9146 -0.600008 0.0215708 -0.799703 421.915
-0.798427 0.0485192 0.600134 232.133 0.0518353 0.998586 -0.0117707 -18.9753 -0.599857 0.0217101 -0.799813 419.374
-0.79853 0.048547 0.599994 234.058 0.0519447 0.998582 -0.0116646 -19.0427 -0.599709 0.0218519 -0.799919 416.812
-0.798633 0.0485726 0.599857 235.976 0.0520539 0.998577 -0.0115556 -19.1282 -0.599565 0.0219962 -0.800025 414.285
-0.798732 0.0485966 0.599724 237.88 0.0521631 0.998573 -0.0114437 -19.2143 -0.599424 0.022143 -0.800128 411.789
-0.798828 0.0486186 0.599594 239.778 0.0522721 0.998569 -0.0113288 -19.3027 -0.599286 0.0222922 -0.800226 409.322
-0.79892 0.0486393 0.599467 241.022 0.0523809 0.998564 -0.0112121 -19.3513 -0.599151 0.022443 -0.800321 407.698
-0.799012 0.048659 0.599342 242.252 0.0524898 0.99856 -0.0110936 -19.4045 -0.599018 0.0225955 -0.800415 406.086
-0.799104 0.0486775 0.599219 243.433 0.0525987 0.998555 -0.0109732 -19.4545 -0.598887 0.0227494 -0.80051 404.512
-0.799192 0.0486946 0.599099 244.58 0.0527073 0.998551 -0.010851 -19.5073 -0.598759 0.0229049 -0.8006 402.989
-0.806067 0.0496428 0.58974 246.166 0.0536996 0.9985 -0.0106537 -19.5881 -0.589384 0.0230812 -0.807523 400.831
-0.826803 0.0535585 0.559939 248.015 0.0579292 0.998271 -0.00994752 -19.6871 -0.559503 0.0242122 -0.828476 398.185
-0.858263 0.055172 0.510239 249.128 0.0576127 0.998278 -0.0110345 -19.7537 -0.509969 0.0199257 -0.859964 396.381
-0.924556 0.0588747 0.376469 250.148 0.060972 0.998119 -0.0063536 -19.8179 -0.376135 0.0170798 -0.926407 394.112
-0.975474 0.0605372 0.211627 250.556 0.0644024 0.997859 0.0114127 -19.8367 -0.210483 0.0247621 -0.977284 392.368
-0.997954 0.0639326 0.000553477 250.588 0.0639191 0.997476 0.0309038 -19.8226 0.00142368 0.030876 -0.999523 390.62
-0.973026 0.0688665 -0.22018 250.24 0.0604458 0.997167 0.0447641 -19.7725 0.222639 0.0302476 -0.974432 388.994
-0.901366 0.0778316 -0.426006 249.539 0.0575244 0.996518 0.0603514 -19.6948 0.42922 0.029893 -0.902705 387.499
-0.80238 0.0866125 -0.590494 248.512 0.0488918 0.995627 0.0796009 -19.5851 0.594807 0.0349999 -0.803106 386.163
-0.699153 0.0878862 -0.709548 247.272 0.0337895 0.995369 0.089994 -19.4512 0.714171 0.0389444 -0.698884 384.938
-0.581649 0.088101 -0.808654 245.335 0.00932146 0.994774 0.101674 -19.2494 0.813386 0.0516005 -0.57943 383.446
-0.48865 0.0824601 -0.868574 243.662 -0.0110496 0.994859 0.100666 -19.0685 0.872409 0.0587878 -0.485227 382.463
-0.374388 0.081769 -0.923661 241.093 -0.0178715 0.995283 0.0953534 -18.8132 0.927101 0.0522064 -0.371161 381.366
-0.320889 0.0812184 -0.943629 239.681 -0.0168161 0.995671 0.0914162 -18.6798 0.946969 0.0452025 -0.318134 380.903
-0.249998 0.0884191 -0.9642 237.398 -0.00241537 0.995762 0.0919395 -18.4723 0.968242 0.0253137 -0.248725 380.315
-0.210879 0.0949719 -0.972888 235.761 0.000775302 0.995285 0.0969902 -18.3279 0.977512 0.0196989 -0.209958 379.969
-0.160231 0.086804 -0.983256 233.186 -0.00810015 0.995977 0.0892471 -18.098 0.987047 0.0222646 -0.158883 379.517
-0.125995 0.0898775 -0.987952 231.36 -0.01062 0.995708 0.0919376 -17.9376 0.991975 0.0220756 -0.1245 379.274
-0.0993312 0.0861846 -0.991316 229.469 -0.00437902 0.996195 0.0870476 -17.781 0.995046 0.0129874 -0.0985758 379.078
-0.080623 0.0750625 -0.993915 227.525 -0.000274084 0.997159 0.0753297 -17.626 0.996746 0.00634565 -0.0803733 378.927
-0.0689728 0.0757918 -0.994735 225.502 -0.00151671 0.997101 0.0760772 -17.4848 0.997617 0.00675597 -0.0686578 378.786
-0.0576258 0.0790791 -0.995201 222.35 -0.00176672 0.996848 0.0793122 -17.2542 0.998337 0.00632868 -0.0573045 378.591
-0.0576032 0.0791213 -0.995199 220.215 -0.00194323 0.996844 0.0793645 -17.0969 0.998338 0.00650557 -0.0572677 378.473
-0.0486023 0.077619 -0.995799 216.971 -0.00814487 0.996912 0.0781034 -16.8761 0.998786 0.0119066 -0.0478201 378.292
-0.0485893 0.0776671 -0.995794 214.786 -0.00832103 0.996906 0.0781598 -16.727 0.998783 0.0120838 -0.0477927 378.18
-0.0397849 0.079003 -0.99608 211.452 -0.0163285 0.996685 0.0797031 -16.4928 0.999074 0.0194355 -0.038363 378.025
-0.0326459 0.0824494 -0.996061 208.097 -0.0205885 0.996325 0.083146 -16.2469 0.999255 0.0232218 -0.0308284 377.88
-0.0245387 0.0804788 -0.996454 204.719 -0.0251851 0.996388 0.0810937 -16.0057 0.999381 0.0270857 -0.0224232 377.784
-0.0245545 0.0805394 -0.996448 202.468 -0.0253611 0.996378 0.0811586 -15.8506 0.999376 0.0272639 -0.022423 377.727
-0.024576 0.0806021 -0.996443 200.225 -0.0255368 0.996369 0.0812259 -15.6974 0.999372 0.0274422 -0.0224285 377.683
-0.0246006 0.0806669 -0.996437 197.996 -0.0257122 0.996358 0.0812953 -15.5453 0.999366 0.0276206 -0.0224369 377.622
-0.0246311 0.0807342 -0.996432 195.769 -0.0258874 0.996348 0.0813673 -15.3939 0.999362 0.0277991 -0.0224512 377.561
-0.0246647 0.0808046 -0.996424 192.465 -0.0260622 0.996337 0.0814427 -15.1585 0.999355 0.0279778 -0.0224684 377.493
-0.0247069 0.0808771 -0.996417 190.28 -0.0262366 0.996326 0.0815203 -15.012 0.99935 0.0281568 -0.0224942 377.428
-0.0247522 0.080952 -0.99641 188.105 -0.0264107 0.996315 0.0816004 -14.8658 0.999345 0.0283357 -0.022523 377.363
-0.0248005 0.0810288 -0.996402 185.939 -0.0265846 0.996304 0.0816824 -14.7176 0.999338 0.0285148 -0.0225547 377.304
-0.0248575 0.081109 -0.996395 182.732 -0.026758 0.996292 0.0817682 -14.4875 0.999333 0.0286942 -0.0225951 377.229
-0.0249205 0.0811922 -0.996388 179.579 -0.0269312 0.99628 0.0818571 -14.2756 0.999327 0.0288738 -0.0226412 377.131
-0.0249865 0.0812773 -0.996379 177.497 -0.0271041 0.996268 0.081948 -14.1386 0.999321 0.0290535 -0.0226903 377.086
-0.0250584 0.0813646 -0.99637 175.427 -0.0272765 0.996256 0.0820413 -14.0016 0.999314 0.0292333 -0.0227452 377.037
-0.0251333 0.0814536 -0.99636 173.379 -0.0274489 0.996243 0.0821365 -13.8697 0.999308 0.0294133 -0.022803 376.979
-0.0252112 0.081545 -0.99635 171.376 -0.0276209 0.99623 0.082234 -13.7366 0.9993 0.0295934 -0.0228638 376.931
-0.0252949 0.081638 -0.99634 169.426 -0.0277928 0.996217 0.0823334 -13.6041 0.999293 0.0297737 -0.0229303 376.908
-0.0155708 0.0846646 -0.996287 166.561 -0.0265917 0.996021 0.0850575 -13.4125 0.999525 0.0278174 -0.0132574 376.852
-0.00473637 0.0841023 -0.996446 163.877 -0.0246907 0.996143 0.0841941 -13.2246 0.999684 0.0250017 -0.00264156 376.826
-0.00717464 0.0804555 -0.996731 161.35 -0.0154847 0.99663 0.0805587 -13.0522 0.999853 0.0160122 -0.00590462 376.823
-0.0246898 0.0868591 -0.995914 159.008 -0.00654254 0.996183 0.0870447 -12.9004 0.999674 0.00866495 -0.0240273 376.776
-0.0763796 0.088407 -0.99315 156.157 0.00207697 0.996073 0.0885074 -12.7088 0.997075 0.00469753 -0.0762633 376.582
-0.184985 0.0986169 -0.97778 153.748 0.0210889 0.995122 0.0963761 -12.54 0.982515 -0.00279219 -0.186162 376.209
-0.572948 0.108874 -0.812328 150.62 0.0603639 0.994051 0.0906543 -12.2694 0.817366 0.00290495 -0.576112 374.624
-0.827532 0.110123 -0.550515 149.192 0.0778216 0.993608 0.0817761 -12.1045 0.556001 0.0248303 -0.830812 372.721
-0.922117 0.10142 -0.373387 148.716 0.0764734 0.99377 0.08107 -12.0208 0.379283 0.0462018 -0.924129 371.328
-0.970166 0.0914035 -0.224551 148.405 0.0793434 0.994906 0.0621761 -11.9392 0.22909 0.0425046 -0.972477 369.821
-0.991958 0.0714857 -0.104443 148.207 0.0661885 0.996381 0.0533379 -11.8356 0.107878 0.045996 -0.993099 367.634
-0.995947 0.0739354 -0.0511954 148.12 0.0713102 0.996132 0.0513357 -11.757 0.0547929 0.0474769 -0.997367 365.854
-0.996933 0.076715 -0.0155837 148.088 0.0759779 0.996165 0.0433848 -11.6554 0.0188522 0.0420676 -0.998938 363.308
-0.996803 0.0796404 -0.0062653 148.069 0.079341 0.996097 0.0386656 -11.5813 0.00932019 0.0380449 -0.999232 361.212
-0.99584 0.0905077 0.0104553 148.081 0.0908242 0.995239 0.0353575 -11.5 -0.00720541 0.0361601 -0.999319 358.95
-0.995474 0.0908796 0.0278185 148.144 0.0917443 0.995282 0.0315676 -11.4261 -0.0248184 0.0339769 -0.999115 356.521
-0.994352 0.0982615 0.0401266 148.277 0.0996103 0.994475 0.0331201 -11.3329 -0.0366505 0.03693 -0.998646 353.047
-0.993875 0.0988965 0.0493324 148.409 0.100794 0.994197 0.0375795 -11.2436 -0.0453297 0.0423217 -0.998076 350.237
-0.995315 0.0804385 0.0536659 148.596 0.082893 0.995533 0.0451942 -11.1357 -0.0497908 0.0494309 -0.997537 347.284
-0.995167 0.083141 0.0522177 148.713 0.0850588 0.995738 0.0356442 -11.0678 -0.0490316 0.0399136 -0.997998 345.277
-0.995147 0.083253 0.0524527 148.813 0.0851897 0.99572 0.0358355 -11.0073 -0.0492448 0.04013 -0.99798 343.23
-0.995123 0.0833648 0.0526975 148.994 0.085321 0.995702 0.0360291 -10.9235 -0.0494674 0.0403496 -0.997959 340.094
-0.995103 0.0834762 0.0529491 149.121 0.0854525 0.995684 0.0362242 -10.8726 -0.0496967 0.0405714 -0.997941 337.979
-0.995079 0.0835875 0.0532077 149.22 0.0855842 0.995665 0.0364211 -10.809 -0.0499327 0.0407956 -0.99792 335.836
-0.995056 0.0836986 0.0534729 149.352 0.0857162 0.995646 0.0366196 -10.7486 -0.0501751 0.041022 -0.997898 333.715
-0.995032 0.0838095 0.0537448 149.481 0.0858485 0.995628 0.0368197 -10.6969 -0.050424 0.0412506 -0.997876 331.592
-0.994265 0.0928091 0.0531482 149.643 0.0949542 0.994703 0.0393628 -10.6152 -0.0492134 0.0441836 -0.997811 328.4
-0.994238 0.0929184 0.0534372 149.76 0.0950865 0.994682 0.0395672 -10.5537 -0.0494765 0.0444204 -0.997786 326.272
-0.994869 0.0873539 0.0510403 149.888 0.0890387 0.995523 0.0317214 -10.503 -0.0480408 0.0361032 -0.998193 324.174
-0.995523 0.0811396 0.0484673 150.068 0.0831658 0.995677 0.0413616 -10.4328 -0.0449017 0.0452073 -0.997967 320.996
-0.995501 0.0812481 0.0487802 150.18 0.0832981 0.995657 0.0415725 -10.3703 -0.0451907 0.0454487 -0.997945 318.875
-0.995475 0.0813563 0.0491001 150.289 0.0834305 0.995637 0.0417848 -10.3004 -0.0454864 0.0456922 -0.997919 316.73
-0.995449 0.0814644 0.049427 150.397 0.0835634 0.995617 0.0419988 -10.2262 -0.0457889 0.045938 -0.997894 314.544
-0.99464 0.0909812 0.0491592 150.54 0.0930857 0.994757 0.0423622 -10.1123 -0.0450472 0.0467111 -0.997894 311.233
-0.993954 0.097741 0.0500077 150.711 0.0994859 0.994469 0.0336755 -10.0021 -0.0464396 0.038447 -0.99818 307.88
-0.993927 0.0978508 0.0503657 150.9 0.0996199 0.994448 0.0338974 -9.91536 -0.0467692 0.0387089 -0.998156 304.485
-0.993896 0.0979604 0.050731 151.023 0.0997543 0.994427 0.034121 -9.84891 -0.0471057 0.0389733 -0.998129 302.18
-0.993865 0.0980695 0.0511037 151.15 0.0998888 0.994406 0.0343461 -9.79465 -0.0474495 0.0392402 -0.998101 299.864
-0.993834 0.0981784 0.0514841 151.262 0.100024 0.994384 0.0345733 -9.74113 -0.0478006 0.0395098 -0.998073 297.528
-0.993804 0.098287 0.0518755 151.447 0.100159 0.994363 0.0348033 -9.6507 -0.0481624 0.0397835 -0.998046 294.006
-0.993773 0.0983952 0.0522746 151.581 0.100294 0.994341 0.035035 -9.6008 -0.0485314 0.0400597 -0.998018 291.656
-0.993743 0.0985033 0.0526811 151.721 0.10043 0.994319 0.0352685 -9.54185 -0.0489077 0.0403385 -0.99799 289.291
-0.994051 0.0947272 0.0537558 151.866 0.0961496 0.995065 0.0245157 -9.49764 -0.0511682 0.0295384 -0.998254 286.969
-0.994223 0.091857 0.0555062 152.015 0.0928575 0.995555 0.0157168 -9.48241 -0.0538158 0.0207802 -0.998334 284.659
-0.993888 0.0930962 0.0593371 152.147 0.0948683 0.995102 0.0277782 -9.46229 -0.0564604 0.0332376 -0.997852 282.337
-0.993853 0.0932059 0.0597719 152.298 0.0950065 0.995082 0.0280183 -9.41317 -0.0568665 0.0335247 -0.99782 280.028
-0.993813 0.0933153 0.0602179 152.493 0.0951449 0.995062 0.0282612 -9.34354 -0.0572833 0.0338158 -0.997784 276.566
-0.993973 0.0930538 0.0579602 152.642 0.0939872 0.995481 0.0135861 -9.31862 -0.056434 0.0189517 -0.998227 274.279
-0.993934 0.0931692 0.0584191 152.792 0.0941256 0.995464 0.0138331 -9.31863 -0.0568653 0.0192479 -0.998195 271.986
-0.994889 0.0828975 0.0576442 152.956 0.0848734 0.995855 0.032714 -9.30521 -0.0546934 0.0374393 -0.997801 269.701
-0.994855 0.0830043 0.0581197 153.087 0.085012 0.995834 0.0329647 -9.25328 -0.0551414 0.0377359 -0.997767 267.425
-0.993425 0.0995088 0.05661 153.18 0.1001 0.994948 0.0076905 -9.23323 -0.0555588 0.0133066 -0.998367 265.2
-0.993384 0.0996266 0.0570971 153.298 0.100238 0.994932 0.00794511 -9.23406 -0.0560161 0.0136159 -0.998336 262.953
-0.993485 0.0970112 0.0598202 153.43 0.0988976 0.994663 0.0294173 -9.22046 -0.0566471 0.0351416 -0.997777 260.7
-0.993442 0.0971179 0.0603202 153.509 0.0990367 0.994641 0.0296741 -9.19983 -0.0571151 0.0354534 -0.997737 259.594
-0.993404 0.0972241 0.0608274 153.653 0.0991761 0.99462 0.0299327 -9.1693 -0.0575899 0.0357678 -0.997701 257.39
-0.993723 0.0946117 0.0596713 153.794 0.0956575 0.995303 0.0149127 -9.15401 -0.0579801 0.0205271 -0.998105 255.221
-0.993849 0.095702 0.0556992 153.924 0.0960217 0.995374 0.00308587 -9.15225 -0.0551463 0.00841523 -0.998442 253.068
-0.993951 0.0959965 0.0533505 154.088 0.0970715 0.995116 0.0179331 -9.16445 -0.0513684 0.0230035 -0.998415 249.854
-0.994708 0.0870341 0.0545745 154.226 0.0888311 0.995551 0.0314107 -9.15165 -0.0515979 0.0360925 -0.998014 247.738
-0.995296 0.0788486 0.0562937 154.355 0.0801428 0.99656 0.021112 -9.13418 -0.0544354 0.0255242 -0.998191 245.686
-0.994537 0.0854759 0.0599105 154.469 0.0859922 0.996277 0.00608888 -9.13354 -0.059167 0.0112075 -0.998185 243.707
-0.993551 0.0932903 0.0644485 154.584 0.0942003 0.99549 0.0112216 -9.1481 -0.0631109 0.0172203 -0.997858 241.786
-0.993503 0.0934042 0.0650089 154.703 0.0943415 0.995474 0.0114944 -9.16414 -0.063641 0.0175528 -0.997818 239.935
-0.993173 0.0953625 0.0671792 154.82 0.095614 0.995418 0.000530168 -9.1719 -0.0668209 0.00694982 -0.99774 238.167
-0.993122 0.0954818 0.0677518 155.012 0.0957562 0.995404 0.000806342 -9.21131 -0.0673634 0.00728845 -0.997701 235.625
-0.994008 0.0826333 0.0715308 155.151 0.0834324 0.996479 0.00825109 -9.23632 -0.0705971 0.0141697 -0.997402 234.01
-0.993549 0.0805334 0.0798368 155.335 0.0821159 0.996482 0.0167347 -9.24895 -0.0782082 0.0231826 -0.996667 231.746
-0.992912 0.0829144 0.0851673 155.45 0.083973 0.996428 0.00891711 -9.25783 -0.0841238 0.0160056 -0.996328 230.357
-0.993407 0.0712692 0.0897896 155.639 0.0734259 0.997081 0.0209463 -9.26931 -0.0880347 0.0274011 -0.99574 228.481
-0.995473 0.0622183 0.0718621 155.834 0.0638865 0.997733 0.0211504 -9.27574 -0.0703833 0.0256457 -0.997191 226.237
-0.997435 0.0671292 -0.0248375 155.835 0.0665064 0.99747 0.0251024 -9.24617 0.0264598 0.0233861 -0.999377 223.797
-0.949643 0.0958874 -0.2983 155.115 0.0883369 0.995338 0.0387254 -9.18165 0.300622 0.0104244 -0.953686 220.871
-0.818536 0.111526 -0.563527 153.774 0.0850748 0.993691 0.0730847 -9.04884 0.568122 0.0118805 -0.822859 218.727
-0.710195 0.106776 -0.695858 152.798 0.0663641 0.994184 0.0848212 -8.95052 0.700868 0.0140597 -0.71315 217.753
-0.582781 0.0948504 -0.807075 151.611 0.0509489 0.995476 0.0802023 -8.82845 0.81103 0.00562082 -0.584977 216.9
-0.448605 0.0940632 -0.888768 150.227 0.0337114 0.995519 0.0883456 -8.70612 0.893096 0.00967058 -0.449766 216.212
-0.319015 0.0997727 -0.942484 148.653 0.0252528 0.994985 0.0967829 -8.55674 0.947414 0.00707483 -0.319934 215.699
-0.216002 0.0884311 -0.97238 146.946 0.0151277 0.996074 0.0872254 -8.40211 0.976276 0.00413093 -0.216491 215.321
-0.144328 0.0897597 -0.98545 145.061 0.0242972 0.995899 0.0871528 -8.24092 0.989231 -0.011365 -0.145917 215.062
-0.111818 0.0895274 -0.989688 143.715 0.0216069 0.995917 0.0876498 -8.12121 0.993494 -0.0115833 -0.113295 214.911
-0.0909903 0.0940182 -0.991403 142.28 0.0264718 0.99541 0.0919685 -7.98569 0.995499 -0.017876 -0.0930614 214.797
-0.0759391 0.0952183 -0.992556 140.77 0.0229807 0.995333 0.0937265 -7.84985 0.996848 -0.0156922 -0.0777728 214.673
-0.054076 0.0790413 -0.995405 138.333 0.0301966 0.996536 0.0774908 -7.63542 0.998081 -0.0258675 -0.0562754 214.542
-0.0476413 0.0726584 -0.996219 136.587 0.0381138 0.996757 0.070875 -7.50575 0.998138 -0.0345932 -0.0502561 214.467
-0.0472808 0.0819286 -0.995516 134.761 0.0342283 0.996178 0.0803575 -7.36424 0.998295 -0.0302755 -0.0499043 214.371
-0.0512415 0.0972661 -0.993939 132.852 0.0302328 0.994941 0.0958056 -7.20376 0.998229 -0.0251404 -0.0539229 214.263
-0.054539 0.0864371 -0.994762 130.915 0.0330718 0.995856 0.0847188 -7.03816 0.997963 -0.0282781 -0.0571716 214.153
-0.0551808 0.0846115 -0.994885 128.968 0.0330324 0.996012 0.0828753 -6.89029 0.99793 -0.0282903 -0.0577556 214.051
-0.0558206 0.0836325 -0.994932 126.998 0.0330049 0.996096 0.0818786 -6.73709 0.997895 -0.0282671 -0.0583629 213.927
-0.0623128 0.0958731 -0.993442 125.015 0.0367877 0.99492 0.0937083 -6.58567 0.997379 -0.0307073 -0.0655232 213.805
-0.0629171 0.0961496 -0.993376 124.029 0.0367762 0.994896 0.0939674 -6.50644 0.997341 -0.0306205 -0.0661319 213.732
-0.0699948 0.0852482 -0.993898 122.06 0.0368381 0.995883 0.0828242 -6.35534 0.996867 -0.0308161 -0.072847 213.582
-0.0702893 0.0872852 -0.9937 120.078 0.0368365 0.995712 0.0848562 -6.21616 0.996846 -0.0306399 -0.0732032 213.421
-0.070502 0.0897582 -0.993465 119.095 0.0368365 0.995498 0.0873277 -6.14133 0.996831 -0.0304389 -0.073491 213.341
-0.0708891 0.0894102 -0.99347 118.105 0.0366698 0.995535 0.0869796 -6.06891 0.996811 -0.0302645 -0.0738513 213.262
-0.0713148 0.0890778 -0.993469 117.122 0.0365055 0.99557 0.0866457 -6.00484 0.996787 -0.030088 -0.0742507 213.19
-0.0717791 0.0887612 -0.993464 116.14 0.0363441 0.995604 0.0863265 -5.92708 0.996759 -0.0299101 -0.0746894 213.113
-0.0810846 0.0792177 -0.993554 114.112 0.0358212 0.996424 0.0765231 -5.78221 0.996063 -0.0293855 -0.0836323 212.929
-0.0576207 0.0712822 -0.99579 112.102 0.0305845 0.997106 0.0696066 -5.63792 0.99787 -0.026445 -0.059634 212.735
-0.041066 0.0668861 -0.996916 111.2 0.0347185 0.99725 0.0654785 -5.59787 0.998554 -0.0319225 -0.0432752 212.745
-0.053088 0.0711725 -0.996051 110.317 0.0402032 0.9968 0.0690834 -5.56897 0.997781 -0.0363769 -0.0557795 212.765
-0.0463937 0.0718935 -0.996333 108.41 0.0394868 0.996759 0.0700856 -5.46316 0.998142 -0.0360904 -0.0490821 212.622
-0.0439051 0.0699365 -0.996585 106.464 0.0353027 0.997032 0.0684126 -5.34009 0.998412 -0.0321785 -0.0462438 212.53
-0.047947 0.0808704 -0.995572 104.543 0.0467294 0.995807 0.0786392 -5.22606 0.997757 -0.042752 -0.051525 212.478
-0.0403284 0.0688843 -0.996809 102.685 0.0451335 0.996728 0.0670526 -5.0714 0.998166 -0.0422853 -0.0433055 212.34
-0.0501353 0.0787555 -0.995632 100.875 0.044573 0.996069 0.0765456 -5.01789 0.997747 -0.0405407 -0.0534486 212.299
-0.0311996 0.083332 -0.996033 99.006 0.0441104 0.995662 0.0819192 -4.90539 0.998539 -0.0413795 -0.0347401 212.095
-0.0415858 0.0750052 -0.996315 97.2753 0.0430137 0.996388 0.0732153 -4.73386 0.998208 -0.0398105 -0.0446618 212.134
-0.0322832 0.0772314 -0.99649 95.5555 0.0446199 0.996127 0.0757577 -4.65995 0.998482 -0.0420175 -0.0356043 212
-0.0291907 0.076623 -0.996632 93.9809 0.0455455 0.996124 0.0752498 -4.56872 0.998535 -0.0431955 -0.0325674 211.965
-0.0196317 0.0778673 -0.996771 91.8619 0.0451585 0.996014 0.0769188 -4.44908 0.998787 -0.0435026 -0.0230698 211.914
-0.0591613 0.0918674 -0.994012 89.3588 0.0485796 0.994842 0.0890527 -4.31487 0.997065 -0.0430202 -0.063319 212.004
