0.999622 0.0159664 -0.0223757 -7.7482 -0.0165284 0.999547 -0.025161 -1.69195 0.0219638 0.0255213 0.999433 285.151
0.999622 0.0159664 -0.0223757 -7.81313 -0.0165284 0.999547 -0.025161 -1.77877 0.0219638 0.0255213 0.999433 287.619
0.999671 0.0152938 -0.0206119 -7.86616 -0.0159907 0.999291 -0.0340806 -1.88353 0.020076 0.0343989 0.999207 290.096
0.999648 0.0146463 -0.0221406 -7.9188 -0.0153326 0.999397 -0.0311547 -1.99548 0.021671 0.0314832 0.999269 292.567
0.999615 0.0140237 -0.0239592 -7.98657 -0.0146831 0.999512 -0.0275691 -2.09509 0.0235609 0.0279102 0.999333 295.075
0.9995 0.0181591 -0.0258678 -8.07018 -0.0185508 0.999716 -0.0149839 -2.17813 0.0255883 0.0154563 0.999553 297.613
0.999323 0.0239774 -0.0278995 -8.16483 -0.0245351 0.999502 -0.0198242 -2.24976 0.0274103 0.0204953 0.999414 300.144
0.999089 0.0298825 -0.0304738 -8.25265 -0.0306768 0.999193 -0.0259401 -2.31892 0.029674 0.0268513 0.999199 302.669
0.999089 0.0288312 -0.0314503 -8.34856 -0.029631 0.999241 -0.025268 -2.4153 0.030698 0.0261769 0.999186 305.19
0.999113 0.027746 -0.0316654 -8.44026 -0.0285576 0.999268 -0.0254708 -2.49763 0.0309355 0.0263525 0.999174 307.759
0.99903 0.0278106 -0.0341436 -8.53493 -0.0286648 0.999282 -0.0247863 -2.58575 0.0334298 0.025741 0.99911 310.301
0.999022 0.027819 -0.0343775 -8.64097 -0.0286854 0.999276 -0.024973 -2.67402 0.0336579 0.0259348 0.999097 312.844
0.999089 0.0277643 -0.032402 -8.75855 -0.0286135 0.999251 -0.0260449 -2.76715 0.0316546 0.0269483 0.999136 315.391
0.999222 0.0276536 -0.0281233 -8.84049 -0.0284418 0.999203 -0.0280248 -2.87105 0.0273259 0.0288028 0.999212 317.928
0.999339 0.0283272 -0.0227913 -8.92524 -0.0290103 0.999122 -0.0302218 -2.97043 0.0219152 0.030863 0.999283 320.402
0.99939 0.0290446 -0.019381 -8.99197 -0.029656 0.999046 -0.032041 -3.08148 0.0184319 0.0325963 0.999299 322.882
0.999396 0.0297928 -0.0178692 -9.05002 -0.0303807 0.998974 -0.0335809 -3.19096 0.0168504 0.0341036 0.999276 325.333
0.999366 0.0305691 -0.0182573 -9.10478 -0.0311909 0.998907 -0.0348046 -3.30576 0.0171734 0.0353519 0.999227 327.784
0.999435 0.0250801 -0.0223764 -9.14367 -0.0257441 0.999221 -0.0298987 -3.40144 0.0216091 0.0304579 0.999302 330.238
0.999555 0.0171253 -0.0244274 -9.20306 -0.0179996 0.999189 -0.036031 -3.5289 0.0237905 0.0364546 0.999052 332.73
0.999547 0.0173842 -0.0245822 -9.26955 -0.0182293 0.999235 -0.0345856 -3.65441 0.0239621 0.035018 0.999099 335.177
0.999541 0.0177092 -0.0245805 -9.32084 -0.0184483 0.999374 -0.0301778 -3.76701 0.0240307 0.0306174 0.999242 337.582
0.999526 0.0181633 -0.024873 -9.42025 -0.0187008 0.999593 -0.0215515 -3.92775 0.0244714 0.0220064 0.999458 341.061
0.99954 0.0184789 -0.0240508 -9.49179 -0.0189504 0.99963 -0.0195301 -4.0162 0.023681 0.0199769 0.99952 343.254
0.999556 0.0187787 -0.0231362 -9.56883 -0.0191978 0.999653 -0.0180261 -4.13353 0.0227896 0.0184623 0.99957 346.442
0.999574 0.0190643 -0.0221126 -9.63574 -0.0194426 0.999666 -0.0170214 -4.24119 0.0217807 0.0174441 0.999611 349.471
0.999593 0.0193416 -0.0209878 -9.66884 -0.0196863 0.999673 -0.0163406 -4.30823 0.0206649 0.0167471 0.999646 351.418
0.999613 0.0196119 -0.0197516 -9.69545 -0.0199286 0.999674 -0.0159659 -4.36895 0.019432 0.0163533 0.999677 353.273
0.999663 0.019389 -0.0172746 -9.73252 -0.0196143 0.999723 -0.0129706 -4.42741 0.0170183 0.013305 0.999767 355.015
0.999711 0.0206511 -0.0122825 -9.75779 -0.0208785 0.999607 -0.0186903 -4.48512 0.0118917 0.0189414 0.99975 356.645
0.999721 0.0204593 -0.0117762 -9.77572 -0.0206552 0.999646 -0.0167574 -4.53806 0.0114292 0.016996 0.99979 358.184
0.999715 0.0202888 -0.0125996 -9.79976 -0.0204834 0.99967 -0.0155139 -4.61354 0.0122807 0.0157676 0.9998 360.302
0.999138 0.0271582 -0.0313867 -9.8686 -0.0277891 0.999417 -0.0198404 -4.68151 0.0308295 0.0206955 0.99931 362.174
0.995422 0.0316986 -0.0901684 -10.0451 -0.0332402 0.999325 -0.0156465 -4.75842 0.0896116 0.0185721 0.995804 364.375
0.950971 0.0315214 -0.307669 -10.7132 -0.0316087 0.999489 0.0047007 -4.8152 0.30766 0.00525479 0.951482 366.718
0.834343 0.0553918 -0.548456 -11.7375 -0.0385697 0.998366 0.0421565 -4.80153 0.549895 -0.0140193 0.835116 368.249
0.573299 0.0753252 -0.815876 -13.526 -0.0294353 0.997016 0.0713652 -4.68323 0.818817 -0.0168981 0.573806 369.683
0.209003 0.0542989 -0.976407 -15.9583 0.0119478 0.998241 0.0580706 -4.51106 0.977842 -0.0238029 0.207987 370.423
0.0198604 0.063808 -0.997766 -17.639 0.0145385 0.997837 0.064102 -4.40409 0.999698 -0.0157791 0.0188898 370.433
-0.094473 0.0661673 -0.993326 -19.3636 0.00581498 0.997808 0.0659128 -4.29385 0.995511 0.000450789 -0.0946508 370.219
-0.144224 0.0754774 -0.986663 -21.8363 -0.00353075 0.997041 0.0767874 -4.12901 0.98954 0.0145582 -0.143531 369.825
-0.143754 0.0477605 -0.988461 -24.5384 0.00321855 0.998852 0.0477945 -3.95429 0.989609 0.00368925 -0.143743 369.433
-0.136263 0.052023 -0.989307 -26.8066 -0.000589943 0.998616 0.0525938 -3.8461 0.990673 0.00775018 -0.136044 369.113
-0.123652 0.0486841 -0.99113 -28.4128 -0.0147948 0.998594 0.0508965 -3.76544 0.992215 0.020957 -0.122758 368.886
-0.105448 0.0504636 -0.993143 -30.0968 -0.0241277 0.998288 0.0532868 -3.68007 0.994132 0.0295812 -0.10405 368.689
-0.0867195 0.0589456 -0.994487 -31.8597 -0.033699 0.997503 0.0620629 -3.5889 0.995662 0.0388953 -0.0845166 368.515
-0.0614261 0.0613619 -0.996225 -34.6314 -0.032479 0.997457 0.0634405 -3.42623 0.997584 0.0362532 -0.0592769 368.325
-0.0509894 0.0757629 -0.995822 -37.4982 -0.0283052 0.996608 0.077272 -3.23974 0.998299 0.0321269 -0.048672 368.169
-0.0501074 0.0764705 -0.995813 -39.4362 -0.0293385 0.996521 0.0780012 -3.10107 0.998314 0.033124 -0.0476895 368.059
-0.0481812 0.0745036 -0.996055 -42.4757 -0.0304351 0.996642 0.0760196 -2.88739 0.998374 0.0339779 -0.0457519 367.902
-0.0457162 0.0707616 -0.996445 -44.5471 -0.0315595 0.996888 0.0722409 -2.7457 0.998455 0.0347499 -0.0433407 367.802
-0.0433462 0.0718526 -0.996473 -46.7079 -0.0317219 0.996808 0.0732567 -2.60483 0.998556 0.0347854 -0.0409285 367.699
-0.0408251 0.0730135 -0.996494 -48.8894 -0.0318962 0.996723 0.074337 -2.46906 0.998656 0.0348193 -0.0383624 367.605
-0.0382161 0.0742822 -0.996504 -51.0723 -0.0320795 0.996628 0.0755217 -2.33039 0.998753 0.0348536 -0.0357043 367.506
-0.035518 0.0757779 -0.996492 -53.2778 -0.0322746 0.996514 0.0769299 -2.17984 0.998848 0.0348937 -0.0329485 367.407
-0.0327322 0.0775072 -0.996454 -55.4748 -0.032482 0.996379 0.0785684 -2.02944 0.998936 0.0349385 -0.0300961 367.309
-0.0343214 0.0757193 -0.996538 -57.647 -0.0328366 0.996502 0.0768474 -1.8881 0.998871 0.0353604 -0.0317149 367.231
-0.0349513 0.0752221 -0.996555 -59.8571 -0.0332635 0.996523 0.0763863 -1.74086 0.998836 0.0358186 -0.0323277 367.149
-0.0346705 0.0759745 -0.996508 -62.0167 -0.033759 0.996448 0.0771445 -1.60217 0.998829 0.0363156 -0.0319826 367.062
-0.0335038 0.0779586 -0.996393 -64.1725 -0.0343238 0.996275 0.0791035 -1.46748 0.998849 0.0368503 -0.0307032 366.972
-0.031422 0.0812017 -0.996202 -66.322 -0.0349627 0.995995 0.0822876 -1.3229 0.998895 0.0374155 -0.0284571 366.894
-0.0180039 0.0808389 -0.996564 -69.4978 -0.0380542 0.995949 0.0814764 -1.11283 0.999113 0.0393904 -0.0148547 366.803
-0.0105053 0.0865286 -0.996193 -71.6156 -0.0377332 0.995505 0.0868667 -0.966708 0.999232 0.0385022 -0.00719306 366.771
0.00273452 0.0965625 -0.995322 -74.7214 -0.0378675 0.994623 0.0963906 -0.728951 0.999278 0.0374269 0.0063764 366.783
0.0107953 0.0852085 -0.996304 -77.6782 -0.0313188 0.995903 0.0848348 -0.500501 0.999451 0.0302873 0.0134197 366.814
0.00604328 0.0777921 -0.996951 -79.5626 -0.0301399 0.996531 0.0775766 -0.376542 0.999527 0.0295793 0.00836697 366.84
0.0072666 0.0715849 -0.997409 -82.2223 -0.0302862 0.996993 0.0713345 -0.222523 0.999515 0.0296893 0.00941279 366.854
-0.00714334 0.0684979 -0.997625 -84.8217 -0.0178957 0.997483 0.0686163 -0.0798617 0.999813 0.0183434 -0.00589954 366.865
-0.0452371 0.06925 -0.996572 -87.4174 -0.0134217 0.997462 0.069921 0.0699252 0.998885 0.0165388 -0.0441929 366.794
-0.0871997 0.0591286 -0.994434 -89.9851 -0.0180938 0.997978 0.060926 0.211522 0.996026 0.0233059 -0.0859535 366.593
-0.110584 0.0576213 -0.992195 -92.587 -0.0266408 0.997787 0.0609153 0.345493 0.993509 0.0331692 -0.108804 366.3
-0.113144 0.0585385 -0.991853 -95.2488 -0.026803 0.99772 0.0619422 0.489233 0.993217 0.033593 -0.111317 365.97
-0.106454 0.0873751 -0.990471 -98.0502 -0.0320401 0.995313 0.0912458 0.672076 0.993801 0.0414482 -0.103155 365.671
-0.0933021 0.0838422 -0.992101 -99.967 -0.0450276 0.995073 0.088328 0.837252 0.994618 0.0529132 -0.0890672 365.461
-0.0759012 0.0733933 -0.99441 -101.937 -0.04963 0.995773 0.0772821 1.00975 0.995878 0.0552185 -0.0719378 365.281
-0.0631006 0.0877791 -0.99414 -104.075 -0.0440218 0.99491 0.0906413 1.17831 0.997036 0.0494833 -0.0589153 365.151
-0.0541785 0.0687891 -0.996158 -106.243 -0.0461277 0.996387 0.0713136 1.35675 0.997464 0.0498142 -0.0508097 365.033
-0.0446687 0.0771109 -0.996021 -108.452 -0.0592803 0.995055 0.0796946 1.50417 0.997242 0.0626043 -0.0398767 364.901
-0.0322153 0.0603987 -0.997653 -110.718 -0.0596333 0.996278 0.062241 1.65232 0.997699 0.0614986 -0.0284936 364.81
-0.0181402 0.0596479 -0.998054 -113.052 -0.0485631 0.996988 0.0604669 1.7893 0.998655 0.0495656 -0.0151889 364.762
-0.00197438 0.0777357 -0.996972 -115.447 -0.0464659 0.99589 0.0777433 1.93596 0.998918 0.0464787 0.00164579 364.743
0.00770513 0.0752029 -0.997138 -117.793 -0.0483344 0.996031 0.0747459 2.0996 0.998801 0.0476202 0.0113094 364.751
0.00905452 0.0750881 -0.997137 -120.122 -0.0488528 0.996019 0.0745604 2.24612 0.998766 0.0480377 0.0126867 364.779
0.0109462 0.0745862 -0.997155 -122.459 -0.0494042 0.996037 0.0739602 2.40227 0.998719 0.048454 0.0145877 364.793
0.00965717 0.0626756 -0.997987 -124.773 -0.0404993 0.997239 0.0622367 2.53927 0.999133 0.0398167 0.0121688 364.818
0.000211355 0.0593166 -0.998239 -127.1 -0.0262168 0.997896 0.0592907 2.65572 0.999656 0.0261582 0.001766 364.843
-0.010117 0.0657587 -0.997784 -129.413 -0.0276986 0.997434 0.0660165 2.77162 0.999565 0.0283051 -0.00826964 364.818
-0.0170457 0.0589484 -0.998116 -131.743 -0.0385327 0.99748 0.0595689 2.90133 0.999112 0.0394754 -0.0147313 364.764
-0.0161121 0.0591861 -0.998117 -134.088 -0.0380084 0.997489 0.0597624 3.0138 0.999148 0.0388997 -0.013822 364.716
-0.0207126 0.0735532 -0.997077 -136.433 -0.0304946 0.99678 0.0741648 3.13369 0.999321 0.0319416 -0.0184029 364.679
-0.0231686 0.0747833 -0.996931 -137.603 -0.0297796 0.996704 0.0754584 3.20623 0.999288 0.0314364 -0.0208652 364.652
-0.0287636 0.0633172 -0.99758 -139.891 -0.0352924 0.997305 0.0643174 3.33944 0.998964 0.0370569 -0.0264515 364.586
-0.0319429 0.0616249 -0.997589 -141.03 -0.035844 0.997385 0.0627601 3.40568 0.998847 0.0377623 -0.0296505 364.555
-0.0346717 0.0601776 -0.997585 -142.168 -0.0364239 0.997446 0.0614352 3.4602 0.998735 0.038466 -0.0323912 364.513
-0.0425727 0.0688774 -0.996717 -144.431 -0.0294832 0.9971 0.0701632 3.58685 0.998659 0.0323734 -0.0404185 364.449
-0.0435269 0.0683978 -0.996709 -146.677 -0.0301807 0.997108 0.0697432 3.71649 0.998597 0.0331171 -0.0413367 364.331
-0.044038 0.068155 -0.996703 -147.788 -0.0309055 0.9971 0.0695476 3.77356 0.998553 0.0338663 -0.0418039 364.27
-0.0481521 0.0601212 -0.997028 -149.994 -0.0328137 0.997553 0.0617376 3.8928 0.9983 0.0356891 -0.0460614 364.159
-0.04999 0.0733923 -0.996049 -153.351 -0.0281007 0.996798 0.0748578 4.06365 0.998354 0.0317318 -0.0477675 363.981
-0.0473969 0.0747926 -0.996072 -155.542 -0.0290133 0.996669 0.076218 4.20384 0.998454 0.0325118 -0.045069 363.866
-0.0446221 0.0754493 -0.996151 -158.791 -0.0303728 0.996581 0.0768424 4.40156 0.998542 0.0336847 -0.0421779 363.702
-0.0431781 0.0658413 -0.996896 -160.911 -0.0267557 0.997392 0.0670329 4.52649 0.998709 0.0295669 -0.0413038 363.602
-0.0437937 0.0660914 -0.996853 -163.039 -0.0279151 0.997339 0.06735 4.64695 0.998651 0.0307767 -0.0418322 363.509
-0.046006 0.0661974 -0.996745 -165.135 -0.0289848 0.997293 0.0675717 4.76104 0.99852 0.0319992 -0.0439628 363.409
-0.0398316 0.0585625 -0.997488 -167.227 -0.0423459 0.997285 0.0602415 4.87134 0.998308 0.0446391 -0.0372436 363.283
-0.0304278 0.0639252 -0.99749 -169.36 -0.0464507 0.996784 0.0652969 4.97947 0.998457 0.048321 -0.0273606 363.178
-0.0155847 0.0596055 -0.9981 -172.563 -0.0363258 0.997529 0.0601386 5.15165 0.999218 0.0371941 -0.013381 363.123
-0.00565118 0.0553769 -0.99845 -174.722 -0.0267993 0.998098 0.0555091 5.25715 0.999625 0.0270714 -0.00415637 363.104
0.00201237 0.066211 -0.997804 -176.888 -0.0152757 0.997691 0.0661727 5.36598 0.999881 0.015109 0.00301914 363.113
0.00304342 0.0658281 -0.997827 -179.076 -0.014983 0.997722 0.0657755 5.49673 0.999884 0.0147502 0.00402279 363.125
0.00404825 0.065447 -0.997848 -180.16 -0.0146887 0.997752 0.0653812 5.55319 0.999884 0.0143924 0.00500047 363.116
0.010422 0.0677825 -0.997647 -182.347 -0.026797 0.99736 0.0674832 5.67696 0.999587 0.0260306 0.0122109 363.105
0.0200745 0.0631796 -0.9978 -184.571 -0.0371258 0.99736 0.0624048 5.8084 0.999109 0.0357914 0.0223671 363.115
0.0307851 0.0656926 -0.997365 -186.81 -0.0413859 0.997066 0.0643954 5.92738 0.998669 0.0392944 0.0334135 363.147
0.0315692 0.06535 -0.997362 -189.084 -0.0410686 0.997102 0.064033 6.05484 0.998657 0.0389388 0.0341615 363.234
0.0322942 0.0650103 -0.997361 -191.361 -0.0407476 0.997138 0.0636764 6.17839 0.998646 0.0385838 0.0348508 363.312
0.0329603 0.0646739 -0.997363 -193.634 -0.0404238 0.997174 0.0633258 6.29225 0.99864 0.0382299 0.0354815 363.387
0.0335702 0.0643404 -0.997362 -195.904 -0.0400967 0.997209 0.0629809 6.40537 0.998631 0.0378767 0.0360564 363.463
0.0341213 0.06401 -0.997365 -198.157 -0.0397667 0.997244 0.0626417 6.51574 0.998626 0.0375246 0.0365727 363.542
0.0346135 0.0636828 -0.997371 -200.413 -0.0394338 0.997278 0.0623083 6.6256 0.998623 0.0371733 0.0370305 363.623
0.0350497 0.0633586 -0.997375 -202.644 -0.039098 0.997311 0.0619805 6.73151 0.998621 0.036823 0.0374327 363.707
0.0436579 0.0693416 -0.996637 -204.865 -0.0391931 0.996939 0.0676457 6.84278 0.998278 0.036108 0.046242 363.789
0.0549668 0.0718708 -0.995897 -207.05 -0.0442542 0.996601 0.0694791 6.9565 0.997506 0.0402538 0.0579606 363.896
0.0688882 0.0684205 -0.995276 -209.18 -0.0462323 0.996792 0.0653248 7.06417 0.996553 0.0415137 0.0718305 364.029
0.0809449 0.0680867 -0.99439 -211.247 -0.0441047 0.996932 0.0646705 7.16159 0.995742 0.0386226 0.0836995 364.187
0.0811155 0.0677784 -0.994397 -213.235 -0.0437419 0.996966 0.0643854 7.25092 0.995743 0.0382743 0.0838341 364.364
0.0864064 0.0748663 -0.993444 -215.191 -0.0395941 0.996643 0.0716636 7.3454 0.995474 0.0331422 0.0890806 364.532
0.0864797 0.0745631 -0.993458 -217.075 -0.039225 0.996677 0.0713901 7.43534 0.99548 0.0327947 0.0891171 364.707
0.0918497 0.0650789 -0.993645 -218.882 -0.0432098 0.997183 0.0613165 7.54015 0.994835 0.0373032 0.0944029 364.869
0.102303 0.0861159 -0.991018 -220.622 -0.0509572 0.995391 0.0812355 7.6203 0.993447 0.042189 0.10622 365.031
0.119695 0.0809054 -0.98951 -222.256 -0.0570732 0.995587 0.0744985 7.72214 0.99117 0.0475573 0.123784 365.21
0.14183 0.0790316 -0.986731 -223.782 -0.0541878 0.995933 0.0719799 7.79858 0.988406 0.0432599 0.145535 365.438
0.205176 0.0629499 -0.976699 -226.52 -0.0403322 0.997626 0.055826 7.9277 0.977894 0.0279382 0.207228 366.006
0.253422 0.0609225 -0.965436 -229.458 -0.0130295 0.998139 0.059566 8.03587 0.967268 -0.00251616 0.253744 366.8
0.253159 0.0606505 -0.965521 -231.018 -0.012607 0.998155 0.0593948 8.10723 0.967342 -0.00286394 0.253456 367.222
0.231808 0.0643564 -0.970631 -232.451 -0.0127238 0.997924 0.0631274 8.16108 0.972679 -0.00228331 0.232145 367.565
0.195727 0.0597787 -0.978835 -233.727 -0.00767571 0.998203 0.0594267 8.22546 0.980628 -0.00411814 0.195834 367.81
0.111662 0.0626844 -0.991766 -235.372 -0.0103093 0.998028 0.0619194 8.2984 0.993692 0.00331046 0.112088 367.978
0.0329892 0.0650445 -0.997337 -236.951 -0.0138022 0.997815 0.0646191 8.37474 0.99936 0.0116337 0.0338149 368.016
-0.00639957 0.0623834 -0.998032 -238.577 -0.028917 0.997623 0.0625433 8.46342 0.999562 0.0292603 -0.00458042 367.962
-0.00687577 0.0621162 -0.998045 -239.434 -0.0285422 0.99765 0.0622883 8.50887 0.999569 0.0289147 -0.00508668 367.947
-0.00737789 0.0618508 -0.998058 -240.303 -0.0281664 0.997676 0.0620354 8.55296 0.999576 0.0285694 -0.00561863 367.941
0.0138327 0.0600341 -0.9981 -241.59 -0.0403967 0.997415 0.059433 8.62016 0.999088 0.0394978 0.0162221 367.952
0.0553425 0.0647343 -0.996366 -243.307 -0.0480847 0.996911 0.0620989 8.70772 0.997308 0.0444733 0.0582843 368.056
0.133986 0.059274 -0.989209 -246.375 -0.0549461 0.997118 0.0523056 8.83768 0.989459 0.0473449 0.136857 368.416
-0.0238025 0.0475313 -0.998587 -249.889 -0.034384 0.998239 0.0483343 8.96213 0.999126 0.0354858 -0.0221262 368.707
-0.332524 0.053832 -0.941557 -252.468 -0.0211622 0.997692 0.0645151 9.11744 0.942858 0.0413782 -0.330617 368.022
-0.589081 0.0540528 -0.806262 -254.464 0.0105159 0.998189 0.0592365 9.26 0.808003 0.0264166 -0.588582 366.806
-0.726656 0.0636533 -0.684046 -255.545 0.0268133 0.997567 0.0643443 9.33509 0.686478 0.0284146 -0.726595 365.614
-0.841241 0.0740277 -0.535567 -256.531 0.046503 0.996818 0.0647385 9.43129 0.538655 0.0295553 -0.842007 364.138
-0.893703 0.0717694 -0.442879 -257.05 0.048862 0.996821 0.0629359 9.5226 0.445988 0.0346061 -0.894369 362.989
-0.929312 0.0719893 -0.36221 -257.525 0.052612 0.99662 0.0630932 9.59729 0.365528 0.0395767 -0.929958 361.721
-0.954587 0.0745074 -0.288473 -257.941 0.0589793 0.996322 0.062164 9.67898 0.292044 0.0423269 -0.95547 360.345
-0.970577 0.078643 -0.227593 -258.288 0.0686893 0.996316 0.0513421 9.75948 0.230792 0.0341982 -0.972403 358.876
-0.981179 0.0833058 -0.174206 -258.581 0.0774054 0.996181 0.0404066 9.83748 0.176907 0.0261617 -0.983879 357.311
-0.988033 0.0940505 -0.122252 -258.818 0.089395 0.995066 0.0430365 9.90417 0.125697 0.0315928 -0.991565 355.638
-0.992298 0.093098 -0.0816969 -258.961 0.0898863 0.99506 0.0421545 9.97635 0.0852178 0.0344865 -0.995764 353.88
-0.995003 0.0790091 -0.0610645 -259.05 0.0769892 0.996426 0.0347558 10.0421 0.0635923 0.0298808 -0.99753 352.039
-0.995092 0.0787741 -0.0598623 -259.197 0.0768151 0.996453 0.0343542 10.1456 0.0623562 0.0295873 -0.997614 349.089
-0.995185 0.07854 -0.0586337 -259.326 0.0766417 0.99648 0.0339539 10.2132 0.0610941 0.0292966 -0.997702 347.02
-0.995278 0.0783064 -0.0573781 -259.445 0.0764687 0.996507 0.0335554 10.2806 0.0598053 0.0290093 -0.99779 344.882
-0.995367 0.0780734 -0.0560953 -259.551 0.0762961 0.996534 0.0331585 10.3463 0.0584896 0.0287251 -0.997874 342.691
-0.995461 0.077841 -0.0547846 -259.668 0.0761239 0.99656 0.0327636 10.4008 0.0571465 0.0284444 -0.997962 340.457
-0.99555 0.0776089 -0.0534453 -259.778 0.0759519 0.996586 0.032371 10.4499 0.0557752 0.0281677 -0.998046 338.179
-0.99564 0.0773776 -0.0520775 -259.887 0.0757803 0.996612 0.0319801 10.5173 0.0543755 0.0278942 -0.99813 335.856
-0.995785 0.0809478 -0.0431431 -259.996 0.0790901 0.995933 0.0431557 10.5861 0.046461 0.0395616 -0.998137 333.471
-0.995863 0.0807009 -0.0417187 -260.091 0.0789172 0.995963 0.0427696 10.6613 0.0450019 0.0393004 -0.998212 331.08
-0.996597 0.0733958 -0.0375548 -260.173 0.0727967 0.997201 0.0170819 10.7145 0.0387034 0.0142899 -0.99915 328.711
-0.997222 0.0683509 -0.0296222 -260.24 0.0675258 0.997324 0.0280148 10.7278 0.0314578 0.0259367 -0.999169 326.341
-0.997672 0.0657779 -0.0179354 -260.288 0.0650142 0.997071 0.0402736 10.7869 0.020532 0.0390138 -0.999027 323.99
-0.997838 0.0654516 -0.0059692 -260.303 0.0651922 0.997207 0.0364528 10.8537 0.00833842 0.0359849 -0.999317 321.61
-0.997842 0.0653403 0.00646615 -260.276 0.065535 0.997171 0.0368209 10.9053 -0.00404197 0.0371652 -0.999301 319.276
-0.997463 0.0682747 0.0202443 -260.261 0.0690165 0.996871 0.0385419 10.9632 -0.0175495 0.0398412 -0.999053 316.91
-0.996983 0.0699398 0.033692 -260.188 0.0712053 0.996739 0.0379497 11.0204 -0.030928 0.0402342 -0.998713 314.584
-0.99621 0.0732789 0.0468261 -260.106 0.0750227 0.996509 0.0366335 11.0799 -0.0439782 0.0400077 -0.99823 312.245
-0.995506 0.0747724 0.0580973 -259.973 0.0768581 0.996444 0.0345319 11.1316 -0.0553087 0.0388419 -0.997713 309.938
-0.994363 0.0804479 0.0690705 -259.831 0.0827762 0.996069 0.0315315 11.1737 -0.0662623 0.0370711 -0.997114 307.648
-0.993082 0.0852891 0.080737 -259.659 0.0880269 0.995636 0.0309748 11.2186 -0.0777429 0.0378675 -0.996256 305.363
-0.991862 0.0880888 0.0919284 -259.461 0.0912783 0.99534 0.0310795 11.2675 -0.0887623 0.0392177 -0.995281 303.086
-0.991721 0.0878383 0.093666 -259.24 0.0910651 0.99537 0.0307428 11.3008 -0.090532 0.039018 -0.995129 300.831
-0.991576 0.0875879 0.0954228 -259.006 0.090852 0.9954 0.0304084 11.3383 -0.0923205 0.0388216 -0.994972 298.572
-0.991427 0.0873373 0.097199 -258.771 0.0906387 0.99543 0.0300764 11.3797 -0.0941279 0.0386285 -0.994812 296.305
-0.991271 0.0870865 0.0989949 -258.55 0.0904252 0.995459 0.0297462 11.4219 -0.0959548 0.0384381 -0.994644 294.014
-0.99111 0.0868358 0.10081 -258.305 0.0902117 0.995488 0.0294179 11.4664 -0.0978005 0.0382506 -0.994472 291.734
-0.990942 0.086585 0.102644 -258.068 0.0899982 0.995517 0.029092 11.5036 -0.0996654 0.0380663 -0.994292 289.443
-0.99077 0.086334 0.104498 -257.811 0.0897843 0.995546 0.0287682 11.5426 -0.101549 0.0378849 -0.994108 287.139
-0.990594 0.0860833 0.106362 -257.687 0.0895703 0.995574 0.0284455 11.5665 -0.103442 0.0377048 -0.99392 285.982
-0.99041 0.0858323 0.108245 -257.434 0.0893559 0.995603 0.028125 11.6054 -0.105355 0.0375277 -0.993725 283.645
-0.990223 0.0855812 0.110147 -257.159 0.0891415 0.995631 0.0278069 11.6382 -0.107286 0.0373537 -0.993525 281.324
-0.990031 0.0853302 0.112068 -256.871 0.0889272 0.995659 0.0274907 11.6801 -0.109236 0.0371825 -0.993322 278.98
-0.989476 0.0790659 0.121171 -256.584 0.0826382 0.996273 0.0247381 11.722 -0.118764 0.0344912 -0.992322 276.622
-0.989257 0.0788196 0.12312 -256.423 0.0824208 0.996298 0.024427 11.7403 -0.120739 0.0343122 -0.992092 275.437
-0.987968 0.0768793 0.134198 -256.115 0.0808754 0.996421 0.0245772 11.7768 -0.131828 0.0351348 -0.99065 273.064
-0.987718 0.0766311 0.136171 -255.946 0.0806546 0.996447 0.0242716 11.7916 -0.133827 0.0349563 -0.990388 271.881
-0.987459 0.0763829 0.138153 -255.776 0.0804331 0.996472 0.0239675 11.8031 -0.135835 0.034779 -0.990119 270.682
-0.985621 0.075874 0.150979 -255.429 0.0809048 0.996344 0.0274534 11.8353 -0.148344 0.0392736 -0.988156 268.294
-0.983798 0.0728248 0.163823 -255.035 0.078764 0.99644 0.0300463 11.8725 -0.161052 0.0424628 -0.986033 265.901
-0.981705 0.0708895 0.176717 -254.616 0.0765787 0.996735 0.0255759 11.9226 -0.174327 0.0386407 -0.983929 263.503
-0.979045 0.0717404 0.190599 -254.175 0.0773116 0.996765 0.0219467 11.9509 -0.188408 0.0362223 -0.981425 261.101
-0.976856 0.068487 0.202629 -253.671 0.0749101 0.996897 0.0241924 11.9833 -0.200343 0.0388115 -0.978955 258.688
-0.976448 0.0682279 0.20468 -253.405 0.0746711 0.996921 0.0239134 12.0009 -0.202418 0.0386339 -0.978536 257.466
-0.976031 0.0679691 0.206736 -253.138 0.0744318 0.996946 0.0236358 12.0169 -0.204498 0.0384571 -0.978109 256.244
-0.973071 0.0716769 0.219083 -252.622 0.0780752 0.996733 0.0206767 12.0456 -0.216885 0.0372248 -0.975488 253.815
-0.97262 0.07142 0.221156 -252.343 0.0778322 0.996758 0.0204054 12.0581 -0.218981 0.0370598 -0.975025 252.612
-0.968857 0.0769498 0.235353 -251.778 0.0840729 0.996251 0.0203667 12.0711 -0.232904 0.0395193 -0.971695 250.19
-0.965884 0.0764093 0.247452 -251.182 0.0848957 0.996106 0.023793 12.0869 -0.24467 0.0439888 -0.96861 247.817
-0.965366 0.0761354 0.249547 -250.554 0.0846459 0.996133 0.0235353 12.1124 -0.24679 0.0438432 -0.968078 245.421
-0.962818 0.0795225 0.258178 -249.922 0.0860989 0.996185 0.0142482 12.1323 -0.25606 0.0359473 -0.965992 243.032
-0.962271 0.0792646 0.260292 -249.275 0.0858466 0.99621 0.0139975 12.141 -0.258196 0.0358146 -0.965428 240.622
-0.961716 0.0790061 0.262416 -248.611 0.0855939 0.996235 0.01375 12.1501 -0.260342 0.0356848 -0.964857 238.235
-0.961152 0.0787469 0.26455 -247.956 0.0853406 0.99626 0.0135052 12.1526 -0.262498 0.0355574 -0.964278 235.852
-0.957768 0.0813635 0.275786 -247.287 0.0870964 0.996163 0.00858254 12.1563 -0.274029 0.0322401 -0.96118 233.478
-0.954137 0.0835094 0.287486 -246.58 0.0887871 0.996036 0.00534514 12.1428 -0.2859 0.030625 -0.95777 231.135
-0.95351 0.083259 0.28963 -246.21 0.0885277 0.996061 0.00511378 12.1366 -0.288064 0.0305164 -0.957124 229.954
-0.949547 0.0855348 0.301732 -245.498 0.0934786 0.995549 0.0119584 12.1282 -0.299366 0.0395606 -0.953317 227.594
-0.945749 0.0898725 0.312228 -244.745 0.0975403 0.995191 0.00899376 12.128 -0.309918 0.0389606 -0.949967 225.227
-0.942965 0.0906818 0.320305 -243.953 0.0962217 0.995359 0.00147575 12.1065 -0.318684 0.0322118 -0.947314 222.889
-0.942253 0.0904233 0.32246 -243.136 0.0959549 0.995385 0.00126483 12.0781 -0.320858 0.0321335 -0.946581 220.552
-0.941537 0.090164 0.324623 -242.316 0.0956878 0.995411 0.00105747 12.0551 -0.323038 0.0320581 -0.945844 218.221
-0.94081 0.0899033 0.326788 -241.522 0.09542 0.995437 0.000854194 12.021 -0.32522 0.0319858 -0.945095 215.909
-0.940078 0.0896413 0.328962 -240.703 0.0951516 0.995463 0.000654762 11.9854 -0.327411 0.0319168 -0.944342 213.603
-0.93934 0.0893786 0.331139 -239.889 0.094883 0.995488 0.00045899 11.962 -0.329604 0.0318506 -0.943582 211.303
-0.938593 0.0891144 0.333322 -239.058 0.0946136 0.995514 0.00026703 11.9293 -0.331803 0.0317874 -0.942814 209.018
-0.937835 0.0888491 0.335511 -238.24 0.0943439 0.99554 7.87454e-05 11.8985 -0.334008 0.0317273 -0.942035 206.721
-0.934359 0.0858976 0.345822 -237.403 0.0929783 0.99566 0.00390465 11.8688 -0.343986 0.0358023 -0.938291 204.431
-0.933574 0.0856211 0.34801 -236.967 0.0927062 0.995687 0.00372466 11.8554 -0.34619 0.0357399 -0.937484 203.293
-0.930597 0.0783817 0.357553 -236.098 0.0836727 0.996493 -0.00067455 11.8314 -0.356352 0.0292897 -0.933892 201.021
-0.926946 0.0737222 0.367879 -235.207 0.0778536 0.996958 -0.00362012 11.7987 -0.367027 0.0252851 -0.929866 198.762
-0.926096 0.0734667 0.370061 -234.754 0.0775768 0.996979 -0.0037861 11.785 -0.369222 0.0252019 -0.928998 197.644
-0.925243 0.0732109 0.372244 -234.295 0.0772997 0.997 -0.00394971 11.7614 -0.371416 0.0251199 -0.928127 196.522
-0.924383 0.0729546 0.374425 -233.831 0.0770221 0.997021 -0.00411107 11.7447 -0.373609 0.0250388 -0.927248 195.404
-0.923518 0.0726977 0.376606 -233.373 0.0767441 0.997042 -0.00427024 11.728 -0.375802 0.0249586 -0.926365 194.323
-0.918346 0.073533 0.388889 -232.458 0.0770191 0.997007 -0.00664154 11.6866 -0.388213 0.0238526 -0.921262 192.087
-0.913439 0.0731153 0.400359 -231.508 0.0760225 0.997069 -0.00864023 11.6426 -0.399817 0.0225439 -0.91632 189.855
-0.912504 0.0728606 0.402523 -231.027 0.07574 0.997089 -0.00878301 11.617 -0.401991 0.0224726 -0.915366 188.778
-0.911568 0.0726046 0.40469 -230.059 0.0754572 0.997109 -0.00892158 11.564 -0.404167 0.0224041 -0.914411 186.628
-0.906784 0.0749692 0.414871 -229.088 0.0795536 0.996811 -0.00624776 11.5241 -0.414017 0.0273392 -0.909856 184.461
-0.902041 0.0794216 0.424282 -228.089 0.0845323 0.996398 -0.00679726 11.4738 -0.423294 0.0297342 -0.905505 182.307
-0.89716 0.0814104 0.434142 -227.068 0.0882893 0.996085 -0.00433554 11.4234 -0.432795 0.0344404 -0.900835 180.16
-0.892427 0.0848043 0.443149 -226.037 0.0895513 0.995929 -0.0102471 11.3753 -0.442214 0.0305398 -0.896388 178.047
-0.891395 0.0845218 0.445278 -224.96 0.0892631 0.995954 -0.0103558 11.325 -0.444352 0.0305158 -0.895333 175.914
-0.890356 0.0842378 0.447405 -223.873 0.0889747 0.995979 -0.0104603 11.2706 -0.446487 0.0304944 -0.894271 173.78
-0.885498 0.0834675 0.457084 -222.778 0.0863207 0.996159 -0.0146802 11.2209 -0.456554 0.0264565 -0.889302 171.634
-0.880174 0.088655 0.466298 -221.661 0.0899444 0.995755 -0.019541 11.155 -0.466051 0.0247413 -0.884412 169.499
-0.873728 0.0939363 0.477256 -220.534 0.097109 0.995109 -0.0180824 11.0873 -0.476621 0.0305469 -0.878577 167.352
-0.86799 0.0961135 0.487194 -219.341 0.0976285 0.994972 -0.0223521 11.0122 -0.486893 0.0281627 -0.873009 165.199
-0.866854 0.0958272 0.489267 -218.739 0.0973361 0.994999 -0.022425 10.9733 -0.488969 0.028184 -0.871846 164.125
-0.861562 0.0918674 0.49927 -217.521 0.095905 0.995234 -0.0176285 10.8988 -0.49851 0.0326945 -0.866267 162.005
-0.8604 0.0915674 0.501321 -216.897 0.0956117 0.995261 -0.0176911 10.8571 -0.500565 0.0327108 -0.865078 160.942
-0.859239 0.0912664 0.50337 -216.262 0.0953182 0.995289 -0.0177511 10.8243 -0.502619 0.0327279 -0.86389 159.881
-0.858071 0.0909644 0.505414 -215.631 0.0950245 0.995316 -0.0178085 10.7924 -0.504666 0.0327457 -0.862695 158.841
-0.856899 0.0906614 0.507451 -215.006 0.0947308 0.995343 -0.0178629 10.7464 -0.506707 0.0327646 -0.861496 157.799
-0.855723 0.0903575 0.509487 -214.375 0.094437 0.99537 -0.0179147 10.7074 -0.508747 0.0327844 -0.860294 156.746
-0.854544 0.0900515 0.511516 -213.113 0.0941432 0.995397 -0.0179615 10.6307 -0.510778 0.0328068 -0.859088 154.658
-0.849883 0.0848639 0.520095 -211.857 0.0902402 0.995807 -0.0150251 10.5596 -0.519189 0.0341639 -0.853978 152.567
-0.848683 0.0845508 0.522099 -210.559 0.0899458 0.995833 -0.0150603 10.49 -0.521197 0.0341792 -0.852752 150.493
-0.842926 0.0877113 0.530832 -209.283 0.0913385 0.99563 -0.019472 10.4198 -0.53022 0.032072 -0.847253 148.431
-0.838023 0.087732 0.538537 -207.984 0.0876302 0.995817 -0.0258646 10.3411 -0.538554 0.0255169 -0.842206 146.398
-0.836785 0.0874342 0.540508 -207.324 0.0873353 0.995843 -0.0258831 10.2948 -0.540524 0.0255468 -0.840942 145.391
-0.830658 0.0879197 0.549798 -206.013 0.0897663 0.995683 -0.0235998 10.2036 -0.5495 0.02975 -0.834965 143.385
-0.823195 0.0887184 0.560786 -204.692 0.0895624 0.995641 -0.0260427 10.114 -0.560652 0.0287871 -0.827553 141.394
-0.816956 0.0833636 0.570645 -203.324 0.0871025 0.995982 -0.0208007 10.0257 -0.570087 0.0327114 -0.820935 139.412
-0.80916 0.0881432 0.580936 -201.947 0.0935241 0.995401 -0.0207624 9.94897 -0.580094 0.0375315 -0.813682 137.446
-0.801292 0.0885851 0.591681 -200.552 0.0947008 0.995289 -0.0207628 9.87441 -0.590733 0.0393956 -0.805906 135.513
-0.79425 0.0828979 0.60191 -199.108 0.0894048 0.995811 -0.0191739 9.80006 -0.600978 0.0385848 -0.798334 133.584
-0.786746 0.0889217 0.610841 -197.644 0.0925502 0.995376 -0.0256978 9.72401 -0.610302 0.0363158 -0.791338 131.674
-0.779761 0.0926323 0.619187 -196.17 0.0955782 0.995014 -0.0284927 9.63961 -0.61874 0.0369633 -0.784726 129.767
-0.778388 0.0922901 0.620963 -194.641 0.095287 0.995043 -0.0284437 9.54604 -0.620511 0.0370295 -0.783324 127.849
-0.7716 0.0924075 0.629358 -193.099 0.097756 0.994865 -0.026224 9.44881 -0.628549 0.0412891 -0.776671 125.924
-0.764156 0.0991457 0.637365 -191.547 0.10115 0.99431 -0.0333983 9.35929 -0.63705 0.0389481 -0.769837 124.015
-0.757314 0.0979305 0.645664 -189.957 0.0975386 0.994564 -0.0364441 9.25613 -0.645724 0.0353775 -0.762749 122.115
-0.751356 0.0931518 0.653288 -188.321 0.0900271 0.9952 -0.0383632 9.13833 -0.653726 0.0299892 -0.756136 120.23
-0.74411 0.0904124 0.661913 -186.671 0.0887149 0.995398 -0.0362325 9.01691 -0.662142 0.0317606 -0.748706 118.37
-0.742694 0.0900671 0.663548 -184.994 0.0884301 0.995427 -0.0361373 8.89686 -0.663768 0.0318386 -0.747262 116.502
-0.741279 0.0897202 0.665173 -184.148 0.0881454 0.995455 -0.0360388 8.83976 -0.665384 0.0319172 -0.745819 115.567
-0.733649 0.0861797 0.674043 -182.461 0.0862419 0.995713 -0.0334386 8.71821 -0.674035 0.0335985 -0.737936 113.714
-0.725461 0.0898152 0.682378 -180.769 0.0871063 0.995458 -0.0384172 8.60375 -0.682729 0.0315693 -0.729989 111.856
-0.714974 0.0860023 0.69384 -178.104 0.0861626 0.995679 -0.0346285 8.42096 -0.69382 0.0350246 -0.719295 109.064
-0.708697 0.0800452 0.700956 -176.311 0.0781285 0.996336 -0.0347846 8.29941 -0.701172 0.0301129 -0.712355 107.23
-0.703907 0.0763758 0.706174 -174.47 0.0694257 0.99684 -0.0386097 8.17879 -0.706891 0.021849 -0.706984 105.396
-0.702477 0.0760315 0.707633 -172.612 0.069152 0.996865 -0.0384597 8.04896 -0.708338 0.0219171 -0.705532 103.556
-0.701059 0.0756841 0.709074 -170.772 0.0688793 0.996889 -0.0383036 7.92294 -0.709767 0.0219874 -0.704092 101.724
-0.699657 0.0753335 0.710499 -168.89 0.0686076 0.996914 -0.0381414 7.79872 -0.71118 0.0220598 -0.702666 99.8995
-0.698262 0.0749799 0.711905 -167.013 0.0683371 0.996939 -0.0379731 7.67261 -0.712574 0.0221344 -0.701249 98.063
-0.696879 0.0746231 0.713295 -165.113 0.0680675 0.996964 -0.0377988 7.55109 -0.71395 0.022211 -0.699843 96.2255
-0.69608 0.0652942 0.714991 -163.21 0.0602003 0.997657 -0.0324998 7.43222 -0.715438 0.0204202 -0.69838 94.3874
-0.69472 0.0649346 0.716345 -161.324 0.0599326 0.997679 -0.0323135 7.31115 -0.716781 0.0204836 -0.697 92.5547
-0.693604 0.0798539 0.715916 -159.45 0.0786117 0.996292 -0.0349655 7.19029 -0.716054 0.0320272 -0.697309 90.6986
-0.693227 0.087225 0.71542 -157.579 0.0908813 0.995305 -0.0332868 7.0661 -0.714965 0.041943 -0.6979 88.8437
-0.691921 0.086817 0.716732 -155.728 0.0906168 0.995336 -0.0330839 6.94954 -0.716262 0.0420565 -0.696562 87.0131
-0.690628 0.0864063 0.718029 -153.845 0.0903532 0.995367 -0.0328753 6.8361 -0.717543 0.0421716 -0.695235 85.2034
-0.689349 0.0859929 0.719309 -151.956 0.0900909 0.995398 -0.0326607 6.71322 -0.718807 0.0422885 -0.693924 83.3936
-0.688078 0.0855767 0.720571 -150.065 0.0898297 0.995429 -0.0324403 6.59325 -0.720054 0.0424073 -0.69262 81.5663
-0.686823 0.0851576 0.721819 -148.191 0.0895697 0.995459 -0.0322137 6.46804 -0.721285 0.042528 -0.691332 79.7567
-0.685579 0.0847357 0.723049 -146.31 0.0893105 0.99549 -0.0319814 6.359 -0.722498 0.0426501 -0.690055 77.9623
-0.68435 0.0843115 0.724263 -144.448 0.0890526 0.995521 -0.0317437 6.25307 -0.723696 0.0427737 -0.688793 76.1904
-0.683133 0.0838845 0.725461 -142.552 0.0887957 0.995552 -0.0315002 6.14014 -0.724877 0.042899 -0.687542 74.4054
-0.681927 0.0834549 0.726642 -140.668 0.0885398 0.995582 -0.0312511 6.02983 -0.72604 0.0430258 -0.686304 72.6386
-0.680736 0.0830226 0.727809 -138.807 0.0882852 0.995613 -0.0309964 5.91857 -0.727189 0.0431543 -0.68508 70.8676
-0.679557 0.0825875 0.728957 -136.909 0.0880314 0.995643 -0.0307359 5.80816 -0.72832 0.0432843 -0.683867 69.0914
-0.678393 0.0821501 0.730091 -135 0.0877791 0.995674 -0.03047 5.69962 -0.729436 0.0434161 -0.68267 67.3161
-0.677245 0.0817096 0.731207 -133.088 0.0875276 0.995704 -0.0301981 5.58603 -0.730534 0.0435493 -0.681487 65.5521
-0.676107 0.0812666 0.732308 -131.178 0.0872774 0.995735 -0.0299206 5.47048 -0.731616 0.0436845 -0.680316 63.7736
-0.674985 0.0808209 0.733392 -129.288 0.0870282 0.995765 -0.0296375 5.37186 -0.732681 0.0438209 -0.67916 62.0095
-0.673874 0.0803728 0.73446 -127.373 0.0867802 0.995795 -0.0293492 5.26815 -0.733731 0.043959 -0.678016 60.2429
-0.672782 0.0799218 0.735512 -125.451 0.0865331 0.995825 -0.0290549 5.15715 -0.734764 0.0440985 -0.67689 58.4904
-0.672902 0.0773378 0.735679 -123.535 0.0776541 0.99641 -0.0337193 5.04715 -0.735645 0.0344387 -0.676492 56.7655
-0.671823 0.076897 0.736708 -122.58 0.0774085 0.996439 -0.0334166 4.98701 -0.736654 0.0345774 -0.675384 55.897
-0.670763 0.0764535 0.737722 -120.67 0.0771644 0.996469 -0.033108 4.86555 -0.737648 0.0347182 -0.674294 54.1656
-0.669714 0.0760068 0.738719 -118.757 0.0769214 0.996498 -0.0327936 4.75075 -0.738625 0.034861 -0.673215 52.4387
-0.668673 0.0755583 0.739707 -117.803 0.0766792 0.996527 -0.0324758 4.68592 -0.739591 0.0350045 -0.672144 51.578
-0.66764 0.0751084 0.740686 -116.853 0.076438 0.996556 -0.0321549 4.62706 -0.74055 0.0351487 -0.671081 50.7181
-0.666621 0.0746555 0.741651 -114.939 0.076198 0.996585 -0.0318283 4.51498 -0.741495 0.0352949 -0.670033 48.9768
-0.665614 0.0741995 0.742599 -113.023 0.0759593 0.996613 -0.0314957 4.39299 -0.742421 0.0354433 -0.668996 47.2518
-0.664615 0.0737418 0.743536 -112.055 0.0757212 0.996642 -0.03116 4.34365 -0.743337 0.0355921 -0.667967 46.3811
-0.663834 0.0653263 0.745021 -110.1 0.0740919 0.997022 -0.0214046 4.24294 -0.7442 0.0409909 -0.666697 44.6475
-0.662866 0.0648559 0.745922 -108.159 0.073856 0.997047 -0.021058 4.15019 -0.745085 0.0411322 -0.665699 42.9308
-0.661914 0.0643834 0.74681 -106.237 0.0736211 0.997071 -0.0207068 4.08169 -0.745956 0.0412748 -0.664716 41.1833
-0.660977 0.0639085 0.747679 -104.286 0.0733869 0.997096 -0.0203507 4.00802 -0.746808 0.0414185 -0.663747 39.4499
-0.660054 0.063431 0.748534 -102.328 0.0731538 0.99712 -0.0199895 3.92224 -0.747647 0.041564 -0.662794 37.7075
-0.659139 0.0629521 0.74938 -101.35 0.0729213 0.997145 -0.0196255 3.87797 -0.748475 0.0417098 -0.661848 36.8442
-0.658243 0.062471 0.75021 -99.4089 0.0726899 0.997169 -0.0192568 3.80794 -0.749289 0.041857 -0.660921 35.1341
-0.657362 0.0619873 0.751023 -97.4439 0.0724592 0.997193 -0.0188829 3.72701 -0.750085 0.0420056 -0.660008 33.4012
-0.656496 0.0615012 0.751819 -95.4782 0.0722296 0.997216 -0.018504 3.6448 -0.750865 0.0421559 -0.65911 31.6692
-0.655644 0.0610127 0.7526 -93.4874 0.0720009 0.99724 -0.0181201 3.57101 -0.751628 0.0423075 -0.658227 29.9333
-0.654811 0.0605217 0.753364 -91.4914 0.0717731 0.997263 -0.0177314 3.49691 -0.752376 0.0424606 -0.657363 28.2001
-0.653993 0.0600283 0.754113 -89.5354 0.0715462 0.997287 -0.0173377 3.42582 -0.753108 0.0426152 -0.656514 26.4875
-0.653194 0.0595325 0.754846 -87.5412 0.0713201 0.99731 -0.0169391 3.35092 -0.753824 0.0427712 -0.655682 24.7744
-0.652413 0.0590343 0.755562 -85.5392 0.071095 0.997332 -0.0165355 3.27507 -0.754523 0.0429287 -0.65487 23.0436
-0.651647 0.0585334 0.75626 -83.5332 0.0708706 0.997355 -0.0161266 3.19762 -0.755204 0.0430878 -0.654072 21.3205
-0.650899 0.0580301 0.756943 -81.5339 0.0706474 0.997378 -0.0157126 3.11542 -0.75587 0.0432487 -0.653292 19.5993
-0.650167 0.0575242 0.757609 -79.5462 0.0704252 0.9974 -0.0152933 3.03009 -0.756519 0.0434116 -0.652527 17.9066
-0.649456 0.057016 0.75826 -77.5293 0.0702038 0.997422 -0.0148694 2.97047 -0.757152 0.0435757 -0.651784 16.1894
-0.64876 0.0565052 0.758893 -75.5505 0.069983 0.997444 -0.0144403 2.89406 -0.757769 0.0437414 -0.651056 14.5139
-0.64808 0.0559921 0.75951 -73.5666 0.0697632 0.997465 -0.0140064 2.82838 -0.758369 0.0439086 -0.650343 12.8242
-0.647421 0.0554767 0.760111 -71.6176 0.0695443 0.997487 -0.0135675 2.75384 -0.758954 0.0440776 -0.649652 11.1581
-0.646777 0.0549588 0.760698 -69.6745 0.0693265 0.997508 -0.0131236 2.67906 -0.759523 0.0442485 -0.648975 9.49194
-0.646148 0.0544383 0.761267 -67.7291 0.0691093 0.997529 -0.0126747 2.60852 -0.760076 0.0444209 -0.648313 7.83229
-0.645541 0.0539157 0.761821 -65.7804 0.0688931 0.997549 -0.0122211 2.55048 -0.760613 0.0445949 -0.647673 6.15786
-0.644938 0.0533917 0.762367 -64.8111 0.0686771 0.99757 -0.0117653 2.52493 -0.761142 0.0447693 -0.647037 5.32435
-0.645765 0.0619845 0.761017 -62.8757 0.071458 0.997231 -0.0205881 2.44775 -0.760186 0.0410857 -0.648406 3.68322
-0.645199 0.0614587 0.761537 -60.9571 0.0712432 0.997256 -0.0201223 2.36242 -0.760684 0.0412715 -0.647807 2.04193
-0.644645 0.0609314 0.76205 -60.0045 0.071029 0.997281 -0.0196539 2.32724 -0.761175 0.0414579 -0.64722 1.23496
-0.644105 0.0604016 0.762547 -58.1056 0.0708161 0.997305 -0.0191801 2.23551 -0.761651 0.0416466 -0.646647 -0.363778
-0.643577 0.05987 0.763037 -57.1732 0.0706037 0.997329 -0.0187033 2.18505 -0.762118 0.0418362 -0.646085 -1.14204
-0.643063 0.059336 0.763511 -55.3227 0.0703924 0.997353 -0.0182214 2.10939 -0.762571 0.0420278 -0.645538 -2.71614
-0.642568 0.0587991 0.763971 -53.5163 0.070182 0.997377 -0.0177339 2.01356 -0.763009 0.0422218 -0.645009 -4.22753
-0.642087 0.0582595 0.764414 -51.7387 0.0699726 0.9974 -0.0172414 1.93662 -0.763431 0.0424176 -0.644495 -5.69935
-0.641622 0.0577174 0.764845 -50.0129 0.0697643 0.997423 -0.0167436 1.84716 -0.76384 0.0426158 -0.643995 -7.13238
-0.641174 0.0571728 0.765261 -48.2979 0.0695568 0.997446 -0.0162411 1.77569 -0.764235 0.0428158 -0.643513 -8.55808
-0.640742 0.0566259 0.765664 -46.6394 0.0693503 0.997468 -0.0157338 1.70457 -0.764616 0.0430177 -0.643047 -9.95824
-0.640328 0.0560768 0.766053 -45.038 0.0691446 0.997491 -0.0152221 1.64416 -0.764984 0.0432213 -0.642598 -11.2908
