1 0 0 0 0 1 0 0 0 0 1 -0
1 0 0 -0.015275 0 1 0 0.000713 0 0 1 0.715071
1 0 0 -0.033075 0 1 0 -0.005542 0 0 1 2.20655
1 0 0 -0.073617 0 1 0 -0.012002 0 0 1 3.74928
0.999547 0.00436908 -0.0297708 -0.155884 -0.00423392 0.99998 0.00460154 -0.02298 0.0297903 -0.00447341 0.999546 6.16038
0.999552 0.00444414 -0.0295927 -0.252885 -0.00431085 0.99998 0.00456629 -0.026467 0.0296125 -0.00443667 0.999552 8.64187
0.999564 0.00451617 -0.0291689 -0.344031 -0.00438684 0.99998 0.00449647 -0.038092 0.0291886 -0.00436655 0.999564 11.2154
0.999584 0.00458524 -0.0284832 -0.439154 -0.0044618 0.99998 0.004396 -0.051032 0.0285028 -0.00426708 0.999585 13.8716
0.999611 0.00464894 -0.0274997 -0.540206 -0.00453416 0.999981 0.00423475 -0.058233 0.0275189 -0.00410842 0.999613 16.5711
1 0 0 -0.59207 0 1 0 -0.068555 0 0 1 18.3971
1 0 0 -0.647769 0 1 0 -0.07284 0 0 1 20.2428
1 0 0 -0.720526 0 1 0 -0.088916 0 0 1 23.0808
1 0 0 -0.779795 0 1 0 -0.11987 0 0 1 25.9499
0.999626 -0.0015188 -0.0273119 -0.825852 0.00180884 0.999942 0.0105981 -0.12256 0.0272942 -0.0106436 0.999571 27.9278
0.999333 -0.0115316 -0.0346366 -0.867448 0.0117963 0.999903 0.00744686 -0.128446 0.0345474 -0.00785048 0.999372 29.9083
0.999229 -0.0111046 -0.0376475 -0.996819 0.0114588 0.999892 0.00920393 -0.139955 0.0375412 -0.00962823 0.999249 32.8905
0.999189 -0.0107257 -0.0388145 -1.0694 0.0111295 0.999886 0.0102019 -0.148015 0.0387007 -0.0106256 0.999194 34.8633
0.999243 -0.00268245 -0.0388107 -1.20263 0.00338815 0.99983 0.0181289 -0.152965 0.0387554 -0.0182467 0.999082 37.8008
0.999384 -0.00244986 -0.0350032 -1.33599 0.00305708 0.999846 0.0173045 -0.130192 0.0349554 -0.0174008 0.999237 40.8141
0.999561 -0.00226303 -0.0295317 -1.4172 0.00273227 0.999871 0.0158589 -0.126528 0.029492 -0.0159326 0.999438 42.819
0.999567 -0.00230687 -0.0293343 -1.5286 0.00277642 0.999869 0.0159765 -0.122791 0.0292935 -0.016051 0.999442 45.7441
0.999535 -0.00234473 -0.0304042 -1.63121 0.00283051 0.999869 0.0159443 -0.102703 0.0303628 -0.016023 0.999411 48.6497
0.999454 -0.00235536 -0.0329574 -1.71374 0.00288375 0.999868 0.0159941 -0.10185 0.0329154 -0.0160804 0.999329 51.4964
0.999243 -0.00887693 -0.0378684 -1.8058 0.00986591 0.999613 0.0260098 -0.080821 0.0376228 -0.0263638 0.998944 54.3368
0.99911 -0.00437135 -0.0419643 -1.92729 0.00506623 0.999852 0.0164668 -0.049925 0.0418861 -0.0166647 0.998983 57.1088
0.998996 0.00421684 -0.0445949 -2.07643 -0.00351298 0.999868 0.0158498 -0.048213 0.0446559 -0.0156773 0.998879 59.82
0.999064 0.00392224 -0.0430729 -2.2096 -0.00320784 0.999856 0.0166424 -0.046811 0.043132 -0.0164887 0.998933 62.4308
0.999149 0.0036726 -0.0410881 -2.33608 -0.00308579 0.999892 0.0143361 -0.047511 0.0411363 -0.0141971 0.999053 64.9375
0.998837 0.0134775 -0.046293 -2.4912 -0.0126699 0.999763 0.0176958 -0.044156 0.0465205 -0.0170887 0.998771 68.0666
0.998608 0.0135815 -0.0509589 -2.60452 -0.0134051 0.999903 0.00380099 -0.054805 0.0510055 -0.00311259 0.998694 70.2077
0.998468 0.013564 -0.05364 -2.71127 -0.0133297 0.9999 0.00472344 -0.088726 0.0536987 -0.0040012 0.998549 72.1665
0.998762 0.00936154 -0.0488554 -2.82927 -0.00940864 0.999955 -0.000734324 -0.122013 0.0488463 0.00119308 0.998806 74.5665
1 0 0 -2.88189 0 1 0 -0.150656 0 0 1 76.722
0.997924 0.00756978 0.0639614 -2.7968 -0.00836962 0.99989 0.0122463 -0.160794 -0.0638617 -0.0127562 0.997877 78.6849
0.978351 0.00582902 0.206871 -2.44904 -0.00937942 0.999825 0.0161857 -0.168844 -0.206741 -0.0177757 0.978234 80.467
0.88573 0.00978706 0.464098 -1.57089 -0.0147753 0.999866 0.00711309 -0.182261 -0.463966 -0.0131575 0.885755 82.3331
0.640524 0.00586076 0.767916 0.092004 -0.0132743 0.999906 0.00344089 -0.203895 -0.767823 -0.0123975 0.640542 83.907
0.354504 0.00716419 0.935027 2.15555 -0.00545991 0.999969 -0.00559173 -0.237918 -0.935038 -0.00312287 0.354533 84.7401
0.210894 0.00768064 0.977479 3.64769 -0.000582782 0.99997 -0.00773163 -0.265147 -0.977509 0.0010609 0.210892 85.0353
0.110728 0.0216311 0.993614 5.24317 0.00904423 0.9997 -0.0227714 -0.306933 -0.993809 0.0115079 0.110499 85.1843
0.0566981 0.0249685 0.998079 6.56608 0.0064732 0.999657 -0.0253757 -0.336524 -0.99837 0.00789952 0.0565171 85.2576
0.0169901 0.0190831 0.999673 8.01988 0.0122183 0.999739 -0.019292 -0.383774 -0.999781 0.0125421 0.0167525 85.2685
-0.00646651 0.0210991 0.999756 9.61157 0.0191006 0.999598 -0.0209721 -0.424293 -0.999796 0.0189603 -0.00686691 85.246
-0.0215922 0.0231845 0.999498 11.3505 0.0232824 0.999472 -0.0226809 -0.470263 -0.999495 0.022781 -0.0221206 85.1958
-0.020389 0.0233592 0.99952 12.6083 0.0231633 0.99947 -0.0228855 -0.502649 -0.999524 0.0226855 -0.0209193 85.154
-0.0205065 0.0224188 0.999539 14.6302 0.0330631 0.999217 -0.0217333 -0.557822 -0.999243 0.0326022 -0.0212317 85.0955
-0.0071479 0.0221306 0.999729 16.7995 0.0380299 0.999038 -0.0218434 -0.613871 -0.999251 0.0378635 -0.00798264 85.057
0.0128377 0.0158275 0.999792 19.9138 0.0350041 0.999255 -0.0162685 -0.695423 -0.999304 0.0352056 0.0122741 85.0924
0.022093 0.0253112 0.999435 22.3326 0.0242993 0.999371 -0.0258467 -0.770374 -0.99946 0.0248566 0.0214641 85.1609
0.0194735 0.0244097 0.999512 24.7965 0.0241442 0.999399 -0.0248773 -0.853072 -0.999519 0.0246168 0.0188725 85.2489
0.0132963 0.0229706 0.999648 27.274 0.0241177 0.999438 -0.0232865 -0.951012 -0.999621 0.0244188 0.0127348 85.3085
0.00206344 0.0217935 0.999761 30.5496 0.0123552 0.999686 -0.0218174 -1.068 -0.999922 0.0123973 0.00179353 85.3667
-0.0162062 0.017194 0.999721 32.9872 0.00863816 0.999817 -0.0170556 -1.14439 -0.999831 0.00835934 -0.0163518 85.3454
-0.0419938 0.0185458 0.998945 35.4032 0.0102913 0.999783 -0.0181287 -1.21391 -0.999064 0.00951915 -0.0421756 85.2595
-0.0589169 0.0183673 0.998094 36.9978 0.0102957 0.999789 -0.0177907 -1.26673 -0.99821 0.00922791 -0.0590935 85.1587
-0.0788344 0.0191211 0.996703 38.5407 0.0108912 0.999773 -0.0183185 -1.31509 -0.996827 0.00941118 -0.0790247 85.0367
-0.108126 0.0220705 0.993891 40.8115 0.012747 0.999702 -0.0208128 -1.39125 -0.994054 0.0104187 -0.108375 84.801
-0.135589 0.0225089 0.990509 43.0488 0.0156914 0.999665 -0.020569 -1.4649 -0.990641 0.0127535 -0.135897 84.5164
-0.152148 0.0190376 0.988175 45.1791 0.0240004 0.999591 -0.0155622 -1.53524 -0.988067 0.0213488 -0.152543 84.1854
-0.152276 0.0193463 0.988149 46.539 0.0243347 0.999579 -0.01582 -1.57984 -0.988038 0.0216373 -0.152682 83.9729
-0.152485 0.0197386 0.98811 47.8267 0.024669 0.999565 -0.0161605 -1.61958 -0.987999 0.0219115 -0.152906 83.7642
-0.13679 0.0227137 0.990339 49.6345 0.0256849 0.999482 -0.0193756 -1.69251 -0.990266 0.0227864 -0.137303 83.5085
-0.0741615 0.0263972 0.996895 51.8185 0.0207489 0.999474 -0.0249218 -1.78497 -0.997028 0.0188362 -0.0746702 83.3366
0.0500169 0.028077 0.998354 53.8552 0.013122 0.9995 -0.0287666 -1.87264 -0.998663 0.0145393 0.0496234 83.4069
0.240292 0.0146884 0.970589 55.7899 0.000346999 0.999884 -0.0152176 -1.95256 -0.970701 0.00399348 0.240259 83.821
0.415886 0.0188551 0.909222 57.1884 0.00314577 0.999749 -0.0221714 -1.99176 -0.909412 0.012081 0.415722 84.4065
0.535878 0.0258053 0.843901 57.9906 0.000948901 0.999514 -0.0311662 -2.02919 -0.844295 0.0175021 0.535593 84.9453
0.648327 0.0302867 0.76076 58.6815 -0.00486704 0.999353 -0.0356376 -2.05404 -0.761347 0.0194022 0.648055 85.5781
0.745692 0.0255701 0.6658 59.2762 -0.00761937 0.999525 -0.0298531 -2.08254 -0.666247 0.0171883 0.745533 86.3051
0.860407 0.0142702 0.509407 59.9571 -0.0112457 0.999896 -0.00901614 -2.11645 -0.509482 0.00202892 0.860479 87.537
0.949541 0.028573 0.312339 60.6492 -0.030807 0.999523 0.00221914 -2.1549 -0.312127 -0.0117294 0.949968 89.7423
0.968549 0.043429 0.245002 61.358 -0.0444436 0.999011 -0.00138867 -2.17395 -0.24482 -0.00954377 0.969522 92.6947
0.966165 0.0430217 0.254313 61.9241 -0.0395012 0.99904 -0.0189364 -2.20309 -0.254884 0.00825 0.966936 94.8308
0.961176 0.0422422 0.272683 62.5699 -0.0426337 0.999081 -0.00449181 -2.24679 -0.272622 -0.00730807 0.962093 97.1962
0.959699 0.0307382 0.279344 63.3099 -0.0294143 0.999527 -0.0089308 -2.28105 -0.279486 0.000354188 0.96015 99.708
0.961192 0.0346283 0.273699 63.8692 -0.0316423 0.999382 -0.015318 -2.30665 -0.27406 0.00606313 0.961693 101.711
0.962718 0.0336766 0.268403 64.4564 -0.0343127 0.999408 -0.00232209 -2.34811 -0.268323 -0.00697411 0.963304 103.853
0.965125 0.0398275 0.258743 65.0368 -0.0370562 0.999192 -0.0155807 -2.37462 -0.259154 0.00544925 0.965821 106.071
0.968147 0.0287349 0.248729 65.8303 -0.027964 0.999587 -0.00663279 -2.43331 -0.248817 -0.000533947 0.96855 109.176
0.968129 0.0287109 0.248802 66.4419 -0.0279243 0.999588 -0.00669135 -2.46584 -0.248892 -0.00046953 0.968531 111.57
0.96462 0.0521606 0.258434 67.4683 -0.0513791 0.998631 -0.00978147 -2.55103 -0.258591 -0.00384272 0.965979 115.685
0.964354 0.0381065 0.261856 68.1506 -0.0359995 0.999269 -0.0128408 -2.60447 -0.262154 0.00295638 0.965021 118.16
0.962439 0.0454181 0.267673 69.029 -0.0471557 0.998888 6.33008e-05 -2.68438 -0.267372 -0.0126832 0.96351 121.482
0.963015 0.0361688 0.267009 69.9451 -0.0318353 0.999282 -0.0205423 -2.76669 -0.267561 0.0112822 0.963475 124.728
0.963976 0.0289848 0.264406 70.6047 -0.0326629 0.999421 0.00952427 -2.81092 -0.263977 -0.0178174 0.964364 127.168
0.965895 0.0343649 0.256643 71.4367 -0.0320726 0.9994 -0.0131134 -2.8798 -0.25694 0.0044349 0.966417 130.346
0.968537 0.0397508 0.245674 72.0242 -0.0369972 0.99919 -0.0158155 -2.9472 -0.246104 0.00622868 0.969223 132.744
0.969532 0.0452885 0.240743 72.5882 -0.0444202 0.998972 -0.0090352 -3.01411 -0.240905 -0.00193393 0.970547 135.117
0.969525 0.0452515 0.240776 72.9676 -0.0443816 0.998974 -0.00903731 -3.05592 -0.240938 -0.00192414 0.970539 136.685
0.972511 0.0381578 0.229709 73.3447 -0.0359189 0.999258 -0.013922 -3.08564 -0.230069 0.0052884 0.97316 138.242
0.975556 0.0332845 0.217216 73.7006 -0.0339527 0.999423 -0.000656307 -3.10628 -0.217113 -0.00673481 0.976123 139.812
0.977836 0.0396289 0.205588 74.1706 -0.04195 0.999096 0.0069421 -3.13096 -0.205127 -0.0154126 0.978614 142.188
0.983012 0.0436555 0.178277 74.73 -0.0437748 0.999036 -0.00326659 -3.17229 -0.178247 -0.00459292 0.983975 145.331
0.988253 0.0510347 0.144056 75.195 -0.0501344 0.998694 -0.00987475 -3.22006 -0.144372 0.00253658 0.98952 148.554
0.991788 0.0558309 0.11506 75.5716 -0.0572023 0.998325 0.00864995 -3.2539 -0.114384 -0.0151606 0.993321 151.826
0.992563 0.0665098 0.101954 75.8043 -0.0663385 0.997784 -0.00507348 -3.27605 -0.102066 -0.00172772 0.994776 154.262
0.993092 0.0703037 0.0939496 76.0151 -0.0714522 0.997404 0.00891292 -3.29737 -0.0930791 -0.0155642 0.995537 156.759
0.995947 0.0534289 0.0723459 76.2893 -0.0534866 0.998568 -0.00113989 -3.31419 -0.0723032 -0.00273427 0.997379 160.026
0.998153 0.0404493 0.0453277 76.4551 -0.0411506 0.999046 0.0146472 -3.32499 -0.044692 -0.0164854 0.998865 163.342
1 0 0 76.5801 0 1 0 -3.34996 0 0 1 167.525
0.999409 0.0341677 -0.00371924 76.5365 -0.0341336 0.999378 0.00885671 -3.34803 0.00401954 -0.00872453 0.999954 170.888
0.999411 0.034122 -0.00376218 76.4942 -0.0340873 0.999379 0.00893136 -3.36669 0.0040646 -0.00879785 0.999953 174.27
1 0 0 76.4761 0 1 0 -3.38353 0 0 1 177.639
1 0 0 76.4222 0 1 0 -3.42802 0 0 1 181.049
0.999409 0.029857 -0.0170439 76.3409 -0.0298461 0.999554 0.000894517 -3.46375 0.017063 -0.000385293 0.999854 184.422
0.999025 0.0402646 -0.018084 76.2645 -0.0401474 0.999171 0.00680072 -3.49008 0.0183429 -0.00606807 0.999813 186.917
0.998967 0.0409457 -0.0197245 76.2238 -0.0409971 0.999157 -0.00221014 -3.50639 0.0196173 0.0030165 0.999803 188.546
0.998845 0.042164 -0.0230316 76.1794 -0.0419992 0.999089 0.00759394 -3.51399 0.0233308 -0.00661787 0.999706 190.161
0.998845 0.0421216 -0.0231173 76.1011 -0.0419535 0.99909 0.00770925 -3.53237 0.023421 -0.00673049 0.999703 193.254
0.999187 0.0349216 -0.0201396 76.0627 -0.0350518 0.999367 -0.00615018 -3.56742 0.019912 0.00685111 0.999778 195.328
0.999003 0.0445628 0.00275397 76.0105 -0.0445897 0.998949 0.0106451 -3.60458 -0.0022767 -0.0107573 0.99994 198.046
0.998207 0.0473506 0.0366151 76.0842 -0.0469095 0.998817 -0.0128147 -3.64415 -0.0371785 0.0110741 0.999247 201.271
0.997673 0.0345831 0.0587509 76.2765 -0.0347564 0.999394 0.00192954 -3.70107 -0.0586486 -0.00396702 0.998271 204.502
0.997146 0.0499351 0.0566317 76.4325 -0.0497536 0.998751 -0.00461111 -3.73119 -0.0567912 0.00178032 0.998384 207.757
0.997776 0.050469 0.043535 76.5432 -0.0505468 0.998721 0.000689493 -3.76119 -0.0434446 -0.00288852 0.999052 210.404
0.998707 0.0411485 0.0298621 76.6298 -0.0416655 0.998989 0.0169005 -3.76459 -0.0291365 -0.0181228 0.999411 213.117
0.999725 0.0134305 0.0192202 76.7346 -0.0137348 0.999781 0.0157846 -3.7622 -0.019004 -0.0160442 0.999691 216.608
1 0 0 76.8154 0 1 0 -3.75908 0 0 1 219.373
1 0 0 76.8408 0 1 0 -3.76567 0 0 1 221.459
1 0 0 76.8623 0 1 0 -3.77833 0 0 1 222.813
1 0 0 76.8795 0 1 0 -3.80585 0 0 1 224.817
1 0 0 76.916 0 1 0 -3.84115 0 0 1 226.679
0.999242 -0.0265408 -0.0284655 76.8867 0.0266411 0.99964 0.00314934 -3.86547 0.0283717 -0.00390531 0.99959 229.481
0.987498 -0.0312328 -0.154504 76.5643 0.0325543 0.999452 0.00603001 -3.90097 0.154231 -0.0109844 0.987974 231.944
0.930539 -0.00573482 -0.366149 75.7845 0.00316247 0.999966 -0.00762483 -3.92494 0.36618 0.00593726 0.930525 234.059
0.752565 0.0546215 -0.656248 74.1998 -0.0501013 0.998415 0.0256464 -3.92792 0.656609 0.0135783 0.754109 236.051
0.586596 0.0817966 -0.805739 72.8142 -0.0572712 0.996585 0.0594762 -3.87192 0.807853 0.0112572 0.589277 237
0.335321 0.057763 -0.940331 70.8991 -0.0278719 0.99829 0.0513842 -3.73661 0.941692 0.00897856 0.336358 237.755
0.198138 0.0581716 -0.978446 69.5627 -0.0225304 0.998244 0.0547861 -3.67043 0.979914 0.0111896 0.199101 237.992
0.0931429 0.0534926 -0.994214 68.102 -0.0204098 0.998448 0.0518083 -3.60281 0.995443 0.0154662 0.0940902 238.099
0.0282122 0.0489687 -0.998402 66.5523 -0.0237936 0.998549 0.0483036 -3.53238 0.999319 0.0223928 0.0293364 238.101
-0.00643964 0.044402 -0.998993 64.2623 -0.0295294 0.99857 0.0445736 -3.4302 0.999543 0.0297867 -0.00511926 238.071
-0.00537878 0.0449879 -0.998974 61.6696 -0.0299505 0.998532 0.0451293 -3.32609 0.999538 0.0301625 -0.00402348 238.038
-0.00388232 0.0457828 -0.998944 59.5397 -0.0303889 0.998485 0.0458799 -3.23655 0.999531 0.0305349 -0.00248515 238.03
0.00160774 0.0452742 -0.998973 57.2047 -0.0303373 0.998517 0.0452047 -3.1335 0.999538 0.0302335 0.00297886 238.02
0.00437288 0.04489 -0.998982 54.6816 -0.0301655 0.998543 0.0447382 -3.02556 0.999535 0.0299391 0.00572063 238.029
0.00768788 0.0559229 -0.998406 52.045 -0.025592 0.998119 0.0557097 -2.91393 0.999643 0.0251229 0.00910459 238.039
0.00480653 0.0558504 -0.998428 49.4015 -0.025182 0.998129 0.0557124 -2.80497 0.999672 0.0248746 0.00620396 238.053
-0.00866624 0.0658839 -0.99779 46.758 -0.0177201 0.99766 0.0660292 -2.68211 0.999806 0.0182531 -0.0074785 238.058
-0.0228404 0.0673392 -0.997468 44.0715 -0.0128296 0.997627 0.0676437 -2.5321 0.999656 0.0143422 -0.0219223 238.014
-0.025941 0.0671568 -0.997406 41.4203 -0.0128823 0.997636 0.0675074 -2.39163 0.999581 0.0146 -0.0250145 237.912
-0.0290115 0.0596443 -0.997798 38.7747 -0.0240836 0.997887 0.0603498 -2.25752 0.999289 0.0257814 -0.0275137 237.819
-0.0267371 0.059827 -0.997851 37.0196 -0.0244062 0.997871 0.0604822 -2.17258 0.999344 0.0259709 -0.02522 237.763
-0.0222136 0.0600281 -0.99795 35.2864 -0.0248316 0.997855 0.0605751 -2.09394 0.999446 0.0261262 -0.0206754 237.716
-0.0157972 0.0645042 -0.997792 33.6266 -0.0172425 0.997751 0.0647745 -2.0202 0.999726 0.0182277 -0.0146494 237.687
-0.0142548 0.0651935 -0.997771 31.9875 -0.0176585 0.9977 0.0654412 -1.93937 0.999742 0.018552 -0.0130708 237.671
-0.0136539 0.0653112 -0.997771 30.3512 -0.0180269 0.997686 0.0655523 -1.85596 0.999744 0.0188817 -0.0124449 237.651
-0.0161525 0.0749769 -0.997054 27.8991 -0.0200399 0.99696 0.0752945 -1.72418 0.999668 0.0211971 -0.0146009 237.599
-0.0312992 0.0625607 -0.99755 24.6716 -0.023398 0.99772 0.0633055 -1.52453 0.999236 0.0253221 -0.029764 237.505
-0.0411232 0.0645746 -0.997065 22.269 -0.0282185 0.997436 0.0657625 -1.4035 0.998755 0.0308401 -0.0391956 237.387
-0.0472201 0.06896 -0.996502 20.6717 -0.0352828 0.996876 0.0706578 -1.31887 0.998262 0.0384958 -0.0446395 237.297
-0.0534267 0.0668313 -0.996333 18.3519 -0.0483555 0.996414 0.0694298 -1.18919 0.997401 0.0518876 -0.0500035 237.143
-0.0546245 0.0669547 -0.99626 16.1213 -0.048071 0.996416 0.0696009 -1.06912 0.997349 0.0516931 -0.0512101 237.009
-0.0538205 0.0692242 -0.996148 13.3213 -0.0550939 0.995869 0.0721814 -0.92194 0.99703 0.0587666 -0.0497843 236.85
-0.0454503 0.0675782 -0.996679 11.4231 -0.0573288 0.995889 0.0701389 -0.82318 0.997321 0.0603262 -0.0413893 236.743
-0.0458898 0.0674864 -0.996664 10.2283 -0.0570933 0.995907 0.0700639 -0.759523 0.997313 0.0601181 -0.0418489 236.695
-0.0462006 0.0673675 -0.996657 9.08663 -0.0568659 0.995928 0.0699542 -0.695292 0.997311 0.0599078 -0.0421815 236.651
-0.0464338 0.0672552 -0.996655 8.02091 -0.0566426 0.995948 0.0698465 -0.642279 0.997314 0.0596964 -0.0424362 236.615
-0.0377638 0.0681781 -0.996958 7.02643 -0.0551822 0.996005 0.0702032 -0.589547 0.997762 0.0576655 -0.0338507 236.584
-0.0136703 0.0734151 -0.997208 4.8061 -0.0535129 0.995818 0.0740464 -0.47213 0.998474 0.0543757 -0.00968448 236.54
0.0287019 0.0707407 -0.997082 2.16234 -0.0481348 0.996433 0.0693091 -0.327167 0.998429 0.046005 0.0320046 236.62
0.0973781 0.036765 -0.994567 -0.450654 -0.045915 0.998419 0.0324118 -0.219323 0.994187 0.0425094 0.0989122 236.816
0.304513 0.0480271 -0.951297 -2.46712 -0.0395798 0.998503 0.0377408 -0.179409 0.951686 0.0261596 0.305958 237.405
0.572195 0.0656457 -0.817486 -4.13582 -0.052388 0.997681 0.043447 -0.137778 0.818443 0.0179664 0.574307 238.484
0.757131 0.053993 -0.651028 -5.12404 -0.0568165 0.998245 0.016713 -0.111193 0.650788 0.0243352 0.75887 239.655
0.89878 0.0459952 -0.435979 -5.88596 -0.0485296 0.998808 0.00532787 -0.10969 0.435704 0.0163693 0.899941 241.245
0.958575 0.0387748 -0.28219 -6.26339 -0.0431489 0.999025 -0.00930023 -0.12458 0.281554 0.0210911 0.959313 242.668
0.9874 0.0372832 -0.153793 -6.48895 -0.0404108 0.999034 -0.0172601 -0.160149 0.153 0.0232575 0.987952 244.287
0.997036 0.030295 -0.0707209 -6.61487 -0.0317875 0.999293 -0.0200748 -0.204039 0.0700628 0.0222634 0.997294 246.066
0.999362 0.0272595 -0.0230876 -6.6906 -0.0277999 0.999339 -0.0234171 -0.273806 0.022434 0.024044 0.999459 248.686
0.999635 0.0245621 -0.0112373 -6.70845 -0.0248374 0.999378 -0.0250487 -0.339264 0.010615 0.0253187 0.999623 250.797
0.999615 0.0238838 -0.0141455 -6.72446 -0.02422 0.999416 -0.0240932 -0.382263 0.0135618 0.0244265 0.99961 252.301
0.999544 0.0232448 -0.0192873 -6.76631 -0.0236709 0.999474 -0.0221628 -0.455252 0.018762 0.0226093 0.999568 254.625
0.999346 0.0256436 -0.0254792 -6.81365 -0.0264491 0.999144 -0.031796 -0.506171 0.0246421 0.0324491 0.99917 256.283
0.999267 0.0275136 -0.02661 -6.90703 -0.0283569 0.99909 -0.0318483 -0.580002 0.0257096 0.0325795 0.999138 258.866
0.99942 0.0227967 -0.0253101 -6.98817 -0.0232864 0.999544 -0.0192251 -0.677484 0.0248603 0.0198033 0.999495 261.566
0.999435 0.0198273 -0.0271451 -7.06767 -0.0208633 0.999044 -0.038429 -0.764615 0.0263572 0.0389736 0.998893 264.357
0.99952 0.0216812 -0.0221097 -7.15493 -0.0225369 0.998976 -0.0392198 -0.896651 0.0212367 0.0396993 0.998986 267.277
0.999629 0.0187098 -0.0197805 -7.23112 -0.0193299 0.999312 -0.0316377 -1.02759 0.019175 0.0320083 0.999304 270.277
0.999668 0.0170961 -0.0192681 -7.27755 -0.0177203 0.999308 -0.0327075 -1.11121 0.0186956 0.0330381 0.999279 272.311
0.999702 0.0154901 -0.0188658 -7.30444 -0.0161112 0.999318 -0.0332278 -1.19063 0.0183382 0.0335219 0.99927 274.379
0.999727 0.0138999 -0.0187672 -7.35844 -0.0145182 0.999343 -0.0332214 -1.27631 0.0182931 0.0334848 0.999272 276.47
0.999699 0.00832109 -0.0230762 -7.39942 -0.00924205 0.999153 -0.0400943 -1.37789 0.0227231 0.0402955 0.998929 278.571
0.999657 0.0087846 -0.0246778 -7.46977 -0.00971846 0.999231 -0.0379804 -1.48629 0.0243251 0.0382072 0.998974 280.672
0.999618 0.00923581 -0.0260462 -7.53351 -0.0101791 0.999288 -0.0363188 -1.58527 0.0256922 0.0365701 0.999001 282.783
0.999474 0.0133805 -0.0295356 -7.61548 -0.0141734 0.99954 -0.0268017 -1.67532 0.0291634 0.0272062 0.999204 284.889
0.99944 0.0138075 -0.0304735 -7.69098 -0.0146021 0.999555 -0.0260089 -1.75906 0.0301008 0.0264393 0.999197 286.997
0.999413 0.0142174 -0.0311722 -7.75483 -0.0150199 0.999558 -0.0256635 -1.85193 0.0307935 0.0261166 0.999185 289.064
0.999396 0.0145998 -0.0315412 -7.86439 -0.0154211 0.999544 -0.0259564 -1.97463 0.0311479 0.0264272 0.999165 292.146
0.999389 0.0149567 -0.0315949 -7.98135 -0.0158077 0.999514 -0.0268598 -2.08333 0.0311778 0.0273429 0.99914 295.221
0.99938 0.0194919 -0.0293123 -8.05928 -0.0200521 0.99962 -0.0189401 -2.1585 0.028932 0.0195162 0.999391 297.253
0.999389 0.0199443 -0.0286922 -8.13426 -0.0205075 0.9996 -0.0194718 -2.23121 0.0282923 0.0200483 0.999399 299.261
0.9993 0.0256617 -0.0272164 -8.21901 -0.0264161 0.999266 -0.0277305 -2.28812 0.0264849 0.0284301 0.999245 301.261
0.999287 0.026156 -0.0272228 -8.31902 -0.0269014 0.999263 -0.027384 -2.41211 0.0264865 0.0280968 0.999254 304.259
0.999264 0.0266624 -0.0275683 -8.38485 -0.0273987 0.999268 -0.0266867 -2.48327 0.0268366 0.0274224 0.999264 306.265
0.999367 0.0266441 -0.0235686 -8.45092 -0.0273019 0.999234 -0.0280438 -2.56092 0.0228034 0.0286695 0.999329 308.315
0.999416 0.0266568 -0.0213607 -8.49987 -0.0272696 0.999209 -0.0289278 -2.63909 0.0205727 0.0294934 0.999353 310.376
0.999424 0.0266967 -0.0209409 -8.55344 -0.0273055 0.999196 -0.029347 -2.71641 0.0201406 0.0299019 0.99935 312.453
0.999392 0.0267704 -0.0223391 -8.60472 -0.0274195 0.999195 -0.0292729 -2.8039 0.0215375 0.0298676 0.999322 314.563
0.999312 0.0268745 -0.0255709 -8.66127 -0.0276063 0.999207 -0.0287088 -2.88907 0.0247791 0.029395 0.999261 316.695
0.999165 0.0270061 -0.0306681 -8.7193 -0.027857 0.999229 -0.0276677 -2.96638 0.0298972 0.028499 0.999147 318.846
0.999129 0.0268069 -0.0319929 -8.80519 -0.0276997 0.99923 -0.027798 -3.05127 0.031223 0.02866 0.999101 321.048
0.999129 0.0265953 -0.032155 -8.88745 -0.0274955 0.999233 -0.0278831 -3.13844 0.0313888 0.0287429 0.999094 323.23
0.999173 0.0263622 -0.0309622 -8.96064 -0.0272333 0.999235 -0.0280572 -3.2328 0.0301989 0.0288772 0.999127 325.403
0.999253 0.0261173 -0.0284882 -9.03365 -0.0269194 0.999241 -0.0281468 -3.32011 0.0277315 0.0288927 0.999198 327.563
0.99936 0.0258652 -0.0247161 -9.10008 -0.0265571 0.999253 -0.0280874 -3.40511 0.0239712 0.0287258 0.9993 329.71
0.99936 0.0261053 -0.0244669 -9.14992 -0.0267061 0.999342 -0.0245593 -3.48981 0.0238097 0.0251969 0.999399 331.754
0.999357 0.0262895 -0.024394 -9.20389 -0.0268543 0.999372 -0.0231205 -3.5629 0.0237709 0.0237607 0.999435 333.786
0.999352 0.026418 -0.024453 -9.25905 -0.0269975 0.999355 -0.02368 -3.63237 0.0238117 0.0243248 0.99942 335.784
0.999401 0.0210415 -0.027473 -9.34591 -0.0215899 0.99957 -0.0198193 -3.74467 0.0270441 0.0204006 0.999426 338.752
0.9994 0.0209946 -0.0275541 -9.43947 -0.0217113 0.999427 -0.0259765 -3.85187 0.026993 0.0265591 0.999283 341.629
0.999376 0.0209576 -0.0284248 -9.52827 -0.0216643 0.999458 -0.0247859 -3.964 0.02789 0.0253863 0.999289 344.44
0.999352 0.0209264 -0.0292699 -9.63478 -0.0216158 0.999492 -0.0234377 -4.07463 0.0287646 0.0240552 0.999297 347.165
0.999327 0.0209002 -0.0301335 -9.71728 -0.021566 0.999527 -0.0219413 -4.17774 0.0296607 0.0225764 0.999305 349.749
0.9993 0.0208811 -0.0310417 -9.78007 -0.0215172 0.999562 -0.0203024 -4.2728 0.0306042 0.0209562 0.999312 352.171
0.999271 0.0208645 -0.0319791 -9.8194 -0.0214659 0.999597 -0.0185793 -4.32947 0.0315785 0.0192522 0.999316 353.667
0.999181 0.0209661 -0.0346216 -9.86989 -0.0216392 0.999582 -0.0191823 -4.41609 0.034205 0.0199158 0.999216 355.735
0.999131 0.0210554 -0.0359729 -9.94158 -0.0217652 0.999574 -0.0194557 -4.48886 0.035548 0.0202217 0.999163 357.64
0.999133 0.0211368 -0.0358723 -10.0426 -0.0218398 0.999575 -0.0193194 -4.56781 0.0354487 0.0200861 0.99917 359.867
0.996776 0.0230319 -0.076858 -10.1854 -0.0250213 0.999374 -0.0250217 -4.644 0.0762335 0.0268641 0.996728 361.763
0.984901 0.0306764 -0.170378 -10.5328 -0.0337285 0.999318 -0.015048 -4.70758 0.1698 0.0205674 0.985264 363.503
0.944114 0.0381849 -0.327401 -11.1137 -0.040673 0.999172 -0.000753319 -4.73483 0.327101 0.0140276 0.944885 365.075
0.860934 0.0502426 -0.50623 -11.9369 -0.0459973 0.998723 0.0208953 -4.73486 0.506634 0.00529578 0.862145 366.423
0.717987 0.059 -0.693552 -13.0786 -0.0374962 0.998233 0.0461018 -4.69566 0.695046 -0.00709494 0.71893 367.649
0.453788 0.0476458 -0.889835 -15.0922 -0.00215598 0.998625 0.0523714 -4.57185 0.891107 -0.0218471 0.453267 368.888
0.260634 0.0384423 -0.964672 -16.5955 0.018117 0.998836 0.0446986 -4.49181 0.965267 -0.0291269 0.259634 369.305
0.0838958 0.0629171 -0.994486 -18.2583 0.00640755 0.99795 0.0636768 -4.40924 0.996454 -0.0117144 0.0833207 369.379
-0.0342478 0.0761021 -0.996511 -20.0051 -0.00711856 0.997053 0.0763881 -4.29434 0.999388 0.00970988 -0.0336052 369.288
-0.0780668 0.0811161 -0.993642 -21.8379 -0.0131506 0.996514 0.0823837 -4.17025 0.99686 0.0194985 -0.0767279 369.095
-0.0831855 0.0559453 -0.994963 -23.7127 -0.0148681 0.998242 0.0573727 -4.03042 0.996423 0.0195657 -0.0822075 368.908
-0.0782462 0.0687157 -0.994562 -25.7192 -0.0109647 0.997502 0.0697814 -3.91786 0.996873 0.0163653 -0.0772973 368.751
-0.0715321 0.0656723 -0.995273 -27.8269 -0.0227924 0.997462 0.0674548 -3.78452 0.997177 0.0275099 -0.0698537 368.571
-0.0617705 0.0637717 -0.996051 -29.2961 -0.0289522 0.997422 0.065655 -3.69048 0.99767 0.0328935 -0.0597649 368.474
-0.0528807 0.0683749 -0.996257 -30.83 -0.0341591 0.996945 0.0702353 -3.59002 0.998016 0.0377453 -0.0503835 368.385
-0.0530783 0.0653499 -0.996449 -32.4318 -0.0341431 0.997154 0.0672149 -3.48797 0.998005 0.0375896 -0.050696 368.302
-0.044487 0.0627282 -0.997038 -34.9797 -0.0306684 0.997471 0.0641238 -3.31715 0.998539 0.0334302 -0.0424507 368.19
-0.0385519 0.0731889 -0.996572 -37.6999 -0.0271915 0.996868 0.0742624 -3.1464 0.998886 0.0299613 -0.036441 368.083
-0.0351196 0.0649232 -0.997273 -40.4823 -0.0297833 0.997376 0.0659788 -2.97727 0.99894 0.0320192 -0.0330938 367.977
-0.0359614 0.0675691 -0.997066 -43.2972 -0.0295674 0.997203 0.0686448 -2.82104 0.998915 0.0319493 -0.033863 367.874
-0.0364125 0.0713044 -0.99679 -45.1922 -0.0293838 0.996944 0.0723888 -2.7173 0.998905 0.0319253 -0.0342061 367.791
-0.0370569 0.0716192 -0.996743 -47.0052 -0.0296401 0.996911 0.0727332 -2.60859 0.998873 0.0322389 -0.0348196 367.71
-0.0375432 0.0718728 -0.996707 -48.8138 -0.0299075 0.996883 0.073012 -2.4994 0.998847 0.0325501 -0.0352766 367.638
-0.0378029 0.072082 -0.996682 -50.6118 -0.0301867 0.996857 0.0732396 -2.39169 0.998829 0.0328552 -0.0355082 367.559
-0.0454546 0.078533 -0.995875 -52.4173 -0.0312453 0.996306 0.0799931 -2.27056 0.998477 0.0347524 -0.0428329 367.464
-0.0521941 0.0788814 -0.995518 -54.2113 -0.0377126 0.996009 0.0808976 -2.15138 0.997926 0.0417658 -0.0490109 367.357
-0.051031 0.0787441 -0.995588 -55.9831 -0.0380789 0.996008 0.0807292 -2.03335 0.997971 0.0420306 -0.0478289 367.245
-0.0480146 0.0808596 -0.995569 -58.6743 -0.0381136 0.995844 0.0827201 -1.84627 0.99812 0.0419165 -0.0447332 367.095
-0.0460806 0.0814756 -0.995609 -61.3265 -0.0380594 0.995801 0.0832529 -1.6571 0.998212 0.0417287 -0.0427862 366.95
-0.0448899 0.0810881 -0.995696 -63.0948 -0.0379471 0.995843 0.0828109 -1.52881 0.998271 0.0415011 -0.0416262 366.866
-0.0299421 0.0829094 -0.996108 -65.7524 -0.0395294 0.995676 0.0840617 -1.33738 0.99877 0.0418924 -0.0265353 366.766
-0.0156251 0.0769996 -0.996908 -68.3792 -0.0391129 0.99622 0.0775595 -1.15407 0.999112 0.040204 -0.0125544 366.713
-0.00729786 0.0686694 -0.997613 -70.9628 -0.0406533 0.996794 0.0689104 -0.986967 0.999147 0.0410591 -0.00448283 366.709
0.00312227 0.0715175 -0.997434 -73.5553 -0.0417325 0.99658 0.0713255 -0.842333 0.999124 0.0414028 0.00609619 366.705
0.0125084 0.0727257 -0.997273 -76.0744 -0.03589 0.996742 0.0722368 -0.704716 0.999277 0.0348886 0.0150777 366.726
0.0150278 0.0778493 -0.996852 -78.4276 -0.0365405 0.996341 0.0772586 -0.581448 0.99922 0.0352644 0.0178175 366.761
0.0174899 0.0831227 -0.996386 -80.6021 -0.0294296 0.996149 0.0825863 -0.457332 0.999414 0.0278788 0.0198688 366.79
0.00270727 0.0919414 -0.995761 -82.5836 -0.0224292 0.995519 0.0918582 -0.325027 0.999745 0.0220855 0.00475731 366.798
-0.0246094 0.0882003 -0.995798 -85.009 -0.0181042 0.995898 0.0886565 -0.140639 0.999533 0.02021 -0.0229117 366.762
-0.0573852 0.0774059 -0.995347 -87.9574 -0.0172658 0.996764 0.0785115 0.078936 0.998203 0.0216909 -0.055863 366.571
-0.0826357 0.0627193 -0.994606 -90.9266 -0.0188086 0.997742 0.0644798 0.279722 0.996404 0.0240354 -0.0812694 366.33
-0.0947846 0.0572542 -0.993851 -94.0394 -0.0273643 0.997818 0.0600925 0.445572 0.995123 0.0328918 -0.0930111 365.998
-0.0951206 0.066888 -0.993216 -96.6982 -0.0297852 0.997102 0.0700023 0.600294 0.99502 0.0362418 -0.0928526 365.731
-0.0922302 0.0917666 -0.991499 -98.8616 -0.0371839 0.994732 0.0955246 0.761806 0.995042 0.0456782 -0.0883321 365.536
-0.0874623 0.067629 -0.993869 -100.344 -0.0443735 0.996438 0.0717088 0.870197 0.995178 0.0503733 -0.0841498 365.396
-0.0843149 0.0750133 -0.993611 -101.896 -0.0448085 0.995868 0.078986 1.00638 0.99543 0.051182 -0.0806053 365.27
-0.0764185 0.0990094 -0.992148 -103.489 -0.0433961 0.993784 0.102515 1.12606 0.996131 0.0508895 -0.0716469 365.148
-0.0653629 0.0616715 -0.995954 -105.929 -0.0472215 0.996779 0.0648216 1.3335 0.996744 0.0512674 -0.0622402 364.976
-0.0549929 0.0762965 -0.995567 -107.656 -0.0597495 0.995038 0.0795564 1.44993 0.996697 0.0638597 -0.0501613 364.845
-0.0407023 0.0706444 -0.99667 -109.432 -0.0663754 0.995103 0.073244 1.57037 0.996964 0.0691357 -0.0358139 364.754
-0.0241186 0.0488376 -0.998515 -111.249 -0.0573124 0.997096 0.0501525 1.67789 0.998065 0.058437 -0.0212496 364.707
-0.00966435 0.0659597 -0.997775 -113.146 -0.0507721 0.996503 0.0663673 1.78436 0.998663 0.0513005 -0.00628164 364.701
0.00162723 0.0771193 -0.99702 -115.075 -0.0471385 0.995919 0.0769572 1.90543 0.998887 0.0468728 0.00525587 364.707
0.00931131 0.069303 -0.997553 -117.045 -0.0447716 0.996624 0.0688205 2.03753 0.998954 0.0440212 0.0123827 364.726
0.010264 0.0689378 -0.997568 -119.04 -0.0446905 0.996655 0.0684149 2.16617 0.998948 0.0438796 0.0133105 364.752
0.0106526 0.0687083 -0.99758 -121.051 -0.0445751 0.996677 0.0681702 2.28778 0.998949 0.043741 0.0136799 364.764
0.0104277 0.0685995 -0.99759 -123.063 -0.044424 0.996691 0.0680733 2.40566 0.998959 0.043607 0.0134406 364.769
-0.000364503 0.0518157 -0.998657 -126.044 -0.031612 0.998157 0.0518013 2.55529 0.9995 0.0315884 0.00127416 364.792
-0.0113274 0.0652079 -0.997808 -129.02 -0.0292778 0.997422 0.0655151 2.69306 0.999507 0.0299557 -0.00938907 364.768
-0.0195157 0.0587533 -0.998081 -130.945 -0.037473 0.997527 0.0594534 2.79374 0.999107 0.0385614 -0.0172657 364.716
-0.0211517 0.0592797 -0.998018 -132.87 -0.0376944 0.997484 0.0600469 2.88472 0.999066 0.0388898 -0.018864 364.667
-0.024999 0.0671475 -0.997431 -134.785 -0.0318688 0.997181 0.0679294 2.98262 0.99918 0.033485 -0.0227886 364.616
-0.0302444 0.0777458 -0.996515 -136.69 -0.0294468 0.996468 0.0786359 3.09812 0.999109 0.0317224 -0.0278482 364.561
-0.0343585 0.0679128 -0.9971 -138.577 -0.0338434 0.997037 0.0690747 3.21346 0.998837 0.0361185 -0.0319583 364.481
-0.0300485 0.0668852 -0.997308 -139.51 -0.0343973 0.997098 0.0679075 3.27113 0.998957 0.0363452 -0.0276606 364.443
-0.0293326 0.0679993 -0.997254 -141.421 -0.034317 0.997027 0.0689932 3.38336 0.998981 0.0362465 -0.0269119 364.377
-0.0289908 0.0688088 -0.997209 -143.326 -0.034213 0.996975 0.0697874 3.49268 0.998994 0.0361407 -0.0265489 364.314
-0.0290112 0.0693169 -0.997173 -145.213 -0.0340878 0.996944 0.0702927 3.60138 0.998998 0.0360307 -0.0265597 364.255
-0.0294018 0.0695149 -0.997145 -147.079 -0.0339381 0.996934 0.0705008 3.70367 0.998989 0.0359143 -0.0269524 364.188
-0.030143 0.0694063 -0.997133 -148.933 -0.0337706 0.996946 0.0704142 3.80275 0.998975 0.0357963 -0.0277071 364.139
-0.0314031 0.0688568 -0.997132 -151.711 -0.0335716 0.996989 0.0699042 3.96449 0.998943 0.0356705 -0.0289969 364.058
-0.0299094 0.076841 -0.996595 -154.412 -0.0309497 0.996491 0.0777619 4.12852 0.999074 0.0331701 -0.0274263 363.979
-0.0329154 0.0763263 -0.996539 -157.059 -0.0304156 0.996541 0.0773311 4.29212 0.998995 0.0328558 -0.03048 363.907
-0.0331133 0.0760437 -0.996554 -159.541 -0.0300589 0.996574 0.077044 4.44495 0.998999 0.0325065 -0.0307141 363.824
-0.0305165 0.0703941 -0.997052 -161.843 -0.022203 0.997223 0.0710858 4.57856 0.999287 0.0243069 -0.0288688 363.75
-0.0291927 0.0812772 -0.996265 -163.284 -0.0164028 0.996516 0.0817784 4.65359 0.99944 0.0187288 -0.0277578 363.706
-0.0310433 0.0621265 -0.997586 -165.27 -0.0198576 0.997831 0.0627597 4.76458 0.999321 0.0217579 -0.0297422 363.629
-0.0428033 0.0687413 -0.996714 -167.088 -0.027388 0.997175 0.0699492 4.85571 0.998706 0.0302923 -0.0407996 363.53
-0.0688346 0.0715982 -0.995056 -168.826 -0.0228225 0.997047 0.0733203 4.95648 0.997367 0.0277566 -0.0669973 363.439
-0.161675 0.0674745 -0.984534 -170.952 -0.0129881 0.997428 0.070491 5.07966 0.986758 0.0241839 -0.160383 363.114
-0.327128 0.0697377 -0.942406 -172.932 0.00133301 0.997306 0.0733377 5.20053 0.944982 0.0227344 -0.32634 362.477
-0.585196 0.0742077 -0.80749 -174.982 0.0180516 0.996749 0.0785184 5.35345 0.810691 0.0313721 -0.584633 361.173
-0.782062 0.0725215 -0.618969 -176.312 0.0310432 0.996506 0.077533 5.50698 0.622429 0.0414207 -0.781581 359.606
-0.85925 0.0665052 -0.507214 -176.8 0.032189 0.996577 0.0761398 5.59671 0.510542 0.0490965 -0.85845 358.627
-0.94347 0.0744206 -0.322993 -177.368 0.0526087 0.995738 0.0757559 5.70355 0.327254 0.0544812 -0.943363 357.056
-0.983319 0.0675443 -0.168887 -177.673 0.0568324 0.996101 0.0674806 5.80999 0.172786 0.0567567 -0.983323 355.316
-0.99283 0.0584223 -0.104285 -177.753 0.051749 0.996504 0.0655898 5.88283 0.107753 0.0597228 -0.992383 354.076
-0.996053 0.0597525 -0.0656612 -177.819 0.0555126 0.996366 0.0646032 5.95535 0.0692828 0.0607031 -0.99575 352.801
-0.997376 0.0687221 -0.022825 -177.868 0.0677444 0.996854 0.0411524 6.05082 0.0255813 0.0394981 -0.998893 350.843
-0.997813 0.0633713 0.0187236 -177.822 0.0640398 0.99724 0.0375717 6.12781 -0.0162909 0.0386887 -0.999117 348.758
-0.99762 0.0579772 0.0373019 -177.733 0.0593014 0.997611 0.0354283 6.20245 -0.0351588 0.0375561 -0.998675 346.559
-0.997038 0.0574677 0.0510862 -177.617 0.0593607 0.997575 0.0363427 6.27897 -0.0488738 0.0392676 -0.998031 344.22
-0.996587 0.0502803 0.0654799 -177.435 0.053075 0.997721 0.0416642 6.36549 -0.0632358 0.0449973 -0.996985 341.772
-0.996347 0.0467679 0.0714706 -177.3 0.0494428 0.998123 0.0361258 6.42148 -0.069647 0.0395275 -0.99679 340.084
-0.996337 0.0468007 0.0715784 -177.159 0.0494895 0.998116 0.0362635 6.47061 -0.0697464 0.0396731 -0.996776 338.355
-0.996326 0.0468354 0.0716922 -177.026 0.0495384 0.998109 0.0363991 6.52907 -0.0698518 0.0398169 -0.996762 336.559
-0.996315 0.0468702 0.0718098 -176.957 0.0495871 0.998102 0.0365306 6.55328 -0.0699613 0.0399568 -0.996748 335.653
-0.996305 0.0469049 0.0719315 -176.886 0.0496359 0.998094 0.0366599 6.5808 -0.0700749 0.0400949 -0.996734 334.737
-0.996294 0.0469396 0.0720571 -176.819 0.0496847 0.998087 0.0367872 6.61362 -0.0701924 0.040231 -0.99672 333.815
-0.996283 0.0469743 0.0721866 -176.744 0.0497335 0.99808 0.0369123 6.63243 -0.0703141 0.0403653 -0.996706 332.886
-0.996563 0.0474454 0.0679291 -176.606 0.0505871 0.997692 0.0453023 6.69128 -0.065623 0.0485829 -0.996663 331.02
-0.99714 0.0437725 0.0616329 -176.411 0.0471703 0.997383 0.0547983 6.80013 -0.0590729 0.0575487 -0.996595 328.236
-0.997126 0.0438064 0.0617942 -176.294 0.0472199 0.997374 0.054907 6.8818 -0.0592266 0.0576672 -0.996577 326.36
-0.997116 0.0438402 0.0619653 -176.177 0.0472697 0.997366 0.0550076 6.96675 -0.0593906 0.057778 -0.996562 324.496
-0.997102 0.0438738 0.0621463 -176.073 0.0473195 0.997359 0.0551038 7.04422 -0.0595646 0.0578849 -0.996544 322.636
-0.997652 0.0359112 0.0583364 -175.938 0.0390055 0.997843 0.052799 7.12735 -0.0563145 0.0549504 -0.996901 320.786
-0.997637 0.0359452 0.0585347 -175.821 0.0390551 0.997837 0.0528818 7.21139 -0.0565072 0.0550429 -0.996882 318.922
-0.997625 0.035981 0.058743 -175.692 0.0391069 0.997831 0.0529603 7.29846 -0.05671 0.0551318 -0.996868 317.03
-0.997293 0.0496388 0.0542255 -175.605 0.0523428 0.997395 0.0496388 7.38705 -0.0516202 0.0523428 -0.997293 315.112
-0.99728 0.0496748 0.054456 -175.5 0.0523943 0.997389 0.0497035 7.47418 -0.0518448 0.0524215 -0.997279 313.193
-0.997112 0.0525526 0.0548071 -175.392 0.0558024 0.996664 0.0595562 7.55558 -0.0514944 0.0624426 -0.996718 311.276
-0.997294 0.0452267 0.0579477 -175.203 0.0477397 0.997945 0.042742 7.66763 -0.0558955 0.0453928 -0.997404 308.455
-0.997277 0.045265 0.0582134 -175.084 0.0477928 0.99794 0.0427883 7.72376 -0.0561567 0.045454 -0.997386 306.562
-0.997259 0.0453053 0.0584871 -174.964 0.047848 0.997936 0.0428303 7.78498 -0.0564259 0.0455114 -0.997368 304.675
-0.997241 0.0453434 0.0587726 -174.852 0.0479013 0.997932 0.0428681 7.8372 -0.0567073 0.0455651 -0.997351 302.807
-0.997223 0.0453815 0.0590661 -174.746 0.0479547 0.997928 0.0429017 7.89116 -0.0569967 0.045615 -0.997333 300.953
-0.997201 0.0454213 0.0593734 -174.641 0.0480103 0.997924 0.0429309 7.94972 -0.0573001 0.0456613 -0.997311 299.101
-0.997182 0.0454611 0.0596867 -174.519 0.0480659 0.99792 0.0429559 8.01609 -0.0576097 0.0457037 -0.997293 297.235
-0.99716 0.0454987 0.0600137 -174.41 0.0481196 0.997917 0.0429746 8.07499 -0.0579333 0.0457404 -0.997271 295.391
-0.995988 0.0568805 0.0690721 -174.233 0.059764 0.997394 0.0404209 8.16236 -0.0665929 0.0443868 -0.996792 292.603
-0.995327 0.051949 0.0813781 -173.994 0.0549512 0.997872 0.035096 8.23802 -0.0793817 0.0394038 -0.996064 289.835
-0.995127 0.051014 0.0843675 -173.826 0.0549431 0.997478 0.044923 8.29009 -0.0818631 0.0493396 -0.99542 287.961
-0.995095 0.0510545 0.0847337 -173.662 0.0550015 0.997475 0.0449188 8.36016 -0.0822265 0.049359 -0.995391 286.062
-0.994472 0.0606057 0.0857594 -173.502 0.0637013 0.997395 0.0338294 8.42132 -0.0834858 0.0391054 -0.995742 284.196
-0.994606 0.0571953 0.0865173 -173.339 0.0613845 0.997028 0.0465589 8.47583 -0.0835972 0.0516186 -0.995161 282.294
-0.99457 0.0572333 0.0869089 -173.09 0.0614413 0.997025 0.0465388 8.58976 -0.0839868 0.0516259 -0.995128 279.413
-0.994534 0.0572733 0.0873103 -172.921 0.0615 0.997023 0.0465123 8.66285 -0.0843865 0.0516276 -0.995095 277.488
-0.994644 0.0608347 0.0835564 -172.766 0.0655433 0.996343 0.0548136 8.74169 -0.0799163 0.0599966 -0.994994 275.533
-0.994606 0.0608709 0.0839737 -172.587 0.0656017 0.996341 0.0547759 8.81915 -0.0803322 0.0599894 -0.994961 273.58
-0.994569 0.0609092 0.0843987 -172.417 0.0656622 0.99634 0.0547319 8.90366 -0.0807561 0.0599765 -0.994928 271.61
-0.994531 0.0609455 0.0848256 -172.321 0.0657205 0.996338 0.0546859 8.9486 -0.0811822 0.0599616 -0.994895 270.626
-0.994489 0.0609837 0.0852584 -172.228 0.0657809 0.996337 0.0546355 8.99404 -0.0816142 0.0599429 -0.994858 269.633
-0.994451 0.061022 0.0856931 -172.131 0.0658412 0.996336 0.0545831 9.03948 -0.0820484 0.0599224 -0.994826 268.647
-0.994409 0.0610584 0.0861316 -172.041 0.0658994 0.996335 0.0545266 9.0735 -0.0824866 0.0598979 -0.994789 267.664
-0.994296 0.0605443 0.0877969 -171.861 0.0644491 0.997022 0.0423416 9.15785 -0.084972 0.0477586 -0.995237 265.716
-0.994254 0.0605895 0.088247 -171.763 0.0645105 0.997021 0.0422768 9.18777 -0.0854226 0.0477267 -0.995201 264.717
-0.994212 0.0606327 0.088701 -171.673 0.0645699 0.99702 0.0422098 9.22052 -0.0858774 0.0476929 -0.995164 263.74
-0.99422 0.0524103 0.0936984 -171.467 0.0569306 0.997307 0.0462372 9.28643 -0.0910227 0.0513043 -0.994526 261.75
-0.993583 0.0586464 0.0967379 -171.263 0.0614318 0.997771 0.0260687 9.3411 -0.0949935 0.0318441 -0.99497 259.764
-0.993061 0.062985 0.0993014 -171.17 0.0648549 0.997771 0.0157127 9.35844 -0.0980904 0.0220439 -0.994933 258.772
