1 0 0 0 0 1 0 0 0 0 1 0
1 0 0 -0.015399 0 1 0 0.000644 0 0 1 0.724361
1 0 0 -0.03972 0 1 0 -0.00684 0 0 1 2.22504
1 0 0 -0.086376 0 1 0 -0.014672 0 0 1 3.77688
0.999433 0.00552067 -0.0331995 -0.177338 -0.00540177 0.999979 0.0036702 -0.027881 0.033219 -0.00348878 0.999442 6.19695
0.999244 0.00209398 -0.0388091 -0.283023 -0.00195725 0.999992 0.00356066 -0.033731 0.0388162 -0.00348201 0.99924 8.68737
0.999038 0.0031761 -0.0437425 -0.39805 -0.00325835 0.999993 -0.00180915 -0.048054 0.0437364 0.00194994 0.999041 11.2692
0.998817 0.00700268 -0.0481163 -0.532122 -0.00706515 0.999974 -0.00112831 -0.0779 0.0481072 0.00146692 0.998841 13.9329
0.998647 0.00737384 -0.0514771 -0.686547 -0.00740916 0.999972 -0.000495402 -0.100081 0.0514721 0.000876134 0.998674 16.6392
0.998563 0.0059044 -0.053255 -0.782604 -0.00587137 0.999982 0.000776675 -0.119152 0.0532587 -0.00046288 0.998581 18.4725
0.99859 0.00821017 -0.0524478 -0.8883 -0.00780006 0.999937 0.00801939 -0.129581 0.0525104 -0.00759899 0.998591 20.3253
0.998816 0.0079224 -0.0479944 -1.0396 -0.00751289 0.999934 0.00870684 -0.133118 0.0480602 -0.00833596 0.99881 23.1399
0.998965 0.00460427 -0.0452409 -1.17127 -0.00449737 0.999987 0.0024644 -0.146265 0.0452517 -0.00225838 0.998973 25.9863
0.998943 -0.000932018 -0.0459573 -1.26055 0.00141133 0.999945 0.0103982 -0.147978 0.0459451 -0.010452 0.998889 27.9424
0.998752 -0.0108899 -0.0487525 -1.34013 0.0112071 0.999918 0.00623864 -0.153553 0.0486806 -0.00677723 0.998791 29.9014
0.998571 -0.00928975 -0.052623 -1.50865 0.00946752 0.99995 0.00312992 -0.16925 0.0525913 -0.00362366 0.99861 32.8561
0.998444 -0.00629308 -0.0554032 -1.60782 0.00672176 0.999949 0.00755461 -0.189776 0.0553529 -0.00791526 0.998435 34.8021
0.998392 0.001584 -0.0566586 -1.78691 -0.000703009 0.999879 0.0155657 -0.202984 0.0566764 -0.0155009 0.998272 37.7116
0.998374 0.00394159 -0.0568651 -1.97114 -0.00334735 0.999939 0.0105414 -0.188438 0.0569031 -0.0103339 0.998326 40.6967
0.998262 0.00175737 -0.0589048 -2.09321 -0.00103736 0.999924 0.0122517 -0.198741 0.0589218 -0.0121693 0.998188 42.6739
0.998164 0.00509948 -0.0603591 -2.29322 -0.00478395 0.999974 0.00537089 -0.205494 0.0603849 -0.00507227 0.998162 45.6182
0.99815 0.00276016 -0.0607419 -2.48873 -0.00210552 0.999939 0.0108388 -0.216299 0.0607681 -0.0106909 0.998095 48.5428
0.998093 -0.0053366 -0.061497 -2.66041 0.0059259 0.999938 0.00940408 -0.230063 0.061443 -0.00975057 0.998063 51.4094
0.997847 -0.0112877 -0.0646044 -2.83348 0.0125663 0.999732 0.0194194 -0.227587 0.0643679 -0.0201894 0.997722 54.2565
0.997669 -0.00675789 -0.0679109 -3.02898 0.00743366 0.999925 0.00970298 -0.214854 0.0678403 -0.0101852 0.997644 57.0348
0.997477 0.0020801 -0.070963 -3.24834 -0.00147362 0.999962 0.00859767 -0.231422 0.0709781 -0.0084714 0.997442 59.7515
0.997155 0.00698603 -0.0750594 -3.45027 -0.0062084 0.999925 0.0105886 -0.248848 0.0751277 -0.0100924 0.997123 62.3682
0.996847 0.00788534 -0.07896 -3.65679 -0.0068987 0.999895 0.0127604 -0.263596 0.0790523 -0.0121754 0.996796 64.8508
0.99629 0.0179645 -0.0841653 -3.93022 -0.0166022 0.99972 0.0168584 -0.264073 0.0844446 -0.0153985 0.996309 67.9529
0.996008 0.0176101 -0.0875053 -4.12447 -0.0174389 0.999844 0.00272048 -0.275467 0.0875396 -0.00118362 0.99616 70.0694
0.995705 0.0170593 -0.0910025 -4.30265 -0.0166124 0.999846 0.00566677 -0.310484 0.0910852 -0.00413066 0.995835 72.0042
0.99654 0.0125731 -0.0821623 -4.51019 -0.0127489 0.999917 -0.0016152 -0.340582 0.0821353 0.00265709 0.996618 74.3793
0.998563 0.00633144 -0.0532096 -4.63404 -0.00586406 0.999943 0.00893519 -0.37135 0.0532631 -0.00861033 0.998543 76.5325
0.999516 0.0113226 0.02897 -4.6147 -0.0116343 0.999876 0.0106126 -0.384287 -0.0288462 -0.0109445 0.999524 78.4978
0.985272 0.00981564 0.170713 -4.32891 -0.0123815 0.999826 0.0139724 -0.396092 -0.170546 -0.0158803 0.985222 80.2916
0.903152 0.0136411 0.429104 -3.51945 -0.0170436 0.999846 0.00408751 -0.415427 -0.428983 -0.0110051 0.903246 82.1894
0.671766 0.00969761 0.7407 -1.91874 -0.0141646 0.9999 -0.000244805 -0.445352 -0.740628 -0.0103273 0.671836 83.8279
0.394794 0.0105656 0.918709 0.109112 -0.00504069 0.999944 -0.00933376 -0.487849 -0.918756 -0.000946024 0.394825 84.7464
0.254763 0.0108162 0.966943 1.58765 0.000449672 0.999936 -0.0113037 -0.520647 -0.967004 0.00331458 0.254742 85.1068
0.156631 0.0241636 0.987361 3.17537 0.0105016 0.999603 -0.0261292 -0.567985 -0.987601 0.0144615 0.156315 85.3282
0.103645 0.0275296 0.994234 4.49409 0.00818306 0.999559 -0.0285302 -0.601977 -0.994581 0.0110929 0.103374 85.4633
0.0643827 0.0212874 0.997699 5.94633 0.0141363 0.999653 -0.0222413 -0.653759 -0.997826 0.0155358 0.0640594 85.5431
0.0407705 0.0228355 0.998907 7.53788 0.0211825 0.999494 -0.0237135 -0.69895 -0.998944 0.0221261 0.0402662 85.5967
0.0248769 0.0245657 0.999389 9.27779 0.025516 0.999357 -0.0252001 -0.749684 -0.999366 0.0261273 0.0242341 85.6292
0.0190564 0.0242547 0.999524 10.5368 0.0275086 0.999315 -0.024774 -0.78528 -0.99944 0.0279676 0.0183761 85.6464
0.0170656 0.0227496 0.999595 12.5601 0.0375472 0.999021 -0.0233776 -0.844276 -0.999148 0.0379309 0.0161947 85.6681
0.0278218 0.022096 0.999369 14.73 0.0426538 0.998819 -0.0232713 -0.903997 -0.998703 0.0432743 0.0268465 85.7114
0.0436112 0.015459 0.998929 17.826 0.0399549 0.999053 -0.0172053 -0.989151 -0.998249 0.0406625 0.0429523 85.8515
0.0521107 0.0254837 0.998316 20.2266 0.0295003 0.999199 -0.0270461 -1.06542 -0.998206 0.03086 0.0513171 85.9904
0.0516632 0.0266259 0.99831 22.6716 0.0219863 0.999372 -0.027792 -1.15011 -0.998423 0.023385 0.0510454 86.1482
0.052112 0.0245847 0.998338 25.1306 0.0178613 0.999514 -0.025546 -1.25411 -0.998481 0.0191628 0.0516476 86.2839
0.044073 0.0251386 0.998712 28.386 0.00589875 0.999659 -0.0254228 -1.3788 -0.999011 0.00701162 0.0439097 86.4721
0.0255735 0.0208852 0.999455 30.8068 0.00215637 0.999778 -0.0209472 -1.46453 -0.999671 0.00269089 0.0255228 86.5558
-0.00335451 0.0213033 0.999766 33.2086 0.00391088 0.999766 -0.0212902 -1.54414 -0.999986 0.00383854 -0.00343704 86.5735
-0.0249928 0.0195098 0.999497 34.7906 0.00400496 0.999803 -0.0194157 -1.6026 -0.999679 0.00351769 -0.025066 86.537
-0.0466909 0.0203571 0.998702 36.3483 0.00436589 0.999787 -0.0201751 -1.65417 -0.9989 0.00341823 -0.0467698 86.466
-0.076859 0.0232615 0.996769 38.6371 0.00597698 0.999721 -0.0228695 -1.73542 -0.997023 0.00419992 -0.0769766 86.3024
-0.104617 0.0235053 0.994235 40.8937 0.00866134 0.999704 -0.0227233 -1.81448 -0.994475 0.00623416 -0.10479 86.0871
-0.121231 0.0195406 0.992431 43.0448 0.0166775 0.999705 -0.0176466 -1.89023 -0.992484 0.014412 -0.121522 85.8215
-0.125504 0.0173492 0.991941 44.4223 0.0183648 0.999716 -0.0151616 -1.93821 -0.991923 0.0163139 -0.125787 85.6502
-0.12479 0.0190021 0.992 45.7269 0.0198143 0.999665 -0.0166563 -1.97761 -0.991984 0.0175772 -0.125125 85.475
-0.108516 0.021538 0.993861 47.5527 0.0204807 0.999602 -0.0194262 -2.05181 -0.993884 0.0182469 -0.108914 85.2686
-0.0456167 0.0253259 0.998638 49.7409 0.0154221 0.999577 -0.0246453 -2.14369 -0.99884 0.0142768 -0.045988 85.1595
0.0786808 0.0271266 0.996531 51.7747 0.00774436 0.999583 -0.0278211 -2.2296 -0.99687 0.0099065 0.0784379 85.2885
0.268187 0.0140517 0.963265 53.6967 -0.00487456 0.999901 -0.013229 -2.30596 -0.963355 -0.00114765 0.268229 85.7585
0.442041 0.0179897 0.896814 55.0778 -0.0017331 0.999814 -0.0192015 -2.34096 -0.896992 0.00693359 0.44199 86.3842
0.560197 0.0247863 0.827988 55.864 -0.00358784 0.999615 -0.0274966 -2.37479 -0.828352 0.0124328 0.56007 86.9463
0.670274 0.0292157 0.741538 56.5363 -0.00894347 0.99947 -0.0312939 -2.3955 -0.74206 0.0143436 0.67018 87.599
0.764898 0.0245767 0.643682 57.1095 -0.0111556 0.999627 -0.0249108 -2.41929 -0.644054 0.0118736 0.764887 88.3431
0.875028 0.0137391 0.483878 57.754 -0.013829 0.999899 -0.00338288 -2.4453 -0.483875 -0.00373145 0.875129 89.5946
0.958357 0.0284565 0.284151 58.3809 -0.0321612 0.999448 0.0083798 -2.46971 -0.283755 -0.0171694 0.958743 91.8196
0.975399 0.043259 0.216163 59.0023 -0.0454015 0.998957 0.00495292 -2.46977 -0.215723 -0.0146452 0.976345 94.7916
0.973333 0.0423389 0.225454 59.5048 -0.0405622 0.999099 -0.0125089 -2.48491 -0.22578 0.00303038 0.974174 96.9437
0.9689 0.0420415 0.243857 60.08 -0.0438542 0.999036 0.00200648 -2.51286 -0.243538 -0.0126382 0.969809 99.3275
0.967646 0.0303336 0.250481 60.7448 -0.0307225 0.999525 -0.00235835 -2.53013 -0.250433 -0.00541334 0.968119 101.86
0.968998 0.0340697 0.244707 61.2439 -0.0329526 0.999419 -0.00865885 -2.54203 -0.24486 0.000326668 0.969558 103.879
0.970373 0.0335328 0.239274 61.7664 -0.0356245 0.999355 0.00442086 -2.56866 -0.238971 -0.0128139 0.970942 106.039
0.972523 0.0393294 0.229463 62.2799 -0.0383433 0.999226 -0.00875607 -2.57966 -0.22963 -0.000282894 0.973278 108.273
0.975245 0.0284451 0.219291 62.9792 -0.0292146 0.999573 0.000266391 -2.61643 -0.219189 -0.00666629 0.97566 111.401
0.975364 0.0289774 0.218691 63.5181 -0.0299084 0.999552 0.000947164 -2.6319 -0.218566 -0.00746453 0.975794 113.812
0.972165 0.0525459 0.228331 64.4165 -0.0534763 0.998567 -0.00211484 -2.68462 -0.228115 -0.0101543 0.973581 117.958
0.972029 0.0383176 0.231714 65.0217 -0.0381659 0.999258 -0.0051391 -2.71841 -0.231739 -0.00384822 0.97277 120.453
0.970285 0.0461421 0.237523 65.7963 -0.0494018 0.998749 0.00778663 -2.77181 -0.236866 -0.0192893 0.971351 123.801
0.970885 0.0361807 0.236799 66.6108 -0.0341212 0.999336 -0.012791 -2.82809 -0.237105 0.00433874 0.971474 127.075
0.971744 0.0299442 0.234132 67.1939 -0.0349606 0.999239 0.0173035 -2.85268 -0.233435 -0.025 0.972051 129.535
0.973451 0.0346609 0.226255 67.9261 -0.0343524 0.999396 -0.00530157 -2.89591 -0.226302 -0.00261161 0.974054 132.737
0.975758 0.0400214 0.215162 68.4381 -0.0392258 0.999199 -0.00796819 -2.94392 -0.215308 -0.000664873 0.976546 135.153
0.976592 0.045849 0.210157 68.9275 -0.0466448 0.998911 -0.00117118 -2.9916 -0.209982 -0.00865896 0.977667 137.543
0.977657 0.0422784 0.205909 69.2575 -0.0423807 0.999094 -0.00391579 -3.02069 -0.205888 -0.00489826 0.978563 139.123
0.980232 0.0349678 0.194735 69.5786 -0.0338971 0.999386 -0.00882862 -3.04222 -0.194924 0.00205316 0.980816 140.692
0.982809 0.0305693 0.182076 69.8781 -0.0319041 0.999481 0.00440587 -3.05468 -0.181847 -0.0101391 0.983275 142.274
0.984684 0.0372599 0.170319 70.2627 -0.0398768 0.999133 0.0119685 -3.06722 -0.169725 -0.018577 0.985316 144.665
0.988898 0.0409372 0.142844 70.7091 -0.0416045 0.999133 0.00168691 -3.09271 -0.142651 -0.00761115 0.989744 147.826
0.992938 0.0480964 0.108452 71.0582 -0.0478337 0.998843 -0.00502329 -3.12461 -0.108568 -0.000199837 0.994089 151.064
0.995412 0.0535677 0.0792791 71.3171 -0.0547965 0.998408 0.0134043 -3.1427 -0.0784349 -0.017687 0.996762 154.347
0.995767 0.063801 0.0661673 71.4623 -0.0639156 0.997955 -0.000385209 -3.15333 -0.0660566 -0.00384554 0.997808 156.79
0.995983 0.0681312 0.0581037 71.5833 -0.0690267 0.997523 0.0135438 -3.16301 -0.057037 -0.0175001 0.998219 159.294
0.99804 0.0508443 0.0364862 71.7399 -0.0510016 0.998693 0.00339277 -3.16472 -0.036266 -0.00524697 0.999328 162.569
0.999218 0.0384097 0.00940816 71.7866 -0.0385836 0.999074 0.0190573 -3.16065 -0.00866746 -0.0194054 0.999774 165.888
0.999594 0.0154637 -0.0239315 71.7615 -0.0153331 0.999867 0.00563004 -3.16733 0.0240154 -0.00526081 0.999698 170.073
0.998706 0.0319355 -0.03957 71.5973 -0.0314428 0.999421 0.0130123 -3.15128 0.0399627 -0.0117512 0.999132 173.432
0.998239 0.0356837 -0.0473897 71.4338 -0.0350475 0.999285 0.0141888 -3.15595 0.0478621 -0.0125029 0.998776 176.811
0.99826 0.0240108 -0.0538646 71.2687 -0.0241362 0.999707 -0.0016804 -3.15507 0.0538085 0.00297757 0.998547 180.176
0.997984 0.022541 -0.0593229 71.0661 -0.0218118 0.999679 0.0129096 -3.18186 0.0595949 -0.0115896 0.998155 183.581
0.997681 0.0311763 -0.0604976 70.838 -0.0308755 0.999506 0.0058999 -3.20036 0.0606517 -0.00401832 0.998151 186.946
0.997232 0.0418585 -0.0614577 70.6531 -0.0412148 0.999082 0.0117053 -3.21414 0.0618912 -0.00913995 0.998041 189.436
0.997119 0.0421834 -0.0630339 70.5418 -0.0421038 0.99911 0.00259181 -3.22245 0.0630871 6.96261e-05 0.998008 191.062
0.996839 0.043856 -0.0662442 70.4274 -0.0431339 0.998994 0.0122914 -3.22227 0.0667166 -0.00939515 0.997728 192.674
0.996984 0.0369035 -0.0682675 70.2153 -0.0361923 0.999277 0.0116269 -3.22611 0.0686473 -0.00912112 0.997599 195.76
