1 8.48728e-22 -6.96064e-20 -1.36208e-21 -8.48728e-22 1 -1.46003e-21 -3.94249e-23 6.96064e-20 1.46003e-21 1 -4.62709e-21
1 8.50076e-10 -6.85458e-08 -0.015399 -8.50076e-10 1 -1.43421e-09 0.000644 6.85458e-08 1.43421e-09 1 0.724361
0.99996 0.000799043 -0.00885663 -0.0327371 -0.000811745 0.999999 -0.00143062 -0.005839 0.00885547 0.00143776 0.99996 2.22514
0.999831 0.00359636 -0.0180174 -0.0721713 -0.0036055 0.999993 -0.000475178 -0.012668 0.0180155 0.000540059 0.999838 3.77718
0.999584 0.0040376 -0.0285617 -0.151871 -0.00391604 0.999983 0.00431077 -0.0243396 0.0285786 -0.00419713 0.999583 6.19766
0.999584 0.0040376 -0.0285617 -0.245977 -0.00391604 0.999983 0.00431077 -0.0286251 0.0285786 -0.00419713 0.999583 8.68855
0.999584 0.0040376 -0.0285617 -0.33457 -0.00391604 0.999983 0.00431077 -0.0409829 0.0285786 -0.00419713 0.999583 11.2714
0.999584 0.0040376 -0.0285617 -0.428183 -0.00391604 0.999983 0.00431077 -0.0544953 0.0285786 -0.00419713 0.999583 13.937
0.999584 0.0040376 -0.0285619 -0.529564 -0.00391604 0.999983 0.00431077 -0.0620099 0.0285788 -0.00419713 0.999583 16.6458
0.999584 0.0040376 -0.0285619 -0.583491 -0.00391604 0.999983 0.00431077 -0.0722608 0.0285788 -0.00419713 0.999583 18.481
0.999584 0.0040376 -0.0285619 -0.643346 -0.00391604 0.999983 0.00431077 -0.0761442 0.0285788 -0.00419713 0.999583 20.3359
0.999584 0.0040376 -0.0285619 -0.727215 -0.00391604 0.999983 0.00431077 -0.0901499 0.0285788 -0.00419713 0.999583 23.1532
0.999584 0.0040376 -0.0285619 -0.803366 -0.00391604 0.999983 0.00431077 -0.115804 0.0285788 -0.00419713 0.999583 26.0016
0.99957 -0.00163368 -0.029283 -0.859976 0.001993 0.999923 0.0122456 -0.1139 0.0292608 -0.0122987 0.999496 27.9589
0.999419 -0.011529 -0.0320775 -0.906845 0.011794 0.999898 0.00808325 -0.115848 0.031981 -0.00845688 0.999453 29.919
0.999419 -0.011529 -0.0320775 -1.02601 0.011794 0.999898 0.00808325 -0.126099 0.031981 -0.00845688 0.999453 32.8761
0.999419 -0.011529 -0.0320775 -1.08509 0.011794 0.999898 0.00808325 -0.136967 0.031981 -0.00845688 0.999453 34.8238
0.999435 -0.00383024 -0.0333783 -1.19603 0.00436914 0.999861 0.0160872 -0.148725 0.0333121 -0.0162239 0.999313 37.7367
0.999435 -0.00383024 -0.0333785 -1.31047 0.00436914 0.999861 0.0160872 -0.132695 0.0333123 -0.0162239 0.999313 40.7252
0.999435 -0.00383024 -0.0333785 -1.38579 0.00436914 0.999861 0.0160872 -0.132083 0.0333123 -0.0162239 0.999313 42.7049
0.999435 -0.00383024 -0.0333785 -1.51027 0.00436914 0.999861 0.0160872 -0.12766 0.0333123 -0.0162239 0.999313 45.6533
0.999435 -0.00383024 -0.0333785 -1.62649 0.00436914 0.999861 0.0160872 -0.10722 0.0333123 -0.0162239 0.999313 48.5821
0.999435 -0.00383024 -0.0333783 -1.7193 0.00436914 0.999861 0.0160872 -0.105894 0.0333121 -0.0162239 0.999313 51.4523
0.999284 -0.0100739 -0.0364756 -1.8122 0.01103 0.999598 0.026106 -0.0843596 0.0361979 -0.0264896 0.998993 54.3031
0.999194 -0.00526371 -0.0398018 -1.92944 0.00592025 0.999848 0.0163954 -0.0529774 0.0397094 -0.0166179 0.999073 57.0857
0.999075 0.00361911 -0.0428594 -2.07232 -0.00296593 0.999879 0.0152939 -0.0512537 0.0429095 -0.0151526 0.998964 59.8075
0.999075 0.00361911 -0.0428594 -2.20058 -0.00296593 0.999879 0.0152939 -0.0510803 0.0429095 -0.0151526 0.998964 62.4289
0.999075 0.00361911 -0.0428594 -2.3268 -0.00296593 0.999879 0.0152939 -0.0541709 0.0429095 -0.0151526 0.998964 64.9169
0.998751 0.0135753 -0.0480943 -2.4877 -0.0126558 0.999732 0.0193728 -0.046865 0.0483444 -0.0187399 0.998655 68.0269
0.998585 0.0137344 -0.0513831 -2.60513 -0.0134837 0.999895 0.00522131 -0.0529769 0.0514494 -0.00452109 0.998665 70.149
0.998585 0.0137344 -0.0513831 -2.713 -0.0134837 0.999895 0.00522131 -0.0831664 0.0514494 -0.00452109 0.998665 72.0891
0.999051 0.00952163 -0.0424958 -2.82591 -0.00961665 0.999952 -0.0020322 -0.114295 0.0424744 0.00243894 0.999095 74.4706
0.999905 0.00283846 -0.0135226 -2.86402 -0.00272219 0.999959 0.00860865 -0.145794 0.0135464 -0.00857102 0.999872 76.627
0.997613 0.00773286 0.0686257 -2.76657 -0.00847605 0.999908 0.0105451 -0.15898 -0.0685379 -0.0111016 0.997587 78.5899
0.977752 0.0060311 0.209677 -2.4097 -0.00924572 0.999854 0.0143544 -0.170167 -0.209559 -0.0159737 0.977665 80.371
0.885443 0.010046 0.464639 -1.52542 -0.0141255 0.999886 0.00529975 -0.187247 -0.464533 -0.0112559 0.885484 82.2351
0.641849 0.00613382 0.766807 0.13921 -0.0119284 0.999927 0.00198599 -0.21238 -0.766738 -0.0104215 0.641875 83.8087
0.357988 0.00737307 0.933697 2.20208 -0.00364918 0.999972 -0.00649729 -0.248623 -0.933719 -0.00108128 0.358005 84.6459
0.216134 0.00779226 0.976333 3.69387 0.0014074 0.999965 -0.00829243 -0.276812 -0.976363 0.00316637 0.216116 84.9473
0.11723 0.0215723 0.99287 5.28927 0.0111519 0.999672 -0.0230368 -0.319175 -0.993042 0.013773 0.116951 85.1054
0.0640161 0.0248045 0.99764 6.61242 0.00866716 0.99964 -0.0254103 -0.349027 -0.997911 0.0102734 0.0637781 85.188
0.0246381 0.0187417 0.999521 8.06685 0.0144976 0.999712 -0.0191027 -0.396239 -0.999592 0.0149613 0.0243593 85.21
0.00097474 0.0205508 0.999788 9.6594 0.0214696 0.999558 -0.020567 -0.436417 -0.999769 0.0214851 0.000533092 85.2003
-0.0149363 0.0224391 0.999638 11.3994 0.0257525 0.999425 -0.0220496 -0.481665 -0.999558 0.0254139 -0.0155056 85.1636
-0.0149363 0.0224391 0.999638 12.6582 0.0257526 0.999425 -0.0220496 -0.51329 -0.999558 0.0254139 -0.0155056 85.1308
-0.0169428 0.0212739 0.999631 14.6812 0.0357869 0.999146 -0.0206571 -0.566802 -0.999216 0.0354236 -0.0176896 85.0839
-0.00618723 0.0208036 0.999764 16.8514 0.0409229 0.998951 -0.0205334 -0.620603 -0.999143 0.0407862 -0.00703209 85.0537
0.00961121 0.0140806 0.999856 19.9507 0.0382672 0.999163 -0.0144388 -0.697171 -0.999222 0.0384005 0.00906435 85.0889
0.0181415 0.0237667 0.999552 22.3548 0.0278348 0.999318 -0.0242663 -0.766728 -0.999447 0.0282625 0.0174675 85.1464
0.0181415 0.0237668 0.999552 24.804 0.0278348 0.999318 -0.0242663 -0.844551 -0.999447 0.0282625 0.0174675 85.2213
0.0181415 0.0237668 0.999552 27.2665 0.0278347 0.999318 -0.0242664 -0.939919 -0.999447 0.0282625 0.0174675 85.2741
0.0101032 0.023908 0.999664 30.5266 0.0158642 0.999584 -0.0240665 -1.06063 -0.999824 0.016102 0.00971972 85.3504
-0.00839847 0.0195103 0.999774 32.9489 0.0120953 0.999738 -0.019408 -1.14284 -0.999891 0.0119295 -0.00863226 85.3511
-0.0373255 0.019967 0.999104 35.3501 0.0138008 0.999715 -0.0194636 -1.21833 -0.999208 0.0130619 -0.0375904 85.2864
-0.0589423 0.018163 0.998096 36.93 0.013854 0.999753 -0.0173751 -1.27358 -0.998165 0.0128035 -0.0591794 85.1957
-0.0805975 0.0190062 0.996566 38.4845 0.0141674 0.999739 -0.0179209 -1.32165 -0.996646 0.0126744 -0.0808457 85.0714
-0.11069 0.0219365 0.993613 40.7665 0.0157071 0.99967 -0.0203204 -1.39718 -0.993731 0.0133575 -0.110998 84.8294
-0.138346 0.0222484 0.990133 43.0146 0.0183151 0.999634 -0.0199028 -1.47007 -0.990214 0.0153809 -0.138703 84.5367
-0.154895 0.0185634 0.987755 45.1556 0.0262822 0.999547 -0.0146636 -1.53933 -0.98758 0.023689 -0.155313 84.1976
-0.154895 0.0185635 0.987755 46.5265 0.0262821 0.999547 -0.0146636 -1.58314 -0.98758 0.023689 -0.155313 83.9792
-0.154895 0.0185633 0.987755 47.8253 0.026282 0.999547 -0.0146635 -1.62181 -0.98758 0.0236888 -0.155313 83.765
-0.138689 0.0211204 0.990111 49.6441 0.0269801 0.999482 -0.0175411 -1.6925 -0.989969 0.0242805 -0.139187 83.5027
-0.0759615 0.0247857 0.996802 51.828 0.022028 0.999489 -0.0231738 -1.7811 -0.996866 0.0201972 -0.0764686 83.3266
0.0483453 0.0264523 0.998479 53.8649 0.0144818 0.999526 -0.0271812 -1.8655 -0.998725 0.0157738 0.0479393 83.3932
0.238797 0.0130459 0.970981 55.8004 0.00186143 0.999902 -0.0138923 -1.94274 -0.971067 0.00512484 0.238749 83.804
0.41458 0.0172276 0.90985 57.1999 0.00476284 0.999766 -0.0211004 -1.9803 -0.91 0.0130813 0.414401 84.3873
0.534771 0.0241882 0.844651 58.0028 0.00258858 0.999539 -0.0302625 -2.01695 -0.844993 0.01837 0.534461 84.9249
0.647424 0.0286759 0.761591 58.6946 -0.00321422 0.999386 -0.0348972 -2.04123 -0.762124 0.0201453 0.647118 85.5568
0.744985 0.0239635 0.666651 59.2902 -0.00597023 0.999554 -0.0292583 -2.06932 -0.667054 0.0178169 0.744796 86.283
0.859934 0.0126557 0.510249 59.9725 -0.00958123 0.999917 -0.00865346 -2.10292 -0.510316 0.0025526 0.859983 87.5141
0.949324 0.0269588 0.313141 60.6667 -0.0291506 0.999572 0.00231895 -2.14143 -0.312945 -0.0113297 0.949704 89.7188
0.968437 0.0418311 0.245722 61.3781 -0.042824 0.999082 -0.00130352 -2.16058 -0.24555 -0.0092604 0.96934 92.6705
0.966063 0.0414495 0.25496 61.9458 -0.0379213 0.999105 -0.0187404 -2.18948 -0.255509 0.00843598 0.96677 94.8062
0.961094 0.0406748 0.273209 62.5932 -0.0410984 0.999146 -0.00417496 -2.23265 -0.273146 -0.00721593 0.961946 97.1711
0.959619 0.0291913 0.279784 63.3346 -0.0279227 0.999574 -0.00852006 -2.26603 -0.279913 0.000363698 0.960025 99.6825
0.961143 0.0331006 0.274061 63.8948 -0.0301886 0.999434 -0.0148373 -2.29081 -0.274397 0.00598724 0.961598 101.685
0.962698 0.0321645 0.26866 64.4828 -0.0328977 0.999457 -0.00177358 -2.33123 -0.268571 -0.00713086 0.963234 103.827
0.965133 0.0383391 0.258938 65.0639 -0.0356762 0.999251 -0.0149773 -2.35652 -0.259318 0.00521719 0.965778 106.045
0.968163 0.0272663 0.248832 65.858 -0.0266152 0.999628 -0.00598148 -2.41333 -0.248902 -0.00083165 0.968528 109.15
0.968163 0.0272663 0.248832 66.4699 -0.0266152 0.999628 -0.0059815 -2.44424 -0.248902 -0.00083163 0.968528 111.544
0.964703 0.050743 0.258403 67.4964 -0.0501178 0.998703 -0.00901075 -2.52645 -0.258525 -0.0042579 0.965995 115.659
0.964433 0.0367148 0.261766 68.1787 -0.0347797 0.999323 -0.0120231 -2.57788 -0.26203 0.00249135 0.965057 118.134
0.962548 0.0440586 0.267507 69.0569 -0.0459809 0.998942 0.000922871 -2.65501 -0.267183 -0.0131885 0.963555 121.456
0.963117 0.0348341 0.266817 69.9725 -0.0306984 0.999335 -0.0196572 -2.73439 -0.267325 0.0107413 0.963547 124.702
0.96409 0.0276907 0.264127 70.6316 -0.0315633 0.999447 0.0104286 -2.77639 -0.263692 -0.0183908 0.964432 127.143
0.966018 0.0330981 0.256348 71.4628 -0.031005 0.999445 -0.0122033 -2.84234 -0.25661 0.00384058 0.966508 130.32
0.968671 0.0385173 0.24534 72.0495 -0.035957 0.999242 -0.0149082 -2.90754 -0.245729 0.00561943 0.969322 132.719
0.969681 0.0440948 0.240364 72.6129 -0.0434142 0.999024 -0.00812892 -2.97227 -0.240488 -0.00255276 0.970649 135.092
0.969681 0.0440948 0.240364 72.9916 -0.0434142 0.999024 -0.0081289 -3.01262 -0.240488 -0.00255278 0.970649 136.66
0.972658 0.0370344 0.22927 73.368 -0.034978 0.999303 -0.0130281 -3.04089 -0.229592 0.00465253 0.973276 138.218
0.9757 0.032207 0.216732 73.7232 -0.0330401 0.999454 0.00022023 -3.0601 -0.216607 -0.00737571 0.976231 139.788
0.977986 0.0385942 0.20507 74.1921 -0.0410635 0.999126 0.00779753 -3.0827 -0.204589 -0.0160468 0.978716 142.164
0.983151 0.042657 0.177747 74.7499 -0.0429047 0.999076 -0.00245126 -3.12139 -0.177687 -0.0052162 0.984073 145.307
0.98838 0.0500733 0.143516 75.2132 -0.0492752 0.998744 -0.00911218 -3.1666 -0.143792 0.00193454 0.989606 148.53
0.991905 0.0549219 0.114494 75.588 -0.0563599 0.998367 0.00935828 -3.19801 -0.113793 -0.0157354 0.99338 151.802
0.992678 0.0656378 0.101398 75.8194 -0.0655287 0.997841 -0.00440971 -3.21847 -0.101469 -0.00226707 0.994836 154.238
0.993203 0.0694815 0.0933835 76.0288 -0.0706752 0.997454 0.00953294 -3.23816 -0.0924833 -0.016068 0.995585 156.736
0.996029 0.0526421 0.0717981 76.3011 -0.0527364 0.998608 -0.000582785 -3.25296 -0.0717288 -0.0032059 0.997419 160.003
0.998207 0.0397144 0.0447832 76.4651 -0.0404275 0.999068 0.0151317 -3.26196 -0.0441405 -0.016915 0.998882 163.319
0.999785 0.0172846 0.0114357 76.5879 -0.0173059 0.999849 0.00176657 -3.28495 -0.0114034 -0.00196409 0.999933 167.502
0.999429 0.0335157 -0.00419966 76.5426 -0.033476 0.999397 0.0091815 -3.28172 0.00450485 -0.00903567 0.999949 170.865
0.999429 0.0335157 -0.00419966 76.4987 -0.033476 0.999397 0.0091815 -3.2993 0.00450485 -0.00903567 0.999949 174.247
0.99969 0.0225205 -0.0106522 76.4791 -0.0225926 0.999722 -0.0066983 -3.31529 0.0104984 0.00693688 0.999921 177.616
0.999661 0.0204236 -0.0161459 76.4239 -0.0202983 0.999763 0.00788415 -3.35923 0.0163031 -0.00755375 0.999839 181.026
0.999418 0.0293787 -0.0173084 76.3416 -0.029368 0.999568 0.00087251 -3.39472 0.0173265 -0.000363691 0.99985 184.399
0.999039 0.0398298 -0.0182817 76.2645 -0.0397135 0.999189 0.00667658 -3.42111 0.0185328 -0.00594413 0.999811 186.894
0.99898 0.0405531 -0.0198428 76.2235 -0.0406093 0.999172 -0.00244087 -3.43763 0.0197274 0.00324419 0.9998 188.523
0.998859 0.0418145 -0.0230779 76.1789 -0.0416572 0.999106 0.00725365 -3.4456 0.0233606 -0.00628401 0.999707 190.138
0.998859 0.0418145 -0.0230779 76.1005 -0.0416572 0.999106 0.00725365 -3.46503 0.0233606 -0.00628401 0.999707 193.231
