0.833579 -0.0182633 0.552098 -91.9629 0.0260498 0.999641 -0.00626309 0.92195 -0.551785 0.0196028 0.833756 219.36
0.904027 -0.012724 0.427287 -91.3337 0.0187781 0.999774 -0.00995752 0.897572 -0.427064 0.0170255 0.904061 220.756
0.96398 0.0185368 0.265328 -90.6862 -0.0191494 0.999817 -0.000278281 0.848347 -0.265284 -0.0048126 0.964158 223.17
0.972682 0.0352146 0.229457 -90.0224 -0.0354244 0.999367 -0.00320605 0.806358 -0.229425 -0.0050099 0.973314 226.166
0.939799 0.0217056 0.341038 -89.144 -0.0249195 0.999677 0.00504559 0.755 -0.340818 -0.0132403 0.940036 228.966
0.76306 0.016371 0.646121 -87.5233 -0.0141401 0.999863 -0.00863459 0.720696 -0.646173 -0.00254753 0.763187 231.315
0.538763 -0.00715633 0.842427 -85.9172 0.010474 0.999944 0.0017959 0.688922 -0.842393 0.00785601 0.538808 232.349
0.407521 -0.0025141 0.913192 -84.8951 0.00728444 0.999973 -0.000497736 0.697484 -0.913166 0.00685493 0.407529 232.749
0.249078 -0.0104865 0.968427 -83.3521 0.00731382 0.999933 0.00894653 0.687889 -0.968456 0.00485451 0.249138 233.132
0.14399 -0.00138832 0.989578 -81.6239 0.0119448 0.999929 -0.000335213 0.677024 -0.989507 0.0118686 0.143996 233.352
0.0827027 0.0110393 0.996513 -79.6344 0.0104529 0.999874 -0.011944 0.660196 -0.996519 0.0114043 0.0825769 233.531
0.0602767 0.00626814 0.998162 -77.9557 0.0197128 0.999778 -0.00746869 0.63953 -0.997987 0.0201268 0.0601398 233.617
0.0602767 0.00626814 0.998162 -76.1403 0.0197128 0.999778 -0.00746869 0.616474 -0.997987 0.0201268 0.0601398 233.725
0.0524746 0.0115706 0.998555 -73.4886 0.0176824 0.999765 -0.0125139 0.586399 -0.998465 0.0183135 0.0522577 233.881
0.0429694 0.0141868 0.998975 -70.5839 0.0141867 0.99979 -0.0148086 0.541005 -0.998975 0.0148085 0.0427591 234.026
0.0429694 0.0141868 0.998975 -68.2681 0.0141867 0.99979 -0.0148086 0.488659 -0.998975 0.0148085 0.0427591 234.118
0.0347531 0.0134459 0.999306 -65.072 0.0193705 0.999713 -0.014125 0.41427 -0.999208 0.0198479 0.0344827 234.228
0.0347531 0.0134459 0.999306 -63.4381 0.0193705 0.999713 -0.014125 0.369749 -0.999208 0.0198479 0.0344827 234.289
0.0295104 0.0207289 0.999349 -60.9182 0.0147271 0.999667 -0.0211704 0.308249 -0.999455 0.0153422 0.0291953 234.382
0.0295104 0.0207289 0.999349 -58.3156 0.014727 0.999667 -0.0211704 0.235766 -0.999455 0.0153422 0.0291953 234.465
0.0388651 0.0169844 0.9991 -55.6807 0.0225875 0.999585 -0.0178712 0.158197 -0.998989 0.0232618 0.0384653 234.55
0.0472112 0.0226487 0.998627 -53.0484 0.0208157 0.999504 -0.0236526 0.0701378 -0.998667 0.0219038 0.0467163 234.684
0.0472112 0.0226486 0.998627 -51.2976 0.0208155 0.999504 -0.0236525 0.00446606 -0.998667 0.0219036 0.0467163 234.775
0.0472112 0.0226486 0.998627 -49.5465 0.0208155 0.999504 -0.0236525 -0.0544401 -0.998667 0.0219036 0.0467163 234.872
0.0526418 0.0129901 0.998529 -46.9403 0.0240143 0.99961 -0.0142702 -0.138963 -0.998324 0.0247301 0.0523093 235.011
0.0555712 0.0324033 0.997929 -44.3992 0.0243492 0.999132 -0.0337983 -0.225697 -0.998158 0.026177 0.0547339 235.162
0.0541486 0.0136771 0.998439 -41.8644 0.0249444 0.999576 -0.0150455 -0.322228 -0.998221 0.0257201 0.0537844 235.301
0.0555964 0.0215375 0.998221 -39.3826 0.0319945 0.999215 -0.0233409 -0.404294 -0.99794 0.0332352 0.0548637 235.435
0.0555964 0.0215375 0.998221 -37.734 0.0319945 0.999215 -0.0233409 -0.466435 -0.99794 0.0332352 0.0548637 235.538
0.0555964 0.0215375 0.998221 -35.3371 0.0319945 0.999215 -0.0233409 -0.559463 -0.99794 0.0332352 0.0548637 235.672
0.0555964 0.0215375 0.998221 -32.1813 0.0319944 0.999215 -0.0233409 -0.671542 -0.99794 0.0332352 0.0548637 235.868
0.0555964 0.0215375 0.998221 -29.1738 0.0319944 0.999215 -0.0233409 -0.789179 -0.99794 0.0332352 0.0548637 236.064
0.0570448 0.0256894 0.998041 -26.3546 0.0205703 0.999426 -0.0269008 -0.900578 -0.998159 0.0220646 0.0564837 236.256
0.0570448 0.0256894 0.998041 -24.2941 0.0205703 0.999426 -0.0269008 -0.978593 -0.998159 0.0220646 0.0564837 236.385
0.0570448 0.0256895 0.998041 -22.2875 0.0205703 0.999426 -0.0269008 -1.06161 -0.998159 0.0220646 0.0564837 236.488
0.0501683 0.0315971 0.998241 -20.4069 0.0201161 0.999265 -0.0326405 -1.14685 -0.998538 0.0217182 0.0494958 236.591
0.0328926 0.0284184 0.999054 -18.1534 0.0181094 0.999415 -0.0290249 -1.2527 -0.999294 0.019047 0.0323587 236.687
-0.00594559 0.0264488 0.999633 -15.7472 0.0191305 0.99947 -0.0263307 -1.37053 -0.9998 0.0189669 -0.00644842 236.691
-0.0548667 0.024053 0.998204 -13.7584 0.0206459 0.999523 -0.02295 -1.45249 -0.998281 0.0193497 -0.0553371 236.596
-0.138229 0.0203338 0.990192 -11.7085 0.0376028 0.999176 -0.0152691 -1.53994 -0.989686 0.0351234 -0.138879 236.314
-0.290367 0.030979 0.956417 -9.87361 0.0475653 0.998708 -0.0179082 -1.59815 -0.955736 0.0402922 -0.291465 235.771
-0.519445 0.0461136 0.853257 -8.09481 0.0493974 0.998493 -0.0238905 -1.65462 -0.853073 0.0297389 -0.52094 234.803
-0.672599 0.0410815 0.738865 -7.0681 0.0400803 0.999015 -0.0190603 -1.68858 -0.73892 0.016794 -0.673583 233.881
-0.784255 0.045527 0.618764 -6.34736 0.044957 0.998852 -0.0165119 -1.69744 -0.618806 0.0148682 -0.785402 232.892
-0.852079 0.0496347 0.521052 -5.92467 0.0473358 0.998722 -0.0177283 -1.70316 -0.521265 0.00955847 -0.853339 232.111
-0.930657 0.0497587 0.362492 -5.41868 0.0491287 0.998732 -0.010962 -1.72585 -0.362578 0.00760685 -0.931922 230.752
-0.973862 0.0569663 0.219887 -5.14424 0.0585065 0.998287 0.000493247 -1.72406 -0.219483 0.0133452 -0.975527 229.166
-0.991578 0.0560593 0.116759 -4.94029 0.0579282 0.99824 0.0126727 -1.70999 -0.115843 0.0193296 -0.99308 227.349
-0.996757 0.0572216 0.0566087 -4.81471 0.0581591 0.998194 0.0150523 -1.68458 -0.0556451 0.0182958 -0.998284 225.364
-0.998053 0.0619377 0.00740575 -4.76264 0.0620874 0.997827 0.0220509 -1.63628 -0.00602387 0.0224678 -0.999729 222.37
-0.997911 0.0644484 -0.0041951 -4.7743 0.0643304 0.997642 0.0239262 -1.59182 0.00572721 0.0236064 -0.999704 219.919
-0.997911 0.0644484 -0.0041951 -4.78609 0.0643304 0.997642 0.0239262 -1.55776 0.00572721 0.0236064 -0.999704 218.211
-0.997911 0.0644482 -0.0041951 -4.78409 0.0643302 0.997642 0.0239262 -1.50208 0.00572721 0.0236064 -0.999704 215.512
-0.997911 0.0644482 -0.0041951 -4.78794 0.0643302 0.997642 0.0239262 -1.4698 0.00572721 0.0236064 -0.999704 213.617
-0.997911 0.0644482 -0.0041951 -4.78846 0.0643302 0.997642 0.0239262 -1.43625 0.00572721 0.0236064 -0.999704 211.655
-0.997911 0.064448 -0.0041951 -4.77865 0.06433 0.997642 0.0239262 -1.40189 0.00572721 0.0236064 -0.999704 209.642
-0.997911 0.064448 -0.0041951 -4.76126 0.06433 0.997642 0.0239262 -1.36116 0.00572721 0.0236064 -0.999704 207.578
-0.997911 0.064448 -0.00419511 -4.74887 0.06433 0.997642 0.023926 -1.32969 0.0057272 0.0236062 -0.999704 205.468
-0.997911 0.0644478 -0.00419511 -4.74368 0.0643298 0.997642 0.023926 -1.28953 0.0057272 0.0236062 -0.999704 203.297
-0.997911 0.0644478 -0.00419511 -4.74623 0.0643298 0.997642 0.023926 -1.25193 0.0057272 0.0236062 -0.999704 201.086
-0.997911 0.0644478 -0.00419511 -4.74655 0.0643298 0.997642 0.023926 -1.21979 0.0057272 0.0236062 -0.999704 198.85
-0.997911 0.0644476 -0.00419512 -4.74278 0.0643296 0.997642 0.023926 -1.18751 0.0057272 0.0236062 -0.999704 196.589
-0.997911 0.0644476 -0.00419512 -4.75275 0.0643296 0.997642 0.023926 -1.15265 0.0057272 0.0236062 -0.999704 194.315
-0.997911 0.0644476 -0.00419512 -4.76559 0.0643296 0.997642 0.023926 -1.11787 0.0057272 0.0236062 -0.999704 192.006
-0.997911 0.0644474 -0.00419512 -4.76522 0.0643294 0.997642 0.023926 -1.08833 0.0057272 0.0236062 -0.999704 189.696
-0.997911 0.0644474 -0.00419512 -4.77097 0.0643294 0.997642 0.023926 -1.05086 0.0057272 0.0236062 -0.999704 187.355
-0.997911 0.0644474 -0.0041951 -4.77397 0.0643294 0.997642 0.0239258 -1.01963 0.00572717 0.023606 -0.999704 185.004
-0.997911 0.0644474 -0.0041951 -4.79358 0.0643294 0.997642 0.0239258 -0.98688 0.00572717 0.023606 -0.999704 182.627
-0.997911 0.0644472 -0.00419511 -4.80323 0.0643292 0.997642 0.0239258 -0.946314 0.00572717 0.023606 -0.999704 180.218
-0.997911 0.0644472 -0.00419511 -4.81363 0.0643292 0.997642 0.0239258 -0.906204 0.00572717 0.023606 -0.999704 177.789
-0.997911 0.0644472 -0.00419511 -4.83735 0.0643292 0.997642 0.0239258 -0.873438 0.00572717 0.023606 -0.999704 175.337
-0.997911 0.064447 -0.00419511 -4.85803 0.064329 0.997642 0.0239258 -0.844243 0.00572716 0.023606 -0.999704 172.847
-0.997911 0.064447 -0.00419511 -4.87629 0.064329 0.997642 0.0239258 -0.8109 0.00572716 0.023606 -0.999704 170.341
-0.997911 0.064447 -0.00419511 -4.88351 0.064329 0.997642 0.0239258 -0.769913 0.00572716 0.023606 -0.999704 167.782
-0.997911 0.0644468 -0.00419512 -4.88484 0.0643288 0.997642 0.0239256 -0.73458 0.00572715 0.0236058 -0.999704 165.229
-0.997911 0.0644468 -0.00419512 -4.89684 0.0643288 0.997642 0.0239256 -0.705025 0.00572715 0.0236058 -0.999704 162.668
-0.997911 0.0644468 -0.00419512 -4.90844 0.0643288 0.997642 0.0239256 -0.669221 0.00572715 0.0236058 -0.999704 160.08
-0.997911 0.0644466 -0.00419512 -4.91935 0.0643286 0.997642 0.0239256 -0.631192 0.00572715 0.0236058 -0.999704 157.49
-0.997911 0.0644466 -0.00419512 -4.91658 0.0643286 0.997642 0.0239256 -0.599736 0.00572715 0.0236058 -0.999704 154.899
-0.997911 0.0644466 -0.00419512 -4.92626 0.0643286 0.997642 0.0239256 -0.563918 0.00572715 0.0236058 -0.999704 152.293
-0.997911 0.0644464 -0.00419512 -4.93921 0.0643284 0.997642 0.0239256 -0.53541 0.00572715 0.0236058 -0.999704 149.665
-0.997911 0.0644464 -0.00419512 -4.94144 0.0643284 0.997642 0.0239256 -0.508994 0.00572715 0.0236058 -0.999704 147.055
-0.997911 0.0644464 -0.00419512 -4.9467 0.0643284 0.997642 0.0239256 -0.480307 0.00572715 0.0236058 -0.999704 144.449
-0.997911 0.0644462 -0.00419513 -4.94866 0.0643282 0.997642 0.0239254 -0.455485 0.00572714 0.0236056 -0.999704 141.865
-0.997911 0.0644462 -0.00419513 -4.95115 0.0643282 0.997642 0.0239254 -0.429051 0.00572714 0.0236056 -0.999704 139.28
-0.997911 0.0644462 -0.00419513 -4.94509 0.0643282 0.997642 0.0239254 -0.404029 0.00572714 0.0236056 -0.999704 136.718
-0.997911 0.0644462 -0.00419513 -4.94731 0.0643282 0.997642 0.0239254 -0.366876 0.00572714 0.0236056 -0.999704 134.173
-0.997911 0.064446 -0.00419513 -4.95019 0.064328 0.997642 0.0239254 -0.338509 0.00572714 0.0236056 -0.999704 131.619
-0.997911 0.064446 -0.00419513 -4.95374 0.064328 0.997642 0.0239254 -0.315948 0.00572714 0.0236056 -0.999704 129.074
-0.997911 0.064446 -0.00419513 -4.96437 0.064328 0.997642 0.0239254 -0.291541 0.00572714 0.0236056 -0.999704 126.547
-0.997911 0.0644458 -0.00419514 -4.97131 0.0643278 0.997642 0.0239254 -0.268557 0.00572714 0.0236056 -0.999704 124.05
-0.997911 0.0644458 -0.00419514 -4.97333 0.0643278 0.997642 0.0239254 -0.248828 0.00572714 0.0236056 -0.999704 121.575
-0.997911 0.0644458 -0.00419514 -4.97469 0.0643278 0.997642 0.0239252 -0.237903 0.00572713 0.0236054 -0.999704 119.159
-0.997911 0.0644456 -0.00419512 -4.98453 0.0643276 0.997642 0.0239252 -0.224805 0.00572711 0.0236054 -0.999704 116.807
-0.997911 0.0644456 -0.00419512 -5.00009 0.0643276 0.997642 0.0239252 -0.208151 0.00572711 0.0236054 -0.999704 113.388
-0.997911 0.0644456 -0.00419512 -5.0093 0.0643276 0.997642 0.0239252 -0.204892 0.00572711 0.0236054 -0.999704 111.224
-0.997911 0.0644454 -0.00419513 -5.03995 0.0643274 0.997642 0.0239252 -0.189938 0.00572711 0.0236054 -0.999704 108.113
-0.997911 0.0644454 -0.00419513 -5.05084 0.0643274 0.997642 0.0239252 -0.177722 0.00572711 0.0236054 -0.999704 106.128
-0.997911 0.0644454 -0.00419513 -5.05402 0.0643274 0.997642 0.0239252 -0.170143 0.00572711 0.0236054 -0.999704 104.255
-0.997911 0.0644452 -0.00419513 -5.06296 0.0643272 0.997642 0.0239252 -0.161807 0.0057271 0.0236054 -0.999704 101.643
-0.997911 0.0644452 -0.00419514 -5.06472 0.0643272 0.997642 0.023925 -0.155828 0.0057271 0.0236052 -0.999704 100.027
-0.997164 0.0748366 0.00806635 -5.07891 0.0750114 0.99689 0.0241476 -0.148722 -0.00623415 0.0246841 -0.999676 97.7664
-0.995993 0.0812338 0.0374298 -5.03747 0.0821478 0.996342 0.0235649 -0.145375 -0.0353786 0.0265453 -0.999022 96.3702
-0.985327 0.0855143 0.147703 -4.73975 0.0889169 0.995901 0.0165777 -0.151457 -0.14568 0.0294678 -0.988892 93.8741
-0.962151 0.0728501 0.262604 -4.28776 0.0778149 0.996931 0.00854134 -0.169405 -0.261176 0.0286526 -0.964867 92.2042
-0.916971 0.0505804 0.395733 -3.61718 0.057331 0.998341 0.00524211 -0.190297 -0.394811 0.0274946 -0.91835 90.7142
-0.811569 0.0186217 0.583962 -2.4298 0.0298792 0.999507 0.00965216 -0.20791 -0.583494 0.0252817 -0.811726 88.976
-0.647822 0.0135799 0.761673 -0.943052 0.0296287 0.999534 0.00737918 -0.224631 -0.761217 0.0273478 -0.647922 87.5643
-0.500891 0.0097458 0.865456 0.390301 0.0249974 0.999682 0.00321015 -0.227702 -0.86515 0.023242 -0.500976 86.8119
-0.299518 0.0123406 0.954008 2.32897 0.0204893 0.999769 -0.00649974 -0.2626 -0.953867 0.0176001 -0.299702 86.1903
-0.181597 0.0106871 0.983314 3.84759 0.00707535 0.999929 -0.00956102 -0.28266 -0.983347 0.00522104 -0.18166 85.9672
-0.110843 0.0209378 0.993619 5.40456 0.00823828 0.999763 -0.0201483 -0.334538 -0.993805 0.00595241 -0.11099 85.8173
-0.0755927 0.0263969 0.996789 7.04157 0.0120514 0.999601 -0.0255574 -0.370107 -0.997066 0.0100808 -0.0758806 85.6927
-0.0630625 0.0190243 0.997829 8.76974 0.011718 0.999763 -0.0183206 -0.420647 -0.997941 0.0105372 -0.0632705 85.5901
-0.061422 0.0217624 0.997875 10.6243 0.0205806 0.999577 -0.0205327 -0.46941 -0.9979 0.0192757 -0.0618439 85.4687
-0.061422 0.0217624 0.997875 11.9353 0.0205806 0.999577 -0.0205327 -0.501789 -0.9979 0.0192757 -0.0618439 85.3855
-0.058978 0.0216221 0.998026 14.013 0.030949 0.999324 -0.0198214 -0.553074 -0.997781 0.0297189 -0.0596073 85.2446
-0.0457323 0.0220014 0.998712 16.2417 0.0413173 0.998944 -0.0201146 -0.60486 -0.998099 0.0403442 -0.046593 85.1147
