0.833578 -0.0182664 0.5521 -91.9629 0.0260517 0.999641 -0.00626029 0.921718 -0.551787 0.0196016 0.833755 219.36
0.904026 -0.0127271 0.427287 -91.3338 0.0187803 0.999774 -0.00995506 0.897344 -0.427064 0.0170242 0.904061 220.755
0.96398 0.0185338 0.265328 -90.6863 -0.0191468 0.999817 -0.000276216 0.848124 -0.265284 -0.00481391 0.964158 223.17
0.972682 0.0352116 0.229457 -90.0224 -0.0354218 0.999367 -0.00320408 0.806141 -0.229425 -0.00501122 0.973314 226.166
0.939798 0.0217025 0.34104 -89.1441 -0.0249171 0.999677 0.00504785 0.754789 -0.34082 -0.0132417 0.940035 228.966
0.76306 0.0163679 0.646121 -87.5234 -0.0141387 0.999863 -0.00863159 0.720493 -0.646173 -0.00254886 0.763187 231.315
0.538763 -0.00715939 0.842427 -85.9172 0.0104745 0.999944 0.00179919 0.688725 -0.842393 0.00785467 0.538808 232.349
0.407521 -0.00251717 0.913192 -84.8952 0.00728448 0.999973 -0.000494391 0.697291 -0.913166 0.00685361 0.407529 232.749
0.249078 -0.0104895 0.968427 -83.3522 0.00731331 0.999933 0.00894983 0.687701 -0.968456 0.0048532 0.249138 233.132
0.14399 -0.00139139 0.989578 -81.6239 0.011944 0.999929 -0.000331989 0.676842 -0.989507 0.0118673 0.143996 233.352
0.0827027 0.0110362 0.996513 -79.6344 0.0104519 0.999874 -0.0119409 0.66002 -0.996519 0.011403 0.082577 233.531
0.0602767 0.00626508 0.998162 -77.9557 0.0197117 0.999778 -0.00746556 0.63936 -0.997987 0.0201255 0.0601398 233.617
0.0602767 0.00626508 0.998162 -76.1403 0.0197117 0.999778 -0.00746556 0.616309 -0.997987 0.0201255 0.0601398 233.725
0.0524746 0.0115674 0.998555 -73.4887 0.0176812 0.999765 -0.0125106 0.586243 -0.998465 0.0183122 0.0522577 233.88
0.0429694 0.0141838 0.998975 -70.5839 0.0141856 0.99979 -0.0148055 0.540858 -0.998975 0.0148073 0.0427592 234.025
0.0429694 0.0141838 0.998975 -68.2682 0.0141856 0.99979 -0.0148055 0.488519 -0.998975 0.0148073 0.0427592 234.118
0.0347531 0.0134428 0.999306 -65.072 0.0193693 0.999713 -0.0141219 0.41414 -0.999208 0.0198467 0.0344827 234.228
0.0347531 0.0134428 0.999306 -63.4382 0.0193693 0.999713 -0.0141219 0.369624 -0.999208 0.0198467 0.0344827 234.289
0.0295104 0.0207259 0.999349 -60.9182 0.0147259 0.999667 -0.0211673 0.308132 -0.999455 0.015341 0.0291954 234.382
0.0295104 0.0207259 0.999349 -58.3157 0.0147259 0.999667 -0.0211673 0.235657 -0.999455 0.015341 0.0291954 234.465
0.0388651 0.0169813 0.9991 -55.6808 0.0225865 0.999585 -0.0178681 0.158096 -0.998989 0.0232606 0.0384654 234.55
0.0472112 0.0226456 0.998627 -53.0485 0.0208147 0.999504 -0.0236494 0.0700457 -0.998667 0.0219026 0.0467164 234.684
0.0472112 0.0226456 0.998627 -51.2977 0.0208147 0.999504 -0.0236494 0.00437947 -0.998667 0.0219026 0.0467164 234.775
0.0472112 0.0226456 0.998627 -49.5466 0.0208147 0.999504 -0.0236494 -0.0545212 -0.998667 0.0219026 0.0467164 234.871
0.0526418 0.0129871 0.998529 -46.9404 0.0240134 0.99961 -0.0142671 -0.139035 -0.998324 0.0247292 0.0523094 235.011
0.0555712 0.0324001 0.997929 -44.3993 0.0243483 0.999132 -0.0337951 -0.225762 -0.998158 0.0261759 0.0547341 235.162
0.0541486 0.0136741 0.998439 -41.8645 0.0249435 0.999576 -0.0150424 -0.322285 -0.998221 0.0257191 0.0537845 235.301
0.0555963 0.0215344 0.998221 -39.3827 0.0319937 0.999216 -0.0233378 -0.404344 -0.99794 0.0332342 0.0548638 235.435
0.0555963 0.0215344 0.998221 -37.734 0.0319937 0.999216 -0.0233378 -0.466479 -0.99794 0.0332342 0.0548638 235.538
0.0555963 0.0215344 0.998221 -35.3371 0.0319937 0.999216 -0.0233378 -0.559499 -0.99794 0.0332342 0.0548638 235.672
0.0555963 0.0215344 0.998221 -32.1813 0.0319937 0.999216 -0.0233378 -0.671569 -0.99794 0.0332342 0.0548638 235.868
0.0555963 0.0215344 0.998221 -29.1738 0.0319937 0.999216 -0.0233378 -0.789196 -0.99794 0.0332342 0.0548638 236.064
0.0570448 0.0256863 0.998041 -26.3546 0.0205696 0.999427 -0.0268977 -0.900586 -0.998159 0.0220636 0.0564838 236.256
0.0570448 0.0256863 0.998041 -24.2942 0.0205696 0.999427 -0.0268977 -0.978594 -0.998159 0.0220636 0.0564838 236.385
0.0570448 0.0256863 0.998041 -22.2876 0.0205696 0.999427 -0.0268977 -1.0616 -0.998159 0.0220636 0.0564838 236.488
0.0501683 0.031594 0.998241 -20.4069 0.0201153 0.999265 -0.0326373 -1.14684 -0.998538 0.0217173 0.0494959 236.591
0.0328926 0.0284155 0.999054 -18.1535 0.0181088 0.999415 -0.0290219 -1.25268 -0.999294 0.0190462 0.0323588 236.686
-0.00594559 0.0264457 0.999633 -15.7472 0.0191296 0.99947 -0.0263276 -1.3705 -0.9998 0.018966 -0.00644833 236.691
-0.0548667 0.0240499 0.998205 -13.7585 0.0206449 0.999523 -0.022947 -1.45246 -0.998281 0.0193488 -0.055337 236.596
-0.138229 0.0203307 0.990192 -11.7086 0.0376015 0.999176 -0.0152661 -1.5399 -0.989686 0.0351224 -0.138879 236.314
-0.290364 0.0309757 0.956416 -9.87367 0.0475633 0.998708 -0.0179055 -1.59811 -0.955735 0.0402912 -0.291462 235.771
-0.519445 0.0461104 0.853257 -8.09488 0.049395 0.998494 -0.0238884 -1.65457 -0.853073 0.0297379 -0.52094 234.803
-0.672599 0.0410784 0.738865 -7.06817 0.0400775 0.999015 -0.0190587 -1.68853 -0.73892 0.016793 -0.673583 233.881
-0.784255 0.045524 0.618766 -6.34742 0.044954 0.998853 -0.0165108 -1.69738 -0.618807 0.0148673 -0.785402 232.892
-0.852079 0.0496318 0.521052 -5.92474 0.0473329 0.998722 -0.0177275 -1.70311 -0.521265 0.00955762 -0.853339 232.111
-0.930657 0.0497558 0.362492 -5.41874 0.0491257 0.998732 -0.0109618 -1.7258 -0.362578 0.00760599 -0.931922 230.752
-0.973862 0.0569632 0.219887 -5.1443 0.0585033 0.998287 0.000493065 -1.724 -0.219483 0.0133443 -0.975527 229.166
-0.991578 0.0560563 0.116759 -4.94035 0.0579252 0.99824 0.0126721 -1.70994 -0.115844 0.0193287 -0.99308 227.349
-0.996757 0.0572187 0.0566092 -4.81477 0.0581561 0.998194 0.0150515 -1.68453 -0.0556457 0.0182948 -0.998284 225.364
-0.998053 0.0619345 0.00740636 -4.76269 0.0620842 0.997827 0.0220499 -1.63624 -0.00602462 0.0224668 -0.999729 222.369
-0.997911 0.0644454 -0.00419448 -4.77436 0.0643274 0.997642 0.0239254 -1.59178 0.00572647 0.0236056 -0.999704 219.919
-0.997911 0.0644454 -0.00419448 -4.78614 0.0643274 0.997642 0.0239254 -1.55772 0.00572647 0.0236056 -0.999704 218.211
-0.997911 0.0644454 -0.00419448 -4.78414 0.0643274 0.997642 0.0239254 -1.50204 0.00572647 0.0236056 -0.999704 215.512
-0.997911 0.0644454 -0.00419448 -4.78799 0.0643274 0.997642 0.0239254 -1.46976 0.00572647 0.0236056 -0.999704 213.617
-0.997911 0.0644454 -0.00419448 -4.78851 0.0643274 0.997642 0.0239254 -1.43621 0.00572647 0.0236056 -0.999704 211.655
-0.997911 0.0644454 -0.00419448 -4.7787 0.0643274 0.997642 0.0239254 -1.40186 0.00572647 0.0236056 -0.999704 209.642
-0.997911 0.0644454 -0.00419448 -4.76131 0.0643274 0.997642 0.0239254 -1.36113 0.00572647 0.0236056 -0.999704 207.578
-0.997911 0.0644454 -0.00419448 -4.74891 0.0643274 0.997642 0.0239254 -1.32966 0.00572647 0.0236056 -0.999704 205.468
-0.997911 0.0644454 -0.00419448 -4.74373 0.0643274 0.997642 0.0239254 -1.28951 0.00572647 0.0236056 -0.999704 203.297
-0.997911 0.0644454 -0.00419448 -4.74628 0.0643274 0.997642 0.0239254 -1.2519 0.00572647 0.0236056 -0.999704 201.086
-0.997911 0.0644454 -0.00419448 -4.74659 0.0643274 0.997642 0.0239254 -1.21976 0.00572647 0.0236056 -0.999704 198.85
-0.997911 0.0644454 -0.00419448 -4.74282 0.0643274 0.997642 0.0239254 -1.18749 0.00572647 0.0236056 -0.999704 196.589
-0.997911 0.0644454 -0.00419448 -4.75279 0.0643274 0.997642 0.0239254 -1.15263 0.00572647 0.0236056 -0.999704 194.315
-0.997911 0.0644454 -0.00419448 -4.76563 0.0643274 0.997642 0.0239254 -1.11785 0.00572647 0.0236056 -0.999704 192.006
-0.997911 0.0644454 -0.00419448 -4.76525 0.0643274 0.997642 0.0239254 -1.08831 0.00572647 0.0236056 -0.999704 189.696
-0.997911 0.0644454 -0.00419448 -4.77101 0.0643274 0.997642 0.0239254 -1.05084 0.00572647 0.0236056 -0.999704 187.355
-0.997911 0.0644454 -0.00419448 -4.774 0.0643274 0.997642 0.0239254 -1.01961 0.00572647 0.0236056 -0.999704 185.004
-0.997911 0.0644454 -0.00419448 -4.79362 0.0643274 0.997642 0.0239254 -0.986865 0.00572647 0.0236056 -0.999704 182.627
-0.997911 0.0644454 -0.00419448 -4.80326 0.0643274 0.997642 0.0239254 -0.9463 0.00572647 0.0236056 -0.999704 180.218
-0.997911 0.0644454 -0.00419448 -4.81366 0.0643274 0.997642 0.0239254 -0.906192 0.00572647 0.0236056 -0.999704 177.789
-0.997911 0.0644454 -0.00419448 -4.83737 0.0643274 0.997642 0.0239254 -0.873427 0.00572647 0.0236056 -0.999704 175.336
-0.997911 0.0644454 -0.00419448 -4.85806 0.0643274 0.997642 0.0239254 -0.844234 0.00572647 0.0236056 -0.999704 172.847
-0.997911 0.0644454 -0.00419448 -4.87631 0.0643274 0.997642 0.0239254 -0.810892 0.00572647 0.0236056 -0.999704 170.341
-0.997911 0.0644454 -0.00419448 -4.88353 0.0643274 0.997642 0.0239254 -0.769905 0.00572647 0.0236056 -0.999704 167.782
-0.997911 0.0644454 -0.00419448 -4.88486 0.0643274 0.997642 0.0239254 -0.734573 0.00572647 0.0236056 -0.999704 165.229
-0.997911 0.0644454 -0.00419448 -4.89686 0.0643274 0.997642 0.0239254 -0.70502 0.00572647 0.0236056 -0.999704 162.668
-0.997911 0.0644454 -0.00419448 -4.90846 0.0643274 0.997642 0.0239254 -0.669217 0.00572647 0.0236056 -0.999704 160.08
-0.997911 0.0644454 -0.00419448 -4.91936 0.0643274 0.997642 0.0239254 -0.631189 0.00572647 0.0236056 -0.999704 157.49
-0.997911 0.0644454 -0.00419448 -4.91659 0.0643274 0.997642 0.0239254 -0.599734 0.00572647 0.0236056 -0.999704 154.899
-0.997911 0.0644454 -0.00419448 -4.92628 0.0643274 0.997642 0.0239254 -0.563916 0.00572647 0.0236056 -0.999704 152.293
-0.997911 0.0644454 -0.00419448 -4.93922 0.0643274 0.997642 0.0239254 -0.535409 0.00572647 0.0236056 -0.999704 149.665
-0.997911 0.0644454 -0.00419448 -4.94145 0.0643274 0.997642 0.0239254 -0.508993 0.00572647 0.0236056 -0.999704 147.055
-0.997911 0.0644454 -0.00419448 -4.94671 0.0643274 0.997642 0.0239254 -0.480307 0.00572647 0.0236056 -0.999704 144.449
-0.997911 0.0644454 -0.00419448 -4.94867 0.0643274 0.997642 0.0239254 -0.455485 0.00572647 0.0236056 -0.999704 141.865
-0.997911 0.0644454 -0.00419448 -4.95115 0.0643274 0.997642 0.0239254 -0.429052 0.00572647 0.0236056 -0.999704 139.28
-0.997911 0.0644454 -0.00419448 -4.9451 0.0643274 0.997642 0.0239254 -0.404031 0.00572647 0.0236056 -0.999704 136.718
-0.997911 0.0644454 -0.00419448 -4.94732 0.0643274 0.997642 0.0239254 -0.366878 0.00572647 0.0236056 -0.999704 134.173
-0.997911 0.0644454 -0.00419448 -4.95019 0.0643274 0.997642 0.0239254 -0.338511 0.00572647 0.0236056 -0.999704 131.619
-0.997911 0.0644454 -0.00419448 -4.95374 0.0643274 0.997642 0.0239254 -0.315951 0.00572647 0.0236056 -0.999704 129.074
-0.997911 0.0644454 -0.00419448 -4.96437 0.0643274 0.997642 0.0239254 -0.291544 0.00572647 0.0236056 -0.999704 126.547
-0.997911 0.0644454 -0.00419448 -4.97131 0.0643274 0.997642 0.0239254 -0.26856 0.00572647 0.0236056 -0.999704 124.05
-0.997911 0.0644454 -0.00419448 -4.97333 0.0643274 0.997642 0.0239254 -0.248831 0.00572647 0.0236056 -0.999704 121.575
-0.997911 0.0644454 -0.00419448 -4.97469 0.0643274 0.997642 0.0239254 -0.237907 0.00572647 0.0236056 -0.999704 119.159
-0.997911 0.0644454 -0.00419448 -4.98452 0.0643274 0.997642 0.0239254 -0.224809 0.00572647 0.0236056 -0.999704 116.807
-0.997911 0.0644454 -0.00419448 -5.00008 0.0643274 0.997642 0.0239254 -0.208154 0.00572647 0.0236056 -0.999704 113.388
-0.997911 0.0644454 -0.00419448 -5.00928 0.0643274 0.997642 0.0239254 -0.204895 0.00572647 0.0236056 -0.999704 111.224
-0.997911 0.0644454 -0.00419448 -5.03993 0.0643274 0.997642 0.0239254 -0.189941 0.00572647 0.0236056 -0.999704 108.113
-0.997911 0.0644454 -0.00419448 -5.05083 0.0643274 0.997642 0.0239254 -0.177725 0.00572647 0.0236056 -0.999704 106.128
-0.997911 0.0644454 -0.00419448 -5.054 0.0643274 0.997642 0.0239254 -0.170146 0.00572647 0.0236056 -0.999704 104.255
-0.997911 0.0644454 -0.00419448 -5.06294 0.0643274 0.997642 0.0239254 -0.161809 0.00572647 0.0236056 -0.999704 101.643
-0.997911 0.0644454 -0.00419448 -5.0647 0.0643274 0.997642 0.0239254 -0.15583 0.00572647 0.0236056 -0.999704 100.027
-0.997164 0.0748368 0.00806698 -5.07888 0.0750116 0.99689 0.0241477 -0.148723 -0.00623476 0.0246843 -0.999676 97.7664
-0.995993 0.0812337 0.0374304 -5.03745 0.0821479 0.996342 0.0235651 -0.145376 -0.0353792 0.0265455 -0.999022 96.3702
-0.985327 0.0855144 0.147704 -4.73972 0.0889172 0.995901 0.016578 -0.151458 -0.145681 0.0294682 -0.988892 93.8741
-0.962151 0.0728501 0.262604 -4.28774 0.0778149 0.996931 0.00854152 -0.169406 -0.261176 0.0286527 -0.964867 92.2042
-0.916971 0.0505803 0.395733 -3.61715 0.0573311 0.998341 0.00524228 -0.190298 -0.394811 0.0274948 -0.91835 90.7142
-0.811569 0.0186216 0.583962 -2.42977 0.0298792 0.999507 0.00965231 -0.20791 -0.583494 0.0252818 -0.811726 88.976
-0.647822 0.0135799 0.761673 -0.943019 0.0296288 0.999534 0.00737927 -0.224631 -0.761217 0.0273478 -0.647922 87.5643
-0.500891 0.00974576 0.865456 0.390335 0.0249974 0.999682 0.00321022 -0.227702 -0.86515 0.0232421 -0.500976 86.8119
-0.299521 0.0123408 0.954009 2.329 0.0204895 0.999769 -0.00649977 -0.2626 -0.953869 0.0176004 -0.299705 86.1903
-0.181597 0.0106871 0.983314 3.84762 0.00707545 0.999929 -0.00956099 -0.28266 -0.983347 0.00522114 -0.18166 85.9672
-0.11084 0.0209377 0.993619 5.40459 0.00823831 0.999763 -0.0201482 -0.334537 -0.993805 0.00595252 -0.110987 85.8173
-0.0755927 0.0263969 0.996789 7.04161 0.0120515 0.999601 -0.0255574 -0.370107 -0.997066 0.0100808 -0.0758806 85.6927
-0.0630595 0.0190242 0.997829 8.76978 0.011718 0.999763 -0.0183206 -0.420646 -0.997941 0.0105373 -0.0632676 85.5901
-0.061422 0.0217623 0.997875 10.6243 0.0205807 0.999577 -0.0205327 -0.46941 -0.9979 0.0192758 -0.0618439 85.4687
-0.061422 0.0217623 0.997875 11.9353 0.0205807 0.999577 -0.0205327 -0.501789 -0.9979 0.0192758 -0.0618439 85.3855
-0.0589751 0.0216221 0.998026 14.013 0.030949 0.999324 -0.0198214 -0.553074 -0.997781 0.0297189 -0.0596044 85.2446
-0.0457323 0.0220014 0.998712 16.2417 0.0413173 0.998944 -0.0201146 -0.60486 -0.998099 0.0403442 -0.046593 85.1147
