1 6.009e-31 3.54092e-29 1.15312e-31 -6.009e-31 1 3.62614e-29 1.07122e-31 -3.54092e-29 -3.62614e-29 1 -3.59215e-32
1 5.99176e-19 3.53262e-17 -0.015399 -5.99176e-19 1 3.61838e-17 0.000644 -3.53262e-17 -3.61838e-17 1 0.724361
0.99996 0.000799041 -0.00885649 -0.032737 -0.000811743 0.999999 -0.00143062 -0.005839 0.00885533 0.00143775 0.99996 2.22514
0.999831 0.00359636 -0.0180172 -0.072171 -0.0036055 0.999993 -0.000475172 -0.012668 0.0180154 0.000540053 0.999838 3.77719
0.999584 0.0040376 -0.0285613 -0.15187 -0.00391604 0.999983 0.00431079 -0.0243396 0.0285782 -0.00419715 0.999583 6.19766
0.999584 0.0040376 -0.0285613 -0.245976 -0.00391604 0.999983 0.00431079 -0.0286251 0.0285782 -0.00419715 0.999583 8.68855
0.999584 0.0040376 -0.0285613 -0.334568 -0.00391604 0.999983 0.00431079 -0.0409828 0.0285782 -0.00419715 0.999583 11.2714
0.999584 0.0040376 -0.0285613 -0.42818 -0.00391604 0.999983 0.00431079 -0.0544952 0.0285782 -0.00419715 0.999583 13.937
0.999584 0.0040376 -0.0285613 -0.52956 -0.00391604 0.999983 0.00431079 -0.0620098 0.0285782 -0.00419715 0.999583 16.6458
0.999584 0.0040376 -0.0285613 -0.583486 -0.00391604 0.999983 0.00431079 -0.0722607 0.0285782 -0.00419715 0.999583 18.481
0.999584 0.0040376 -0.0285613 -0.64334 -0.00391604 0.999983 0.00431079 -0.0761441 0.0285782 -0.00419715 0.999583 20.3358
0.999584 0.0040376 -0.0285613 -0.727207 -0.00391604 0.999983 0.00431079 -0.0901498 0.0285782 -0.00419715 0.999583 23.1532
0.999584 0.0040376 -0.0285613 -0.803357 -0.00391604 0.999983 0.00431079 -0.115804 0.0285782 -0.00419715 0.999583 26.0016
0.99957 -0.0016337 -0.0292822 -0.859965 0.00199301 0.999923 0.0122456 -0.1139 0.02926 -0.0122987 0.999496 27.9589
0.999419 -0.011529 -0.0320769 -0.906833 0.011794 0.999898 0.00808326 -0.115848 0.0319804 -0.00845687 0.999453 29.919
0.999419 -0.011529 -0.0320769 -1.026 0.011794 0.999898 0.00808326 -0.126099 0.0319804 -0.00845687 0.999453 32.8761
0.999419 -0.011529 -0.0320769 -1.08508 0.011794 0.999898 0.00808326 -0.136967 0.0319804 -0.00845687 0.999453 34.8238
0.999435 -0.00383026 -0.0333777 -1.19601 0.00436915 0.999861 0.0160872 -0.148725 0.0333115 -0.0162239 0.999313 37.7367
0.999435 -0.00383026 -0.0333777 -1.31046 0.00436915 0.999861 0.0160872 -0.132695 0.0333115 -0.0162239 0.999313 40.7252
0.999435 -0.00383026 -0.0333777 -1.38577 0.00436915 0.999861 0.0160872 -0.132083 0.0333115 -0.0162239 0.999313 42.7049
0.999435 -0.00383026 -0.0333777 -1.51025 0.00436915 0.999861 0.0160872 -0.12766 0.0333115 -0.0162239 0.999313 45.6533
0.999435 -0.00383026 -0.0333777 -1.62647 0.00436915 0.999861 0.0160872 -0.10722 0.0333115 -0.0162239 0.999313 48.5821
0.999435 -0.00383026 -0.0333777 -1.71927 0.00436915 0.999861 0.0160872 -0.105893 0.0333115 -0.0162239 0.999313 51.4523
0.999284 -0.0100739 -0.036475 -1.81217 0.01103 0.999598 0.026106 -0.0843594 0.0361973 -0.0264896 0.998994 54.3031
0.999194 -0.00526374 -0.039801 -1.92941 0.00592026 0.999848 0.0163954 -0.0529771 0.0397086 -0.0166178 0.999073 57.0857
0.999075 0.00361909 -0.0428588 -2.07228 -0.00296592 0.999879 0.0152939 -0.0512536 0.0429089 -0.0151526 0.998964 59.8075
0.999075 0.00361909 -0.0428588 -2.20055 -0.00296592 0.999879 0.0152939 -0.0510802 0.0429089 -0.0151526 0.998964 62.4289
0.999075 0.00361909 -0.0428588 -2.32676 -0.00296592 0.999879 0.0152939 -0.0541708 0.0429089 -0.0151526 0.998964 64.9169
0.998751 0.0135753 -0.0480939 -2.48767 -0.0126557 0.999732 0.0193727 -0.0468649 0.048344 -0.0187399 0.998655 68.0269
0.998585 0.0137343 -0.0513825 -2.6051 -0.0134837 0.999895 0.00522131 -0.052977 0.0514488 -0.00452109 0.998665 70.149
0.998585 0.0137343 -0.0513825 -2.71296 -0.0134837 0.999895 0.00522131 -0.0831665 0.0514488 -0.00452109 0.998665 72.0891
0.999051 0.00952161 -0.0424954 -2.82587 -0.00961663 0.999952 -0.00203222 -0.114295 0.042474 0.00243896 0.999095 74.4706
0.999905 0.00283844 -0.0135222 -2.86398 -0.00272218 0.999959 0.00860863 -0.145794 0.0135461 -0.008571 0.999872 76.627
0.997612 0.00773284 0.0686261 -2.76653 -0.00847603 0.999908 0.010545 -0.158981 -0.0685383 -0.0111015 0.997587 78.5899
0.977752 0.00603109 0.209677 -2.40966 -0.00924569 0.999854 0.0143544 -0.170167 -0.209559 -0.0159737 0.977665 80.371
0.885443 0.010046 0.464639 -1.52538 -0.0141254 0.999886 0.00529974 -0.187247 -0.464533 -0.0112558 0.885484 82.2351
0.641849 0.00613378 0.766807 0.139251 -0.0119284 0.999927 0.001986 -0.21238 -0.766738 -0.0104215 0.641875 83.8087
0.357988 0.00737302 0.933697 2.20212 -0.00364913 0.999972 -0.00649725 -0.248624 -0.933719 -0.00108124 0.358005 84.6459
0.216137 0.00779221 0.976332 3.69391 0.00140744 0.999965 -0.0082924 -0.276812 -0.976362 0.00316642 0.216118 84.9473
0.11723 0.0215722 0.99287 5.28932 0.011152 0.999672 -0.0230367 -0.319175 -0.993042 0.0137731 0.116951 85.1054
0.0640161 0.0248044 0.99764 6.61246 0.00866721 0.99964 -0.0254103 -0.349027 -0.997911 0.0102734 0.0637781 85.188
0.0246381 0.0187416 0.999521 8.06689 0.0144977 0.999712 -0.0191026 -0.396239 -0.999592 0.0149614 0.0243593 85.21
0.000977567 0.0205507 0.999788 9.65944 0.0214696 0.999558 -0.0205669 -0.436416 -0.999769 0.0214852 0.000535919 85.2003
-0.0149334 0.0224389 0.999638 11.3994 0.0257524 0.999425 -0.0220494 -0.481665 -0.999558 0.0254138 -0.0155027 85.1636
-0.0149334 0.0224389 0.999638 12.6582 0.0257524 0.999425 -0.0220494 -0.51329 -0.999558 0.0254138 -0.0155027 85.1309
-0.0169399 0.0212739 0.999631 14.6813 0.0357868 0.999146 -0.0206571 -0.566801 -0.999217 0.0354237 -0.0176868 85.0839
-0.00618723 0.0208035 0.999764 16.8515 0.0409227 0.998951 -0.0205333 -0.620603 -0.999143 0.040786 -0.00703208 85.0537
0.00961403 0.0140805 0.999856 19.9507 0.038267 0.999163 -0.0144387 -0.697171 -0.999222 0.0384003 0.00906717 85.0889
0.0181415 0.0237667 0.999552 22.3549 0.0278346 0.999318 -0.0242662 -0.766727 -0.999447 0.0282623 0.0174675 85.1464
0.0181415 0.0237667 0.999552 24.804 0.0278346 0.999318 -0.0242662 -0.844551 -0.999447 0.0282623 0.0174675 85.2213
0.0181387 0.0237668 0.999554 27.2666 0.0278348 0.999318 -0.0242664 -0.939918 -0.999449 0.0282625 0.0174647 85.2741
0.010106 0.0239079 0.999664 30.5266 0.015864 0.999584 -0.0240664 -1.06063 -0.999824 0.0161019 0.00972254 85.3504
-0.00839847 0.0195103 0.999774 32.949 0.0120952 0.999738 -0.019408 -1.14284 -0.999891 0.0119295 -0.00863226 85.3511
-0.0373255 0.0199668 0.999104 35.3502 0.0138006 0.999715 -0.0194635 -1.21833 -0.999208 0.0130618 -0.0375904 85.2865
-0.0589394 0.0181631 0.998096 36.93 0.0138539 0.999753 -0.0173751 -1.27358 -0.998166 0.0128035 -0.0591765 85.1957
-0.0805975 0.0190062 0.996566 38.4845 0.0141674 0.999739 -0.017921 -1.32165 -0.996646 0.0126743 -0.0808457 85.0714
-0.11069 0.0219364 0.993613 40.7665 0.0157069 0.99967 -0.0203203 -1.39718 -0.993731 0.0133573 -0.110998 84.8294
-0.138349 0.0222486 0.990135 43.0147 0.0183153 0.999634 -0.0199029 -1.47007 -0.990215 0.015381 -0.138706 84.5368
-0.154895 0.0185634 0.987755 45.1556 0.0262822 0.999547 -0.0146636 -1.53933 -0.98758 0.023689 -0.155313 84.1976
-0.154895 0.0185635 0.987755 46.5265 0.0262821 0.999547 -0.0146636 -1.58314 -0.98758 0.023689 -0.155313 83.9792
-0.154892 0.0185633 0.987754 47.8253 0.0262819 0.999547 -0.0146635 -1.62181 -0.987579 0.0236888 -0.15531 83.765
-0.138686 0.0211202 0.99011 49.6441 0.0269799 0.999482 -0.017541 -1.6925 -0.989967 0.0242804 -0.139184 83.5027
-0.0759644 0.0247857 0.996803 51.828 0.022028 0.999489 -0.0231738 -1.7811 -0.996868 0.0201972 -0.0764716 83.3267
0.0483426 0.0264523 0.998481 53.865 0.0144818 0.999526 -0.0271812 -1.86549 -0.998726 0.0157738 0.0479366 83.3932
0.238797 0.013046 0.970981 55.8004 0.0018615 0.999902 -0.0138923 -1.94274 -0.971067 0.00512491 0.238749 83.8041
0.414582 0.0172276 0.909849 57.1999 0.00476286 0.999766 -0.0211004 -1.9803 -0.91 0.0130813 0.414403 84.3873
0.534771 0.0241882 0.844651 58.0029 0.00258871 0.999539 -0.0302627 -2.01695 -0.844993 0.0183702 0.534461 84.925
0.647425 0.0286758 0.761589 58.6947 -0.00321419 0.999386 -0.0348971 -2.04123 -0.762122 0.0201454 0.64712 85.5568
0.744986 0.0239635 0.666649 59.2903 -0.00597011 0.999554 -0.0292584 -2.06932 -0.667053 0.0178172 0.744797 86.283
0.859935 0.0126557 0.510247 59.9725 -0.00958114 0.999917 -0.00865357 -2.10292 -0.510314 0.00255276 0.859984 87.5142
0.949324 0.0269586 0.313141 60.6668 -0.0291504 0.999572 0.00231882 -2.14143 -0.312945 -0.0113295 0.949704 89.7188
0.968437 0.0418311 0.245722 61.3782 -0.042824 0.999082 -0.00130369 -2.16058 -0.24555 -0.00926022 0.96934 92.6706
0.966063 0.0414495 0.25496 61.9458 -0.0379213 0.999105 -0.0187405 -2.18948 -0.255509 0.00843613 0.96677 94.8062
0.961094 0.0406747 0.273209 62.5933 -0.0410982 0.999146 -0.0041751 -2.23265 -0.273146 -0.00721573 0.961946 97.1712
0.95962 0.0291914 0.279782 63.3346 -0.0279226 0.999574 -0.00852019 -2.26603 -0.279911 0.000363886 0.960026 99.6826
0.961143 0.0331006 0.274061 63.8949 -0.0301886 0.999434 -0.0148374 -2.29081 -0.274397 0.0059874 0.961598 101.685
0.962699 0.0321645 0.268658 64.4828 -0.0328977 0.999457 -0.00177372 -2.33123 -0.268569 -0.00713065 0.963234 103.827
0.965133 0.0383392 0.258938 65.0639 -0.0356761 0.999251 -0.0149775 -2.35652 -0.259318 0.00521736 0.965778 106.045
0.968163 0.0272664 0.248832 65.858 -0.0266151 0.999628 -0.00598166 -2.41333 -0.248902 -0.000831472 0.968528 109.15
0.968163 0.0272664 0.248832 66.4699 -0.0266151 0.999628 -0.00598166 -2.44424 -0.248902 -0.000831472 0.968528 111.544
0.964704 0.050743 0.258401 67.4965 -0.0501177 0.998703 -0.00901088 -2.52646 -0.258524 -0.00425767 0.965996 115.659
0.964433 0.0367148 0.261764 68.1787 -0.0347797 0.999323 -0.0120232 -2.57788 -0.262028 0.00249155 0.965057 118.134
0.962549 0.0440586 0.267505 69.0569 -0.0459809 0.998942 0.000922738 -2.65501 -0.267181 -0.0131883 0.963556 121.456
0.963117 0.034834 0.266817 69.9725 -0.0306981 0.999335 -0.0196573 -2.73439 -0.267325 0.0107415 0.963547 124.702
0.96409 0.0276905 0.264127 70.6316 -0.0315631 0.999447 0.0104285 -2.7764 -0.263692 -0.0183906 0.964432 127.143
0.966018 0.0330981 0.256348 71.4628 -0.031005 0.999445 -0.0122035 -2.84234 -0.25661 0.00384076 0.966508 130.32
0.968671 0.0385173 0.24534 72.0496 -0.035957 0.999242 -0.0149084 -2.90755 -0.245729 0.00561962 0.969322 132.719
0.969681 0.0440948 0.240364 72.6129 -0.0434141 0.999024 -0.0081291 -2.97228 -0.240488 -0.00255258 0.970649 135.092
0.969681 0.0440948 0.240364 72.9917 -0.0434141 0.999024 -0.0081291 -3.01263 -0.240488 -0.00255258 0.970649 136.66
0.972659 0.0370344 0.229268 73.368 -0.0349779 0.999303 -0.0130283 -3.0409 -0.229591 0.00465277 0.973276 138.218
0.9757 0.0322071 0.21673 73.7232 -0.03304 0.999454 0.000220064 -3.06011 -0.216605 -0.00737548 0.976232 139.788
0.977987 0.0385942 0.205068 74.1921 -0.0410634 0.999126 0.00779737 -3.08271 -0.204587 -0.0160465 0.978717 142.164
0.983151 0.042657 0.177746 74.7499 -0.0429047 0.999076 -0.00245145 -3.1214 -0.177686 -0.00521599 0.984073 145.307
0.988381 0.0500733 0.143515 75.2132 -0.0492752 0.998744 -0.00911239 -3.16661 -0.143791 0.00193478 0.989606 148.53
0.991905 0.0549219 0.114493 75.588 -0.0563599 0.998367 0.00935808 -3.19802 -0.113792 -0.0157352 0.99338 151.802
0.992678 0.0656378 0.101397 75.8194 -0.0655287 0.997841 -0.00440989 -3.21848 -0.101468 -0.00226683 0.994836 154.238
0.993203 0.0694816 0.0933828 76.0288 -0.0706752 0.997454 0.00953277 -3.23817 -0.0924827 -0.0160678 0.995585 156.736
0.996029 0.0526421 0.0717975 76.3011 -0.0527364 0.998608 -0.000582967 -3.25297 -0.0717283 -0.00320568 0.997419 160.003
0.998207 0.0397144 0.0447826 76.4651 -0.0404275 0.999068 0.0151315 -3.26198 -0.0441399 -0.0169148 0.998882 163.319
0.999785 0.0172846 0.011435 76.5879 -0.0173059 0.999849 0.00176639 -3.28497 -0.0114027 -0.0019639 0.999933 167.502
0.999429 0.0335157 -0.0042003 76.5426 -0.033476 0.999397 0.00918131 -3.28174 0.00450549 -0.00903546 0.999949 170.865
0.999429 0.0335157 -0.0042003 76.4987 -0.033476 0.999397 0.00918131 -3.29931 0.00450549 -0.00903546 0.999949 174.247
0.99969 0.0225205 -0.0106528 76.4791 -0.0225926 0.999722 -0.0066985 -3.31531 0.010499 0.00693709 0.999921 177.616
0.999661 0.0204236 -0.0161466 76.4239 -0.0202983 0.999763 0.00788396 -3.35925 0.0163038 -0.00755354 0.999839 181.026
0.999418 0.0293787 -0.017309 76.3416 -0.029368 0.999568 0.000872317 -3.39474 0.0173272 -0.00036348 0.99985 184.399
0.999039 0.0398298 -0.0182824 76.2644 -0.0397135 0.999189 0.00667639 -3.42113 0.0185335 -0.00594392 0.999811 186.894
0.99898 0.0405531 -0.0198435 76.2235 -0.0406093 0.999172 -0.00244106 -3.43765 0.019728 0.0032444 0.9998 188.523
0.998859 0.0418145 -0.0230785 76.1789 -0.0416572 0.999106 0.00725344 -3.44562 0.0233612 -0.00628378 0.999707 190.138
0.998859 0.0418145 -0.0230785 76.1005 -0.0416572 0.999106 0.00725344 -3.46505 0.0233612 -0.00628378 0.999707 193.231
0.999199 0.0346585 -0.0200078 76.0621 -0.0347991 0.999372 -0.006726 -3.50104 0.0197621 0.00741687 0.999777 195.305
0.999012 0.0443401 0.00297703 76.0103 -0.0443677 0.998966 0.00994781 -3.53976 -0.00253286 -0.0100701 0.999946 198.023
0.998203 0.047175 0.0369439 76.0847 -0.0466992 0.998816 -0.0136382 -3.58156 -0.0375435 0.0118884 0.999224 201.248
0.997652 0.034445 0.0591873 76.2781 -0.0345628 0.999402 0.000967142 -3.64112 -0.0591186 -0.00301055 0.998246 204.479
0.997119 0.0498438 0.0571839 76.4355 -0.0495971 0.998753 -0.00572656 -3.67438 -0.057398 0.0028739 0.998347 207.734
0.997749 0.0504176 0.0442088 76.5477 -0.0504412 0.998727 -0.000582753 -3.70734 -0.0441819 -0.0016485 0.999022 210.381
0.998683 0.0411284 0.0306623 76.6361 -0.0416168 0.999014 0.0154638 -3.7142 -0.0299961 -0.0167195 0.99941 213.093
0.999706 0.0134551 0.020157 76.7437 -0.0137423 0.999805 0.0141794 -3.71682 -0.0199623 -0.0144522 0.999696 216.585
0.999865 -0.00397993 0.0159124 76.8271 0.00384285 0.999955 0.00863629 -3.71813 -0.015946 -0.00857397 0.999836 219.35
0.999865 -0.00397993 0.0159124 76.8547 0.00384285 0.999955 0.00863629 -3.72844 -0.015946 -0.00857397 0.999836 221.435
0.999846 -0.00767588 0.0157957 76.8778 0.00780663 0.999936 -0.00823269 -3.74376 -0.0157315 0.00835473 0.999841 222.789
0.999846 -0.00767588 0.0157957 76.8978 0.00780663 0.999936 -0.00823269 -3.77557 -0.0157315 0.00835473 0.999841 224.793
0.999851 -0.00952362 0.014412 76.9371 0.00941209 0.999925 0.007787 -3.81521 -0.0144851 -0.00765019 0.999866 226.655
0.999301 -0.0262429 -0.0266219 76.9125 0.0262639 0.999655 0.00043914 -3.84658 0.0266012 -0.00113803 0.999645 229.457
0.987818 -0.0309069 -0.152514 76.5946 0.0317655 0.99949 0.00319605 -3.88868 0.152337 -0.0080018 0.988296 231.92
0.931339 -0.00533029 -0.364113 75.819 0.00165867 0.999945 -0.0103957 -3.91856 0.364149 0.00907795 0.931297 234.036
0.754098 0.0550812 -0.654448 74.2387 -0.0526122 0.998341 0.0234015 -3.92717 0.654651 0.0167849 0.755745 236.032
0.588633 0.0822876 -0.804201 72.8554 -0.0604103 0.996502 0.057747 -3.87376 0.80614 0.0145902 0.591545 236.984
0.3379 0.0582824 -0.939375 70.9423 -0.0315875 0.998221 0.0505712 -3.74027 0.940651 0.0125845 0.33914 237.745
0.200869 0.0587918 -0.977852 69.5958 -0.0259725 0.998166 0.0546779 -3.67369 0.979274 0.0144142 0.202027 237.986
0.0962912 0.0541228 -0.993881 68.1247 -0.023487 0.998366 0.0520916 -3.60494 0.995076 0.0183273 0.0974051 238.098
0.0314967 0.0495036 -0.998276 66.5643 -0.0264763 0.998464 0.0486775 -3.53298 0.999152 0.0248975 0.032759 238.106
-0.0035899 0.0446554 -0.998996 64.2635 -0.031804 0.998492 0.0447472 -3.42905 0.999488 0.0319327 -0.00216427 238.084
-0.00358706 0.0446553 -0.998995 61.6599 -0.0318039 0.998492 0.044747 -3.32381 0.999487 0.0319325 -0.00216144 238.059
-0.00358989 0.0446552 -0.998996 59.5193 -0.0318039 0.998492 0.044747 -3.23445 0.999488 0.0319326 -0.00216427 238.056
-0.00358989 0.0446552 -0.998996 57.1701 -0.0318039 0.998492 0.044747 -3.13327 0.999488 0.0319326 -0.00216427 238.044
-0.0035899 0.0446554 -0.998996 54.6332 -0.031804 0.998492 0.0447471 -3.0257 0.999488 0.0319327 -0.00216427 238.038
-0.000237192 0.0559701 -0.998432 51.9827 -0.0275234 0.998054 0.0559554 -2.91325 0.999621 0.0274935 0.00130376 238.025
-0.000237192 0.0559701 -0.998432 49.3255 -0.0275234 0.998054 0.0559554 -2.80282 0.999621 0.0274935 0.00130376 238.016
-0.00799274 0.0659846 -0.997789 46.6681 -0.0206027 0.997598 0.066137 -2.6785 0.999756 0.0210857 -0.00661409 238.006
-0.016197 0.0679663 -0.997556 44.0177 -0.0158139 0.997545 0.0682223 -2.52984 0.999744 0.0168803 -0.0150824 237.967
-0.0161941 0.067966 -0.997555 41.4021 -0.015814 0.997545 0.068222 -2.38944 0.999742 0.0168802 -0.0150796 237.886
-0.0193598 0.0604936 -0.997981 38.7921 -0.026794 0.997778 0.0610011 -2.25512 0.999454 0.0279208 -0.0176959 237.823
-0.0193598 0.0604936 -0.997981 37.0727 -0.026794 0.997778 0.0610011 -2.17075 0.999454 0.0279208 -0.0176959 237.786
-0.0193598 0.0604935 -0.997981 35.3754 -0.0267941 0.997778 0.061001 -2.09293 0.999454 0.027921 -0.0176959 237.756
-0.0154954 0.0637007 -0.99785 33.6928 -0.0187479 0.997775 0.0639871 -2.01805 0.999705 0.019699 -0.0142667 237.73
-0.0154926 0.0637006 -0.997848 32.0307 -0.018748 0.997775 0.063987 -1.9381 0.999704 0.019699 -0.0142639 237.713
-0.0154926 0.0637006 -0.997848 30.3716 -0.018748 0.997775 0.063987 -1.85667 0.999704 0.019699 -0.0142639 237.69
-0.0174614 0.0741653 -0.997095 27.8966 -0.0204608 0.99701 0.0745174 -1.72832 0.99964 0.0217024 -0.0158917 237.632
-0.0308414 0.0640822 -0.997468 24.6462 -0.0235907 0.997618 0.0648213 -1.53075 0.999246 0.0255302 -0.0292562 237.532
-0.0448911 0.0655865 -0.996837 22.2576 -0.0283715 0.997356 0.0668984 -1.4069 0.998589 0.0312849 -0.0429117 237.415
-0.0538826 0.0695152 -0.996124 20.6744 -0.0354819 0.996811 0.0714824 -1.32127 0.997916 0.0391961 -0.0512442 237.318
-0.0608555 0.0669915 -0.995894 18.3695 -0.0487249 0.996356 0.07 -1.19048 0.996954 0.0527849 -0.0573696 237.148
-0.0608584 0.0669914 -0.995895 16.1539 -0.0487249 0.996356 0.07 -1.06994 0.996956 0.0527851 -0.0573725 236.996
-0.0564694 0.0693661 -0.995991 13.3689 -0.0561595 0.995783 0.0725357 -0.922431 0.996823 0.0600305 -0.0523357 236.819
-0.047515 0.0677966 -0.996567 11.4608 -0.0586395 0.995784 0.0705391 -0.822461 0.997148 0.0617899 -0.0433391 236.707
-0.0475121 0.0677964 -0.996566 10.256 -0.0586394 0.995784 0.0705389 -0.757806 0.997146 0.0617897 -0.0433362 236.657
-0.0475121 0.0677964 -0.996566 9.1043 -0.0586394 0.995784 0.0705389 -0.692516 0.997146 0.0617897 -0.0433362 236.611
-0.0475121 0.0677964 -0.996566 8.02852 -0.0586394 0.995784 0.0705388 -0.638374 0.997146 0.0617897 -0.0433362 236.573
-0.03868 0.0688453 -0.996877 7.02397 -0.0574058 0.995823 0.0709999 -0.584453 0.997601 0.0599728 -0.0345663 236.541
-0.0144308 0.0742381 -0.997136 4.79363 -0.0559789 0.995616 0.074935 -0.464813 0.998328 0.0568999 -0.0102118 236.496
0.0287655 0.0718204 -0.997002 2.1398 -0.0509049 0.996226 0.0702958 -0.317234 0.998289 0.0487303 0.0323129 236.574
0.103316 0.0371972 -0.993954 -0.474839 -0.0493008 0.998264 0.0322339 -0.207617 0.993427 0.0456723 0.104971 236.775
0.312048 0.0480395 -0.94885 -2.48945 -0.0431291 0.998407 0.0363647 -0.169911 0.949086 0.0295756 0.313623 237.381
0.578028 0.065641 -0.813373 -4.15124 -0.0554583 0.997615 0.041098 -0.133294 0.81413 0.0213526 0.580289 238.477
0.760514 0.0543067 -0.647047 -5.13281 -0.0592768 0.998142 0.0141025 -0.11192 0.64661 0.0276297 0.76232 239.66
0.900085 0.0467328 -0.4332 -5.88815 -0.0504148 0.998724 0.0029907 -0.116509 0.432787 0.0191478 0.901293 241.258
0.958907 0.0400684 -0.280877 -6.26298 -0.0449105 0.998932 -0.010821 -0.135815 0.280144 0.0229906 0.959683 242.687
0.986928 0.0393802 -0.156275 -6.48859 -0.0425127 0.998955 -0.0167523 -0.173981 0.155452 0.023177 0.987572 244.322
0.996543 0.0331531 -0.0761723 -6.62133 -0.034635 0.999234 -0.0182161 -0.216953 0.07551 0.0207913 0.996928 246.119
0.999095 0.0308237 -0.0292934 -6.71378 -0.0314509 0.999281 -0.021196 -0.281799 0.0286189 0.0220981 0.999346 248.755
0.999456 0.0288092 -0.0160533 -6.74717 -0.0291782 0.999304 -0.0232469 -0.342304 0.0153724 0.0237027 0.999601 250.883
0.999456 0.0288092 -0.0160533 -6.77278 -0.0291782 0.999304 -0.0232469 -0.382231 0.0153724 0.0237027 0.999601 252.403
0.999456 0.0288092 -0.0160533 -6.82145 -0.0291782 0.999304 -0.0232469 -0.452859 0.0153724 0.0237027 0.999601 254.745
0.999379 0.0293734 -0.0194494 -6.86162 -0.0300012 0.999011 -0.032815 -0.504888 0.0184663 0.0333781 0.999272 256.382
0.999379 0.0293734 -0.0194494 -6.93755 -0.0300012 0.999011 -0.032815 -0.580659 0.0184663 0.0333781 0.999272 258.946
0.999561 0.0227178 -0.0190222 -6.99755 -0.0230964 0.999535 -0.0199265 -0.680136 0.0185607 0.0203571 0.99962 261.625
0.999555 0.0179883 -0.0238157 -7.05766 -0.0189042 0.999068 -0.0388105 -0.76863 0.0230953 0.0392435 0.998963 264.396
0.999555 0.0179883 -0.0238157 -7.13326 -0.0189042 0.999068 -0.0388105 -0.9012 0.0230953 0.0392435 0.998963 267.295
0.999613 0.0166593 -0.0222731 -7.2144 -0.0173168 0.99941 -0.0296609 -1.02996 0.0217658 0.0300351 0.999312 270.282
0.999613 0.0166593 -0.0222731 -7.26573 -0.0173168 0.99941 -0.0296609 -1.1086 0.0217658 0.0300351 0.999312 272.303
0.999613 0.0166593 -0.0222731 -7.2987 -0.0173168 0.99941 -0.0296609 -1.18075 0.0217658 0.0300351 0.999312 274.357
0.999613 0.0166593 -0.0222731 -7.3597 -0.0173168 0.99941 -0.0296609 -1.258 0.0217658 0.0300351 0.999312 276.435
0.999569 0.0126332 -0.0264975 -7.40799 -0.0136082 0.999225 -0.0369427 -1.35114 0.0260102 0.0372873 0.998966 278.523
0.999569 0.0126332 -0.0264975 -7.48529 -0.0136082 0.999225 -0.0369427 -1.45308 0.0260102 0.0372873 0.998966 280.62
0.999569 0.0126332 -0.0264975 -7.55259 -0.0136082 0.999225 -0.0369427 -1.55006 0.0260102 0.0372873 0.998966 282.726
0.999452 0.0163374 -0.0287991 -7.63521 -0.0171625 0.999442 -0.0286418 -1.64159 0.0283151 0.0291203 0.999175 284.829
0.999452 0.0163374 -0.0287991 -7.7089 -0.0171625 0.999442 -0.0286418 -1.72942 0.0283151 0.0291203 0.999175 286.933
0.999452 0.0163374 -0.0287991 -7.76903 -0.0171625 0.999442 -0.0286418 -1.82797 0.0283151 0.0291203 0.999175 288.996
0.999452 0.0163374 -0.0287991 -7.87103 -0.0171625 0.999442 -0.0286418 -1.96006 0.0283151 0.0291203 0.999175 292.073
0.999452 0.0163374 -0.0287991 -7.97926 -0.0171625 0.999442 -0.0286418 -2.07723 0.0283151 0.0291203 0.999175 295.144
0.999417 0.0204152 -0.0273758 -8.05248 -0.0209619 0.999584 -0.0198327 -2.15646 0.0269595 0.020395 0.999428 297.198
0.999417 0.0204152 -0.0273758 -8.12456 -0.0209619 0.999584 -0.0198327 -2.23138 0.0269595 0.020395 0.999428 299.227
0.999322 0.0256787 -0.0263814 -8.20766 -0.0264098 0.999266 -0.0277485 -2.28942 0.0256495 0.0284264 0.999267 301.248
0.999322 0.0256787 -0.0263814 -8.30615 -0.0264098 0.999266 -0.0277485 -2.41387 0.0256495 0.0284264 0.999267 304.267
0.999322 0.0256787 -0.0263814 -8.37127 -0.0264098 0.999266 -0.0277485 -2.48619 0.0256495 0.0284264 0.999267 306.294
0.999322 0.0256787 -0.0263814 -8.43674 -0.0264098 0.999266 -0.0277485 -2.56576 0.0256495 0.0284264 0.999267 308.349
0.999322 0.0256787 -0.0263814 -8.49336 -0.0264098 0.999266 -0.0277485 -2.64306 0.0256495 0.0284264 0.999267 310.415
0.999322 0.0256787 -0.0263814 -8.55924 -0.0264098 0.999266 -0.0277485 -2.71766 0.0256495 0.0284264 0.999267 312.497
0.999322 0.0256787 -0.0263814 -8.62388 -0.0264098 0.999266 -0.0277485 -2.80151 0.0256495 0.0284264 0.999267 314.611
0.999322 0.0256787 -0.0263814 -8.69092 -0.0264098 0.999266 -0.0277485 -2.88316 0.0256495 0.0284264 0.999267 316.748
0.999322 0.0256787 -0.0263814 -8.75255 -0.0264098 0.999266 -0.0277485 -2.95814 0.0256495 0.0284264 0.999267 318.904
0.999322 0.0256787 -0.0263814 -8.82669 -0.0264098 0.999266 -0.0277485 -3.04145 0.0256495 0.0284264 0.999267 321.062
0.999322 0.0256787 -0.0263814 -8.89444 -0.0264098 0.999266 -0.0277485 -3.12675 0.0256495 0.0284264 0.999267 323.2
0.999322 0.0256787 -0.0263814 -8.95283 -0.0264098 0.999266 -0.0277485 -3.21904 0.0256495 0.0284264 0.999267 325.33
0.999322 0.0256787 -0.0263814 -9.01365 -0.0264098 0.999266 -0.0277485 -3.30391 0.0256495 0.0284264 0.999267 327.446
0.999322 0.0256787 -0.0263814 -9.07317 -0.0264098 0.999266 -0.0277485 -3.3863 0.0256495 0.0284264 0.999267 329.55
0.999322 0.0256787 -0.0263814 -9.12783 -0.0264098 0.999266 -0.0277485 -3.47391 0.0256495 0.0284264 0.999267 331.636
0.999322 0.0256787 -0.0263814 -9.18711 -0.0264098 0.999266 -0.0277485 -3.55724 0.0256495 0.0284264 0.999267 333.708
0.999322 0.0256787 -0.0263814 -9.24765 -0.0264098 0.999266 -0.0277485 -3.6398 0.0256495 0.0284264 0.999267 335.748
0.999367 0.0202663 -0.0292448 -9.34163 -0.0208725 0.99957 -0.0205759 -3.76798 0.0288152 0.0211732 0.99936 338.756
0.999367 0.0202663 -0.0292448 -9.44166 -0.0208725 0.99957 -0.0205759 -3.88103 0.0288152 0.0211732 0.99936 341.675
0.999367 0.0202663 -0.0292448 -9.53534 -0.0208725 0.99957 -0.0205759 -3.97799 0.0288152 0.0211732 0.99936 344.49
0.999367 0.0202663 -0.0292448 -9.6442 -0.0208725 0.99957 -0.0205759 -4.07718 0.0288152 0.0211732 0.99936 347.219
0.999367 0.0202663 -0.0292448 -9.72674 -0.0208725 0.99957 -0.0205759 -4.17291 0.0288152 0.0211732 0.99936 349.808
0.999367 0.0202663 -0.0292448 -9.78749 -0.0208725 0.99957 -0.0205759 -4.26469 0.0288152 0.0211732 0.99936 352.233
0.999367 0.0202663 -0.0292448 -9.82424 -0.0208725 0.99957 -0.0205759 -4.3218 0.0288152 0.0211732 0.99936 353.733
0.999367 0.0202663 -0.0292448 -9.86743 -0.0208725 0.99957 -0.0205759 -4.41184 0.0288152 0.0211732 0.99936 355.793
0.999367 0.0202663 -0.0292448 -9.92725 -0.0208725 0.99957 -0.0205759 -4.48658 0.0288152 0.0211732 0.99936 357.689
0.999367 0.0202663 -0.0292448 -10.0116 -0.0208725 0.99957 -0.0205759 -4.56734 0.0288152 0.0211732 0.99936 359.908
0.997208 0.0221183 -0.0713285 -10.1402 -0.0240801 0.999352 -0.026762 -4.64529 0.0706903 0.0284049 0.997094 361.796
0.985686 0.0295861 -0.165978 -10.4764 -0.0329632 0.999301 -0.0176285 -4.71144 0.16534 0.0228473 0.985972 363.529
0.945649 0.036781 -0.323103 -11.0486 -0.0404355 0.999172 -0.00460283 -4.74247 0.322666 0.0174175 0.946353 365.096
0.861435 0.0513412 -0.505267 -11.8714 -0.0480054 0.998654 0.0196304 -4.74717 0.505595 0.0073452 0.86274 366.449
0.718089 0.0619805 -0.693186 -13.0173 -0.0406627 0.998061 0.0471172 -4.70794 0.694762 -0.00564753 0.719217 367.678
0.455237 0.0514691 -0.888881 -15.0358 -0.00533187 0.998467 0.0550838 -4.57855 0.890354 -0.0203368 0.454814 368.919
0.263692 0.0422991 -0.963679 -16.5437 0.0152058 0.998732 0.0479984 -4.49198 0.964487 -0.0273104 0.262715 369.34
0.0875259 0.0660177 -0.993973 -18.2116 0.00385843 0.997772 0.0666098 -4.40161 0.996155 -0.00966528 0.0870761 369.42
-0.0315677 0.0776101 -0.996483 -19.9639 -0.00955783 0.996912 0.0779462 -4.27962 0.999455 0.0119848 -0.0307284 369.338
-0.0781016 0.0800403 -0.993727 -21.8027 -0.0157006 0.99655 0.0815016 -4.15098 0.996822 0.0219675 -0.0765754 369.151
-0.0851422 0.0519006 -0.995015 -23.6965 -0.0172877 0.998415 0.0535572 -4.013 0.996218 0.0217616 -0.08411 368.963
-0.0817867 0.0630003 -0.994657 -25.7219 -0.0132412 0.997843 0.0642909 -3.90852 0.996562 0.0184286 -0.0807761 368.8
-0.0763281 0.0596671 -0.995295 -27.8484 -0.0249332 0.997782 0.0617282 -3.78717 0.99677 0.0295276 -0.0746711 368.611
-0.0674706 0.0585078 -0.996005 -29.3364 -0.0309639 0.997675 0.0607034 -3.70198 0.997241 0.0349359 -0.0655021 368.504
-0.0589778 0.0649508 -0.996144 -30.889 -0.0361025 0.99709 0.06715 -3.60953 0.997606 0.0399237 -0.0564612 368.405
-0.0589807 0.064951 -0.996145 -32.5094 -0.0361026 0.997089 0.0671502 -3.51278 0.997607 0.0399238 -0.0564641 368.31
-0.0489736 0.0673696 -0.996524 -35.0754 -0.0327586 0.997078 0.0690168 -3.34244 0.998261 0.0360249 -0.0466236 368.181
-0.0403514 0.0791712 -0.996042 -37.7438 -0.0296627 0.996322 0.080395 -3.16042 0.998743 0.0327895 -0.0378545 368.066
-0.035054 0.0700764 -0.996924 -40.4745 -0.032565 0.996929 0.0712218 -2.9763 0.998853 0.0349616 -0.0326643 367.958
-0.0350569 0.0700765 -0.996925 -43.238 -0.032565 0.996929 0.0712219 -2.80733 0.998855 0.0349617 -0.0326672 367.858
-0.0350569 0.0700765 -0.996925 -45.0824 -0.032565 0.996929 0.0712219 -2.70059 0.998855 0.0349617 -0.0326672 367.78
-0.0350569 0.0700768 -0.996925 -46.9133 -0.032565 0.996929 0.0712221 -2.59299 0.998855 0.0349617 -0.0326672 367.702
-0.0350569 0.0700768 -0.996925 -48.7398 -0.032565 0.996929 0.0712221 -2.48556 0.998855 0.0349617 -0.0326672 367.633
-0.0350569 0.0700768 -0.996925 -50.5558 -0.032565 0.996929 0.0712221 -2.38008 0.998855 0.0349617 -0.0326672 367.558
-0.0428177 0.0764599 -0.996153 -52.3794 -0.0333375 0.996403 0.0779121 -2.26159 0.998526 0.0365453 -0.0401147 367.468
-0.0501477 0.0768652 -0.99578 -54.1915 -0.0394877 0.996102 0.0788787 -2.14514 0.997961 0.0432766 -0.046917 367.365
-0.0501477 0.0768655 -0.99578 -55.9814 -0.0394877 0.996102 0.0788789 -2.02971 0.997961 0.0432766 -0.046917 367.257
-0.0501477 0.0768652 -0.99578 -58.6771 -0.0394877 0.996102 0.0788787 -1.84843 0.997961 0.0432766 -0.046917 367.108
-0.0501477 0.0768653 -0.99578 -61.3337 -0.0394878 0.996102 0.0788788 -1.6703 0.997961 0.0432767 -0.046917 366.956
-0.0501477 0.0768652 -0.99578 -63.1063 -0.0394877 0.996102 0.0788787 -1.55061 0.997961 0.0432766 -0.046917 366.864
-0.0352219 0.0805819 -0.996125 -65.7681 -0.0412298 0.995778 0.0820117 -1.37051 0.998528 0.0439587 -0.0317508 366.748
-0.0196839 0.0780682 -0.996754 -68.3991 -0.0411294 0.99604 0.0788245 -1.19347 0.99896 0.0425475 -0.0163951 366.68
-0.00476065 0.0765089 -0.997058 -70.9956 -0.0425279 0.996151 0.0766424 -1.0192 0.999085 0.0427676 -0.00148856 366.669
0.00890919 0.0819777 -0.996595 -73.5999 -0.0433841 0.995727 0.0815185 -0.85048 0.999019 0.0425101 0.0124276 366.676
0.0185787 0.0817806 -0.996478 -76.1303 -0.0371378 0.996018 0.0810505 -0.683089 0.999138 0.0355011 0.0215418 366.715
0.0185787 0.0817808 -0.996478 -78.495 -0.0371376 0.996018 0.0810507 -0.535001 0.999138 0.0355009 0.0215418 366.768
0.0158908 0.0784659 -0.99679 -80.682 -0.0291992 0.996527 0.0779798 -0.398639 0.999447 0.0278663 0.0181268 366.808
0.00319093 0.0837131 -0.996485 -82.6454 -0.0225282 0.996243 0.0836207 -0.279142 0.999742 0.0221822 0.00506484 366.815
-0.0242799 0.0793043 -0.996554 -85.0534 -0.0186155 0.99664 0.0797647 -0.118393 0.999532 0.0204881 -0.022722 366.782
-0.058505 0.0714925 -0.995723 -87.9849 -0.0182263 0.99719 0.0726687 0.0713208 0.99812 0.0224 -0.0570375 366.594
-0.0860197 0.0635878 -0.994262 -90.9362 -0.0199389 0.997651 0.0655296 0.251104 0.996094 0.0254613 -0.0845498 366.351
-0.100932 0.0592146 -0.99313 -94.0209 -0.0282804 0.997653 0.0623584 0.419013 0.994491 0.03438 -0.09902 366.009
-0.101269 0.0696142 -0.99242 -96.6507 -0.0306638 0.996856 0.0730544 0.578465 0.994385 0.0378296 -0.0988156 365.727
-0.0964379 0.0944653 -0.990846 -98.7856 -0.0381893 0.994402 0.0985212 0.745244 0.994606 0.0473408 -0.0922905 365.521
-0.0883253 0.0698791 -0.993638 -100.24 -0.045613 0.996206 0.0741144 0.85675 0.995047 0.051869 -0.0848028 365.376
-0.080668 0.0760246 -0.993837 -101.765 -0.0463714 0.995721 0.0799327 0.995322 0.995661 0.0525337 -0.0767974 365.249
-0.0723232 0.0993943 -0.992415 -103.381 -0.0449328 0.993687 0.102796 1.118 0.996368 0.0520266 -0.0674005 365.132
-0.0616612 0.0619486 -0.996173 -105.844 -0.0486523 0.996699 0.0649928 1.32759 0.99691 0.0524737 -0.0584437 364.97
-0.0523784 0.0765106 -0.995691 -107.594 -0.0610225 0.994952 0.0796639 1.44584 0.996761 0.0649323 -0.0474451 364.845
-0.0394189 0.0707983 -0.996713 -109.393 -0.0674786 0.995021 0.0733469 1.56794 0.996943 0.0701479 -0.0344453 364.758
-0.023914 0.0488142 -0.998522 -111.233 -0.058258 0.997042 0.0501371 1.67711 0.998015 0.0593708 -0.0209995 364.713
-0.00981316 0.0656266 -0.997795 -113.152 -0.0515987 0.996481 0.0660476 1.78499 0.998619 0.0521331 -0.00639238 364.706
0.00197195 0.076466 -0.997071 -115.105 -0.0478952 0.995935 0.0762842 1.90689 0.998852 0.0476044 0.00562629 364.711
0.00824759 0.0691999 -0.997567 -117.062 -0.0455763 0.996592 0.0687554 2.03706 0.998925 0.0448985 0.0113734 364.73
0.00824759 0.0691999 -0.997567 -119.044 -0.0455764 0.996592 0.0687554 2.16495 0.998925 0.0448986 0.0113734 364.754
