0.825337 -0.0204078 0.564272 -89.9074 0.0289274 0.999563 -0.0061601 0.46769 -0.563899 0.0214071 0.825566 220.925
0.897622 -0.0149073 0.440513 -89.2579 0.0216414 0.999713 -0.0102669 0.442759 -0.440234 0.0187491 0.897687 222.311
0.960033 0.01603 0.279428 -88.5749 -0.0163819 0.999865 -0.00107599 0.391495 -0.279407 -0.00354457 0.960166 224.716
0.969298 0.0327041 0.243703 -87.8672 -0.0326894 0.999457 -0.00410565 0.346633 -0.243705 -0.00398689 0.969841 227.701
0.934761 0.0190751 0.354764 -86.9477 -0.0220977 0.999746 0.00447017 0.293223 -0.354589 -0.012018 0.934945 230.488
0.753541 0.0138974 0.657253 -85.2927 -0.0112937 0.999903 -0.00819441 0.25937 -0.657303 -0.00124798 0.753625 232.813
0.526334 -0.00947506 0.850225 -83.6715 0.0130643 0.99991 0.00305569 0.229988 -0.850178 0.00949925 0.526411 233.823
0.394075 -0.00484809 0.919065 -82.6437 0.00965867 0.999953 0.00113334 0.240459 -0.919027 0.00843033 0.394104 234.208
0.23484 -0.0128488 0.97195 -81.0952 0.00938187 0.999896 0.0109514 0.23408 -0.971989 0.00654685 0.234936 234.569
0.129445 -0.00364887 0.99158 -79.3639 0.0137863 0.999903 0.00187976 0.227131 -0.991491 0.0134269 0.129483 234.764
0.0680627 0.0087707 0.997643 -77.372 0.0121544 0.99988 -0.0096196 0.214921 -0.997608 0.0127805 0.0679479 234.913
0.0455971 0.00412813 0.998951 -75.6921 0.0213614 0.999759 -0.0051065 0.198251 -0.998731 0.0215718 0.0454979 234.975
0.0455971 0.00412813 0.998951 -73.8753 0.0213614 0.999759 -0.0051065 0.179493 -0.998731 0.0215718 0.0454979 235.056
0.0377922 0.00940343 0.999241 -71.2216 0.0193125 0.999762 -0.0101387 0.1557 -0.999099 0.019681 0.0376016 235.172
0.0282892 0.011968 0.999529 -68.3149 0.0157943 0.999798 -0.0124182 0.117226 -0.999475 0.0161381 0.0280945 235.275
0.0282892 0.011968 0.999529 -65.998 0.0157943 0.999798 -0.0124182 0.0704308 -0.999475 0.0161381 0.0280945 235.333
0.0200611 0.0113012 0.999734 -62.8004 0.0209582 0.999712 -0.0117215 0.00372949 -0.999579 0.0211878 0.0198185 235.397
0.0200611 0.0113012 0.999734 -61.1657 0.0209582 0.999712 -0.0117214 -0.0368668 -0.999579 0.0211878 0.0198185 235.433
0.0148232 0.0185174 0.99972 -58.6445 0.0163023 0.999691 -0.0187587 -0.0923148 -0.999758 0.0165758 0.0145167 235.489
0.0148232 0.0185174 0.99972 -56.0409 0.0163023 0.999691 -0.0187587 -0.158527 -0.999758 0.0165758 0.0145167 235.534
0.024166 0.0148895 0.999597 -53.4048 0.024185 0.999588 -0.015474 -0.229751 -0.999415 0.0245492 0.023796 235.581
0.0325197 0.0205336 0.99926 -50.7707 0.0224334 0.999522 -0.021269 -0.311543 -0.999219 0.0231084 0.0320435 235.676
0.0325197 0.0205335 0.99926 -49.0186 0.0224334 0.999522 -0.021269 -0.373048 -0.999219 0.0231084 0.0320435 235.741
0.0325197 0.0205335 0.99926 -47.2661 0.0224334 0.999522 -0.021269 -0.427797 -0.999219 0.0231084 0.0320435 235.812
0.0379467 0.0109172 0.999221 -44.6579 0.025645 0.9996 -0.0118953 -0.506125 -0.998951 0.0260764 0.0376516 235.913
0.0408774 0.0303506 0.998704 -42.1147 0.0259869 0.999168 -0.0314284 -0.586843 -0.998827 0.0272379 0.0400547 236.027
0.0394537 0.0116186 0.999154 -39.5779 0.0265786 0.999566 -0.0126729 -0.677354 -0.998868 0.0270561 0.0391278 236.128
0.0408872 0.0195893 0.998972 -37.0942 0.0336319 0.999214 -0.0209706 -0.753523 -0.998598 0.0344548 0.0401962 236.225
0.0408872 0.0195893 0.998972 -35.4441 0.0336319 0.999214 -0.0209706 -0.811767 -0.998598 0.0344548 0.0401962 236.304
0.0408872 0.0195893 0.998972 -33.0453 0.0336319 0.999214 -0.0209706 -0.899107 -0.998598 0.0344548 0.0401962 236.403
0.0408872 0.0195893 0.998972 -29.8867 0.0336319 0.999214 -0.0209706 -1.00373 -0.998598 0.0344548 0.0401962 236.553
0.0408872 0.0195893 0.998972 -26.8763 0.0336319 0.999214 -0.0209706 -1.11427 -0.998598 0.0344548 0.0401962 236.705
0.0423629 0.0235765 0.998824 -24.0544 0.0222118 0.999452 -0.0245334 -1.21903 -0.998855 0.0232249 0.041816 236.855
0.0423629 0.0235765 0.998824 -21.992 0.0222118 0.999452 -0.0245334 -1.29217 -0.998855 0.0232249 0.041816 236.954
0.0423629 0.0235765 0.998824 -19.984 0.0222118 0.999452 -0.0245334 -1.37041 -0.998855 0.0232249 0.041816 237.027
0.0354778 0.0294788 0.998936 -18.1018 0.0217412 0.999306 -0.0302619 -1.45119 -0.999135 0.0227917 0.0348123 237.102
0.0181994 0.026261 0.99949 -15.847 0.0196933 0.999452 -0.0266187 -1.55164 -0.999641 0.0201677 0.0176722 237.165
-0.020641 0.0242902 0.999491 -13.4406 0.0206197 0.999503 -0.0238647 -1.66357 -0.999574 0.0201166 -0.0211316 237.134
-0.069538 0.0219002 0.997339 -11.4533 0.0220126 0.999549 -0.0204139 -1.7405 -0.997336 0.0205344 -0.0699887 237.009
-0.152806 0.0184133 0.988085 -9.40749 0.0387515 0.999169 -0.012627 -1.82249 -0.987496 0.0363602 -0.153393 236.698
-0.304458 0.0291344 0.952083 -7.58062 0.0482892 0.998719 -0.0151197 -1.87537 -0.951304 0.041372 -0.305475 236.128
-0.532011 0.0441132 0.845588 -5.81608 0.049404 0.998558 -0.0210103 -1.92601 -0.845295 0.0305977 -0.533423 235.133
-0.683451 0.0388907 0.72896 -4.80292 0.0395389 0.999086 -0.0162317 -1.95607 -0.728925 0.0177288 -0.684365 234.196
-0.793346 0.0433079 0.607228 -4.09671 0.0439606 0.998938 -0.0138102 -1.96166 -0.607181 0.0157378 -0.794407 233.197
-0.859741 0.0473378 0.508535 -3.68551 0.0460262 0.998825 -0.0151645 -1.96517 -0.508656 0.0103684 -0.860909 232.41
-0.935985 0.0474331 0.348821 -3.19942 0.0473872 0.998839 -0.00866953 -1.98457 -0.348827 0.0084151 -0.937146 231.044
-0.977113 0.054725 0.205566 -2.94826 0.0564436 0.998403 0.0025009 -1.97972 -0.205101 0.0140465 -0.978641 229.454
-0.993303 0.0539058 0.102163 -2.77099 0.0556658 0.998345 0.0144532 -1.96242 -0.101215 0.0200434 -0.99466 227.634
-0.9976 0.0550529 0.0419375 -2.67458 0.0557933 0.998303 0.0166928 -1.93371 -0.0409474 0.0189926 -0.998979 225.647
-0.998185 0.0598306 -0.00729811 -2.6665 0.0596438 0.997941 0.0235727 -1.88079 0.00869345 0.0230945 -0.999699 222.652
-0.997877 0.0623581 -0.0189019 -2.71419 0.0618695 0.99776 0.0254196 -1.83267 0.0204447 0.0241962 -0.9995 220.202
-0.997877 0.0623583 -0.0189019 -2.75108 0.0618697 0.99776 0.0254196 -1.79607 0.0204447 0.0241962 -0.9995 218.494
-0.997877 0.0623583 -0.0189019 -2.78877 0.0618697 0.99776 0.0254196 -1.73632 0.0204447 0.0241962 -0.9995 215.796
-0.997877 0.0623585 -0.0189019 -2.82046 0.0618699 0.99776 0.0254196 -1.7012 0.0204447 0.0241962 -0.9995 213.901
-0.997877 0.0623585 -0.0189019 -2.84982 0.0618699 0.99776 0.0254196 -1.6647 0.0204447 0.0241962 -0.9995 211.94
-0.997877 0.0623587 -0.0189019 -2.86959 0.0618701 0.99776 0.0254196 -1.62729 0.0204447 0.0241962 -0.9995 209.927
-0.997877 0.0623587 -0.0189019 -2.88254 0.0618701 0.99776 0.0254196 -1.58341 0.0204447 0.0241962 -0.9995 207.863
-0.997877 0.0623587 -0.0189019 -2.90114 0.0618701 0.99776 0.0254198 -1.54874 0.0204447 0.0241964 -0.9995 205.753
-0.997877 0.0623589 -0.0189019 -2.92787 0.0618703 0.99776 0.0254199 -1.5053 0.0204447 0.0241964 -0.9995 203.582
-0.997877 0.0623589 -0.0189019 -2.96291 0.0618703 0.99776 0.0254199 -1.46437 0.0204447 0.0241964 -0.9995 201.372
-0.997877 0.0623591 -0.0189019 -2.99608 0.0618705 0.99776 0.0254199 -1.42887 0.0204447 0.0241964 -0.9995 199.135
-0.997877 0.0623591 -0.0189019 -3.02551 0.0618705 0.99776 0.0254199 -1.39318 0.0204447 0.0241964 -0.9995 196.875
-0.997877 0.0623593 -0.0189019 -3.06888 0.0618707 0.99776 0.0254199 -1.35493 0.0204447 0.0241964 -0.9995 194.602
-0.997877 0.0623593 -0.0189019 -3.11565 0.0618707 0.99776 0.0254201 -1.31671 0.0204447 0.0241966 -0.9995 192.293
-0.997877 0.0623593 -0.0189019 -3.14919 0.0618707 0.99776 0.0254201 -1.28369 0.0204447 0.0241966 -0.9995 189.983
-0.997877 0.0623595 -0.0189019 -3.18934 0.0618709 0.99776 0.0254201 -1.24271 0.0204447 0.0241966 -0.9995 187.643
-0.997877 0.0623595 -0.0189019 -3.22687 0.0618709 0.99776 0.0254201 -1.20794 0.0204447 0.0241966 -0.9995 185.292
-0.997877 0.0623597 -0.0189019 -3.28138 0.0618711 0.99776 0.0254201 -1.17167 0.0204447 0.0241966 -0.9995 182.916
-0.997877 0.0623597 -0.0189019 -3.32643 0.0618711 0.99776 0.0254201 -1.1275 0.0204447 0.0241966 -0.9995 180.507
-0.997877 0.0623599 -0.0189019 -3.37251 0.0618713 0.99776 0.0254203 -1.08376 0.0204447 0.0241968 -0.9995 178.079
-0.997877 0.0623599 -0.0189019 -3.43225 0.0618713 0.99776 0.0254203 -1.04736 0.0204447 0.0241968 -0.9995 175.627
-0.997877 0.0623601 -0.0189019 -3.48949 0.0618715 0.99776 0.0254203 -1.01447 0.0204447 0.0241968 -0.9995 173.138
-0.997877 0.0623601 -0.0189019 -3.54454 0.0618715 0.99776 0.0254203 -0.977401 0.0204447 0.0241968 -0.9995 170.633
-0.997877 0.0623601 -0.0189019 -3.58936 0.0618715 0.99776 0.0254203 -0.932579 0.0204447 0.0241968 -0.9995 168.074
-0.997877 0.0623603 -0.0189019 -3.62818 0.0618717 0.99776 0.0254203 -0.893406 0.0204448 0.0241967 -0.9995 165.521
-0.997877 0.0623603 -0.0189019 -3.67778 0.0618717 0.99776 0.0254205 -0.860026 0.0204448 0.0241969 -0.9995 162.961
-0.997877 0.0623605 -0.0189019 -3.72739 0.0618719 0.99776 0.0254205 -0.820353 0.0204448 0.0241969 -0.9995 160.373
-0.997877 0.0623605 -0.0189019 -3.77634 0.0618719 0.99776 0.0254205 -0.778452 0.0204448 0.0241969 -0.9995 157.784
-0.997877 0.0623607 -0.0189019 -3.81161 0.0618721 0.99776 0.0254205 -0.743089 0.0204448 0.0241969 -0.9995 155.193
-0.997877 0.0623607 -0.0189019 -3.85958 0.0618721 0.99776 0.0254205 -0.70337 0.0204448 0.0241969 -0.9995 152.587
-0.997877 0.0623607 -0.0189019 -3.91109 0.0618721 0.99776 0.0254205 -0.670938 0.0204448 0.0241969 -0.9995 149.96
-0.997877 0.0623609 -0.0189019 -3.95164 0.0618723 0.99776 0.0254207 -0.640596 0.0204448 0.0241971 -0.9995 147.351
-0.997877 0.0623609 -0.0189019 -3.99516 0.0618723 0.99776 0.0254207 -0.607998 0.0204448 0.0241971 -0.9995 144.745
-0.997877 0.0623611 -0.0189019 -4.03504 0.0618725 0.99776 0.0254207 -0.57929 0.0204448 0.0241971 -0.9995 142.161
-0.997877 0.0623611 -0.0189019 -4.07547 0.0618725 0.99776 0.0254207 -0.54897 0.0204448 0.0241971 -0.9995 139.577
-0.997877 0.0623613 -0.0189019 -4.10701 0.0618727 0.99776 0.0254207 -0.520075 0.0204448 0.0241971 -0.9995 137.015
-0.997877 0.0623613 -0.0189019 -4.14662 0.0618727 0.99776 0.0254207 -0.479095 0.0204448 0.0241971 -0.9995 134.47
-0.997877 0.0623615 -0.0189019 -4.18699 0.0618729 0.99776 0.0254209 -0.446887 0.0204448 0.0241973 -0.9995 131.916
-0.997877 0.0623615 -0.0189019 -4.22789 0.0618729 0.99776 0.0254209 -0.420502 0.0204448 0.0241973 -0.9995 129.372
-0.997877 0.0623615 -0.0189019 -4.2756 0.0618729 0.99776 0.0254209 -0.392316 0.0204448 0.0241973 -0.9995 126.846
-0.997877 0.0623617 -0.0189019 -4.31919 0.0618731 0.99776 0.0254209 -0.365587 0.0204448 0.0241973 -0.9995 124.349
-0.997877 0.0623617 -0.0189019 -4.35752 0.0618731 0.99776 0.0254209 -0.342135 0.0204448 0.0241973 -0.9995 121.875
-0.997877 0.0623619 -0.0189019 -4.39432 0.0618733 0.99776 0.0254209 -0.327574 0.0204448 0.0241973 -0.9995 119.458
-0.997877 0.0623619 -0.0189018 -4.43865 0.0618733 0.99776 0.0254211 -0.310957 0.0204448 0.0241975 -0.9995 117.106
-0.997877 0.0623621 -0.0189018 -4.50435 0.0618735 0.99776 0.0254211 -0.28919 0.0204448 0.0241975 -0.9995 113.688
-0.997877 0.0623621 -0.0189019 -4.54527 0.0618735 0.99776 0.0254211 -0.282694 0.0204448 0.0241975 -0.9995 111.525
-0.997877 0.0623621 -0.0189019 -4.62154 0.0618735 0.99776 0.0254211 -0.263128 0.0204448 0.0241975 -0.9995 108.415
-0.997877 0.0623623 -0.0189019 -4.66155 0.0618737 0.99776 0.0254211 -0.247949 0.0204448 0.0241975 -0.9995 106.43
-0.997877 0.0623623 -0.0189019 -4.69218 0.0618737 0.99776 0.0254211 -0.237556 0.0204448 0.0241975 -0.9995 104.558
-0.997877 0.0623625 -0.0189019 -4.73943 0.0618739 0.99776 0.0254213 -0.225304 0.0204449 0.0241977 -0.9995 101.946
-0.997877 0.0623625 -0.0189019 -4.76488 0.0618739 0.99776 0.0254213 -0.216896 0.0204449 0.0241977 -0.9995 100.33
-0.997328 0.0727706 -0.00664181 -4.81221 0.0725781 0.997032 0.0256735 -0.206418 0.00849037 0.0251228 -0.99965 98.0699
-0.996601 0.0791952 0.0227293 -4.79124 0.0797608 0.996496 0.025162 -0.200865 -0.0206569 0.0268893 -0.999426 96.6733
-0.987568 0.0835194 0.133156 -4.53011 0.0867225 0.996062 0.0184297 -0.202457 -0.131093 0.0297483 -0.990922 94.1731
-0.96606 0.0708421 0.248416 -4.10261 0.0758512 0.997062 0.0106385 -0.216781 -0.246933 0.0291201 -0.968596 92.4967
-0.922795 0.0485545 0.382219 -3.45388 0.0556796 0.99842 0.00759533 -0.233785 -0.381246 0.0282907 -0.92404 90.997
-0.820104 0.0165639 0.571979 -2.29206 0.0287702 0.99951 0.0123059 -0.245869 -0.571495 0.026548 -0.820179 89.2416
-0.658977 0.0115528 0.752076 -0.826117 0.0291886 0.999522 0.0102214 -0.256821 -0.751599 0.0286877 -0.658999 87.8082
-0.513573 0.00765877 0.85801 0.496072 0.0250739 0.999667 0.00608509 -0.255493 -0.857678 0.0246388 -0.513594 87.0364
-0.313521 0.0101705 0.949529 2.4255 0.0211929 0.999769 -0.00371111 -0.284705 -0.949347 0.0189597 -0.313664 86.3864
-0.196004 0.00833529 0.980567 3.94073 0.00811222 0.999943 -0.00687845 -0.300708 -0.980568 0.00660636 -0.196061 86.141
-0.125408 0.0185959 0.99193 5.49546 0.00946414 0.999801 -0.0175469 -0.348545 -0.992059 0.00718724 -0.125559 85.9682
-0.0902262 0.0241154 0.99563 7.13056 0.0133687 0.999646 -0.0230012 -0.379917 -0.995832 0.011235 -0.0905167 85.8196
-0.0777036 0.0167497 0.996836 8.85716 0.0130671 0.99979 -0.0157808 -0.426068 -0.996891 0.0117995 -0.0779061 85.6917
-0.076087 0.0196161 0.996908 10.7098 0.0219337 0.999597 -0.017995 -0.470106 -0.99686 0.0204967 -0.0764867 85.5431
-0.076087 0.0196161 0.996908 12.0195 0.0219337 0.999597 -0.017995 -0.499148 -0.99686 0.0204966 -0.0764867 85.4406
-0.0736629 0.0196295 0.99709 14.0951 0.0323077 0.999328 -0.0172867 -0.545131 -0.99676 0.0309403 -0.0742476 85.2692
-0.0604557 0.0201655 0.997968 16.3218 0.0427089 0.998933 -0.0175978 -0.591261 -0.997258 0.0415582 -0.0612525 85.1066
-0.0360225 0.0168498 0.999209 18.6485 0.0504751 0.998612 -0.0150201 -0.636982 -0.998075 0.0498941 -0.036823 85.0132
2.6733e-05 0.0168846 0.999858 21.093 0.0448774 0.99885 -0.0168688 -0.683049 -0.998993 0.0448715 -0.000731034 85.0149
0.0364375 0.0288886 0.998918 23.6434 0.0316365 0.999048 -0.0300463 -0.752918 -0.998835 0.032697 0.0354888 85.0927
0.0504121 0.026114 0.998387 26.2242 0.0185567 0.999461 -0.0270791 -0.855503 -0.998556 0.0198919 0.0499003 85.2415
0.040433 0.0302705 0.998722 28.7748 0.00799181 0.999499 -0.0306176 -0.957062 -0.999149 0.00921952 0.0401708 85.3652
0.00794898 0.027524 0.999589 31.3198 0.0042303 0.999611 -0.0275583 -1.06776 -0.999959 0.00444762 0.00782946 85.4225
-0.0334529 0.0273795 0.999066 33.8332 0.00855555 0.999596 -0.0271076 -1.169 -0.999405 0.00764075 -0.0336737 85.3825
-0.064522 0.0254798 0.997592 35.4948 0.0134822 0.999605 -0.0246593 -1.22965 -0.997826 0.0118587 -0.06484 85.2959
-0.092964 0.0219259 0.995428 37.1395 0.0183498 0.999625 -0.0203047 -1.2851 -0.995501 0.0163783 -0.0933315 85.1588
-0.105848 0.0240872 0.99409 38.8122 0.0218267 0.999522 -0.0218948 -1.34155 -0.994142 0.0193802 -0.106323 84.976
-0.105848 0.0240872 0.99409 40.4876 0.0218267 0.999522 -0.0218948 -1.3963 -0.994142 0.0193801 -0.106323 84.7862
-0.105848 0.0240872 0.99409 42.2092 0.0218266 0.999522 -0.0218948 -1.44854 -0.994142 0.0193801 -0.106323 84.6048
-0.105848 0.0240873 0.99409 44.8439 0.0218266 0.999522 -0.0218948 -1.51732 -0.994142 0.0193801 -0.106323 84.3589
-0.105848 0.0240871 0.99409 46.631 0.0218265 0.999522 -0.0218947 -1.57333 -0.994142 0.01938 -0.106323 84.1908
-0.105848 0.0240871 0.99409 48.4095 0.0218264 0.999522 -0.0218947 -1.62858 -0.994142 0.01938 -0.106323 84.0041
-0.126563 0.0246082 0.991652 51.0683 0.00666926 0.999691 -0.0239564 -1.72185 -0.991935 0.00358158 -0.126688 83.7175
-0.17518 0.0320049 0.984015 53.699 -0.000772809 0.999467 -0.032645 -1.82228 -0.984535 -0.00647924 -0.175062 83.3281
-0.214931 0.0248786 0.976311 55.4501 0.00465928 0.99969 -0.0244486 -1.88921 -0.976616 -0.000705883 -0.21498 82.9532
-0.277019 0.0272369 0.960478 57.9979 0.0163727 0.999587 -0.0236237 -1.98557 -0.960725 0.00918137 -0.27735 82.2627
-0.315466 0.0261176 0.948576 59.6542 0.0243961 0.999514 -0.0194067 -2.05287 -0.948622 0.0170195 -0.31595 81.7188
-0.357872 0.0280535 0.933349 62.0846 0.0343099 0.999269 -0.0168794 -2.12596 -0.93314 0.0259824 -0.358572 80.7936
-0.374341 0.00875115 0.927252 63.7197 0.0349001 0.99938 0.00465756 -2.15142 -0.926636 0.0341046 -0.374414 80.1362
-0.380878 0.0246955 0.924298 66.184 0.0397177 0.999158 -0.0103292 -2.17387 -0.923774 0.0327768 -0.381538 79.131
-0.380878 0.0246955 0.924298 68.6603 0.0397178 0.999158 -0.0103292 -2.24095 -0.923774 0.0327769 -0.381538 78.1183
-0.387467 0.015934 0.921745 70.3478 0.0404508 0.999181 -0.000268515 -2.26717 -0.920995 0.0371813 -0.387795 77.4078
-0.402175 0.0141214 0.915452 72.048 0.0401713 0.99919 0.00223502 -2.28712 -0.914679 0.0376738 -0.402417 76.6762
-0.426305 0.0196829 0.904361 73.74 0.0415218 0.999135 -0.00217254 -2.30095 -0.903621 0.0366246 -0.426754 75.8938
-0.453173 0.0258671 0.891047 75.4339 0.0416768 0.999101 -0.00780772 -2.32817 -0.890448 0.0335978 -0.453844 75.0409
-0.482563 0.0372938 0.87507 77.9636 0.0457258 0.998803 -0.0173514 -2.38541 -0.87467 0.0316401 -0.483691 73.6687
-0.48968 0.0314747 0.871336 79.6824 0.0476269 0.998822 -0.00931415 -2.42464 -0.870603 0.036938 -0.490602 72.7088
-0.48968 0.0314747 0.871336 81.4045 0.0476269 0.998822 -0.00931414 -2.46003 -0.870603 0.0369381 -0.490602 71.7337
-0.48968 0.0314747 0.871336 83.1304 0.0476269 0.998822 -0.00931412 -2.49903 -0.870603 0.0369381 -0.490602 70.7637
-0.48968 0.0314746 0.871336 84.8387 0.0476269 0.998822 -0.0093141 -2.54017 -0.870603 0.0369381 -0.490602 69.8195
-0.501168 0.0272543 0.864923 86.5563 0.0391744 0.999194 -0.00878627 -2.58728 -0.864465 0.0294794 -0.501832 68.8633
-0.530279 0.017452 0.847645 89.0368 0.0320978 0.999485 -0.000498204 -2.64035 -0.847217 0.0269433 -0.530566 67.3748
-0.565654 0.0147834 0.82451 91.4173 0.0279354 0.999609 0.00124213 -2.68446 -0.82417 0.0237356 -0.565846 65.7999
-0.602713 0.0174391 0.797768 93.7079 0.0258032 0.999664 -0.00235821 -2.72967 -0.797541 0.0191636 -0.602961 64.1275
-0.626408 0.0153909 0.779344 95.1762 0.0265724 0.999646 0.00161639 -2.75856 -0.779043 0.0217216 -0.626595 62.9652
-0.647365 0.0178954 0.76197 96.589 0.0305973 0.999529 0.00252066 -2.77997 -0.761565 0.024946 -0.647607 61.7709
-0.660979 0.0230584 0.750052 97.9642 0.0384334 0.999256 0.00314962 -2.7966 -0.749422 0.0309088 -0.661373 60.5541
-0.667166 0.0261757 0.744451 99.3074 0.0434883 0.999047 0.00384595 -2.81672 -0.74364 0.0349407 -0.667669 59.3507
-0.667166 0.0261756 0.744451 100.618 0.0434884 0.999047 0.00384613 -2.83571 -0.74364 0.0349409 -0.667669 58.1721
-0.667166 0.0261756 0.744451 101.893 0.0434884 0.999047 0.00384613 -2.84932 -0.74364 0.0349409 -0.667669 57.0551
-0.657349 0.0279593 0.75307 103.094 0.0468486 0.998895 0.00380767 -2.87245 -0.752131 0.0377832 -0.657933 56.0051
-0.647902 0.0266874 0.761254 104.253 0.0464427 0.998911 0.00450835 -2.89779 -0.760304 0.0382757 -0.648436 55.0342
-0.638034 0.0271147 0.76953 105.874 0.0460675 0.998934 0.0029978 -2.92317 -0.768628 0.037363 -0.638603 53.6939
-0.645493 0.0415371 0.762635 107.961 0.0525473 0.998569 -0.00991123 -2.97248 -0.761955 0.0336768 -0.646752 51.939
-0.662726 0.022031 0.748537 109.983 0.0468045 0.998831 0.0120412 -3.00912 -0.747397 0.043015 -0.662982 50.1836
-0.672783 0.028209 0.7393 111.989 0.0396405 0.999212 -0.00205224 -3.01908 -0.738775 0.0279255 -0.673371 48.3956
-0.672783 0.028209 0.7393 113.546 0.0396405 0.999212 -0.00205226 -3.04486 -0.738775 0.0279255 -0.673371 46.979
-0.662701 0.0168943 0.748694 115.18 0.042378 0.99899 0.0149684 -3.04725 -0.747684 0.0416477 -0.662747 45.5099
-0.643384 0.0139666 0.765415 116.906 0.0350794 0.999321 0.011252 -3.0375 -0.764738 0.0340897 -0.643437 44.0768
-0.632401 0.00488407 0.774627 118.128 0.0218593 0.999694 0.0115427 -3.04177 -0.774334 0.0242324 -0.632315 43.1185
-0.626697 0.00477611 0.779253 119.378 0.00354627 0.999988 -0.00327703 -3.0373 -0.779259 0.000709739 -0.626706 42.1568
-0.623113 0.00162372 0.782132 120.664 -0.00585543 0.99996 -0.00674086 -3.05157 -0.782111 -0.00878002 -0.623079 41.1714
-0.623113 0.00162374 0.782132 121.987 -0.00585541 0.99996 -0.00674087 -3.06736 -0.782111 -0.00878001 -0.623079 40.1346
-0.623113 0.00162374 0.782132 123.346 -0.00585542 0.99996 -0.00674089 -3.09107 -0.782111 -0.00878003 -0.623079 39.0551
-0.623113 0.00162374 0.782132 124.74 -0.00585542 0.99996 -0.00674089 -3.11797 -0.782111 -0.00878003 -0.623079 37.9601
-0.623113 0.00162374 0.782132 126.142 -0.00585542 0.99996 -0.00674089 -3.13722 -0.782111 -0.00878003 -0.623079 36.815
-0.623113 0.00162375 0.782132 127.615 -0.00585542 0.99996 -0.00674091 -3.16022 -0.782111 -0.00878005 -0.623079 35.6644
-0.627145 -0.00772732 0.778868 129.861 -0.00927584 0.999954 0.00245189 -3.20139 -0.778851 -0.00568696 -0.627187 33.881
-0.629216 -0.0164211 0.77706 132.888 -0.0206319 0.999777 0.00442121 -3.21641 -0.776959 -0.0132503 -0.629415 31.4714
-0.629216 -0.0164211 0.77706 134.4 -0.020632 0.999777 0.0044212 -3.23068 -0.776959 -0.0132504 -0.629415 30.2797
-0.620869 -0.00602218 0.783891 136.664 -0.00465857 0.999981 0.00399252 -3.25944 -0.7839 -0.00117298 -0.620885 28.4634
-0.615667 0.0068924 0.787977 138.18 0.0137344 0.999904 0.00198494 -3.26881 -0.787888 0.0120445 -0.615702 27.2584
-0.615667 0.00689241 0.787977 139.683 0.0137345 0.999904 0.00198495 -3.28949 -0.787888 0.0120445 -0.615702 26.1082
-0.617343 -0.00423316 0.786687 141.186 0.00616109 0.999929 0.0102154 -3.30849 -0.786674 0.0111532 -0.617273 24.9476
-0.617343 -0.00423317 0.786687 142.688 0.00616109 0.999929 0.0102155 -3.31173 -0.786674 0.0111533 -0.617273 23.7794
-0.617343 -0.00423319 0.786687 144.164 0.0061611 0.999929 0.0102155 -3.3165 -0.786674 0.0111533 -0.617273 22.6419
-0.62094 0.00293953 0.783853 145.64 0.00249139 0.999995 -0.00177649 -3.32538 -0.783854 0.000849787 -0.620944 21.4964
-0.622603 0.000652765 0.782542 147.113 0.0082565 0.999949 0.00573486 -3.34061 -0.782499 0.0100316 -0.622576 20.3345
-0.622603 0.000652756 0.782542 148.566 0.00825651 0.999949 0.00573488 -3.34713 -0.782499 0.0100316 -0.622576 19.186
-0.620798 0.0072618 0.783937 149.991 0.00539023 0.999973 -0.00499448 -3.36036 -0.783952 0.00112504 -0.62082 18.0611
-0.620798 0.0072618 0.783937 151.403 0.00539023 0.999973 -0.00499448 -3.3897 -0.783952 0.00112504 -0.62082 16.963
-0.620798 0.00726182 0.783937 153.435 0.00539025 0.999973 -0.00499449 -3.44194 -0.783952 0.00112505 -0.62082 15.3559
-0.630439 0.0156543 0.776083 155.341 0.0148865 0.999857 -0.00807524 -3.49798 -0.776098 0.00646219 -0.630582 13.827
-0.643099 0.00497653 0.765767 157.1 0.0150754 0.999867 0.00616257 -3.53803 -0.765635 0.0155074 -0.643089 12.3887
-0.647612 0.0227489 0.761632 158.142 0.0211873 0.999705 -0.0118443 -3.55821 -0.761677 0.00846639 -0.647903 11.4953
-0.639514 0.0337966 0.768038 159.569 0.0414847 0.999095 -0.00942136 -3.60074 -0.767661 0.0258367 -0.640337 10.2697
-0.586174 0.0465243 0.808846 160.954 0.0635464 0.997914 -0.011347 -3.65778 -0.807687 0.044748 -0.587908 9.19887
-0.445617 0.04275 0.894203 162.94 0.061847 0.997943 -0.0168888 -3.72131 -0.893086 0.0477778 -0.447344 8.12451
-0.284794 0.0558766 0.956959 165.033 0.0585716 0.997449 -0.0408097 -3.81847 -0.956798 0.0444283 -0.28734 7.43026
-0.167449 0.0426171 0.98496 166.756 0.0450396 0.998353 -0.0355397 -3.89488 -0.984852 0.0384111 -0.169092 7.16054
-0.0814217 0.0307421 0.996204 168.551 0.0285667 0.999186 -0.0284992 -3.96488 -0.996269 0.0261378 -0.0822336 7.04588
-0.0436858 0.0270898 0.99868 170.407 -0.000513235 0.999632 -0.0271381 -4.04374 -0.999047 -0.00169806 -0.0436558 7.0238
-0.0398718 0.0297514 0.998762 172.334 -0.00816362 0.999514 -0.0300997 -4.10827 -0.999171 -0.00935365 -0.0396095 6.9613
-0.0533423 0.0248559 0.998266 174.318 -0.00815125 0.999646 -0.0253258 -4.18679 -0.998542 -0.0094881 -0.0531208 6.86802
-0.0787025 0.0447131 0.995895 177.037 -0.0073352 0.998941 -0.0454295 -4.30309 -0.996872 -0.0108805 -0.0782911 6.68516
-0.0988262 0.029833 0.994656 179.172 -0.0162861 0.999368 -0.0315924 -4.40396 -0.99497 -0.0193213 -0.0982779 6.50685
-0.109197 0.0385241 0.993271 181.335 -0.00818961 0.99918 -0.0396536 -4.50093 -0.993984 -0.0124646 -0.108792 6.27251
-0.109197 0.038524 0.993271 182.813 -0.00818976 0.99918 -0.0396535 -4.56491 -0.993984 -0.0124648 -0.108792 6.12103
-0.109197 0.038524 0.993271 184.311 -0.00818976 0.99918 -0.0396535 -4.63298 -0.993984 -0.0124648 -0.108792 5.97001
-0.109197 0.038524 0.993271 185.82 -0.00818976 0.99918 -0.0396535 -4.71112 -0.993984 -0.0124648 -0.108792 5.81157
-0.109197 0.0385238 0.993271 186.58 -0.00818991 0.99918 -0.0396533 -4.74496 -0.993984 -0.0124649 -0.108792 5.73672
-0.109197 0.0385238 0.993271 188.118 -0.00818991 0.99918 -0.0396533 -4.81617 -0.993984 -0.0124649 -0.108792 5.59346
-0.10785 0.0454534 0.993127 189.648 -0.00179309 0.998944 -0.0459143 -4.90205 -0.994165 -0.00673264 -0.107654 5.42983
-0.108427 0.0504624 0.992823 191.179 -0.00855765 0.998626 -0.051692 -4.97795 -0.994068 -0.014101 -0.107846 5.27239
-0.108427 0.0504624 0.992823 192.753 -0.00855765 0.998626 -0.051692 -5.07211 -0.994068 -0.014101 -0.107846 5.10759
-0.111562 0.0569819 0.992124 194.304 -0.0131275 0.998183 -0.0588062 -5.1683 -0.993672 -0.0195846 -0.110611 4.94128
-0.111562 0.0569819 0.992124 195.893 -0.0131275 0.998183 -0.0588062 -5.26942 -0.993672 -0.0195846 -0.110611 4.76922
-0.117182 0.0551599 0.991577 198.325 -0.00605916 0.998398 -0.0562554 -5.44075 -0.993092 -0.0126002 -0.11666 4.48594
-0.117516 0.0471568 0.991953 200.771 0.00334136 0.998885 -0.0470906 -5.59361 -0.993067 -0.00221933 -0.117542 4.18689
-0.115276 0.0508364 0.992033 203.264 0.0135599 0.998677 -0.0496012 -5.74 -0.993242 0.00773407 -0.115813 3.89429
-0.115276 0.0508364 0.992033 204.937 0.0135599 0.998677 -0.0496012 -5.83997 -0.993242 0.00773407 -0.115813 3.71927
-0.115276 0.0508364 0.992033 206.601 0.0135599 0.998677 -0.0496012 -5.93953 -0.993242 0.00773407 -0.115813 3.54121
-0.1124 0.0681181 0.991326 208.249 0.0118923 0.997668 -0.0672055 -6.05359 -0.993592 0.00423527 -0.112948 3.36972
-0.10975 0.0568665 0.992332 209.915 0.00547267 0.998381 -0.0566079 -6.16992 -0.993945 -0.000781973 -0.109883 3.20036
-0.10975 0.0568665 0.992332 212.437 0.00547267 0.998381 -0.0566079 -6.32444 -0.993945 -0.000781973 -0.109883 2.9366
-0.10975 0.0568666 0.992332 214.953 0.00547282 0.998381 -0.056608 -6.49362 -0.993945 -0.00078184 -0.109883 2.67365
-0.110009 0.0536398 0.992483 217.514 0.0137444 0.998529 -0.0524431 -6.66205 -0.993837 0.00787186 -0.110584 2.38978
-0.106692 0.060238 0.992464 220.077 0.0222048 0.998059 -0.0581904 -6.82715 -0.994043 0.015829 -0.107822 2.10177
-0.106692 0.060238 0.992464 222.718 0.0222045 0.998059 -0.0581904 -6.9936 -0.994043 0.0158287 -0.107822 1.83164
-0.109003 0.0606236 0.99219 225.37 0.0122755 0.998145 -0.0596388 -7.18216 -0.993965 0.00567879 -0.109545 1.56433
-0.109003 0.0606236 0.99219 227.168 0.0122755 0.998145 -0.0596388 -7.29363 -0.993965 0.00567879 -0.109545 1.36764
-0.112939 0.0688809 0.99121 229.826 0.0228309 0.997511 -0.0667173 -7.49006 -0.993338 0.0150952 -0.11423 1.06428
-0.118156 0.0537302 0.99154 232.495 0.0135477 0.998529 -0.0524945 -7.70109 -0.992902 0.00723052 -0.11871 0.782206
-0.118156 0.0537302 0.99154 234.273 0.0135477 0.998529 -0.0524945 -7.82039 -0.992902 0.00723052 -0.11871 0.580964
-0.11859 0.0653738 0.99079 236.041 0.0124283 0.99785 -0.0643521 -7.95013 -0.992867 0.00468243 -0.119147 0.384409
-0.11859 0.0653738 0.99079 237.806 0.0124283 0.99785 -0.0643521 -8.08609 -0.992867 0.00468243 -0.119147 0.172058
-0.11859 0.0653738 0.99079 239.575 0.0124283 0.99785 -0.0643521 -8.22512 -0.992867 0.00468243 -0.119147 -0.0233718
-0.114752 0.0756866 0.990507 241.313 0.0126019 0.997124 -0.0747322 -8.36453 -0.993314 0.00390661 -0.115376 -0.213997
-0.110487 0.0628352 0.991887 243.05 0.0142844 0.997997 -0.0616309 -8.51049 -0.993773 0.00735903 -0.111163 -0.402127
-0.10668 0.0733086 0.991586 244.765 0.0136705 0.997292 -0.0722596 -8.64362 -0.994198 0.00584668 -0.107393 -0.584056
-0.10668 0.0733086 0.991586 246.486 0.0136705 0.997292 -0.0722596 -8.78928 -0.994198 0.00584668 -0.107393 -0.768738
-0.101361 0.0631297 0.992845 248.997 0.0122024 0.997988 -0.062211 -8.99302 -0.994775 0.00580933 -0.101927 -1.00005
-0.101361 0.0631297 0.992845 250.626 0.0122024 0.997988 -0.062211 -9.13179 -0.994775 0.00580933 -0.101927 -1.16253
-0.101361 0.0631297 0.992845 252.194 0.0122024 0.997988 -0.062211 -9.24882 -0.994775 0.00580933 -0.101927 -1.31684
-0.102185 0.0522263 0.993394 253.736 0.0101637 0.998624 -0.0514558 -9.36868 -0.994714 0.00483853 -0.102575 -1.46652
-0.102931 0.0614643 0.992789 255.193 0.00895039 0.998106 -0.0608656 -9.47882 -0.994649 0.00262096 -0.103286 -1.61189
-0.102931 0.0614642 0.992789 256.604 0.00895052 0.998106 -0.0608654 -9.58514 -0.994649 0.00262111 -0.103286 -1.75739
-0.11084 0.0600626 0.992021 257.99 0.0138268 0.998169 -0.0588899 -9.68562 -0.993742 0.00718909 -0.111467 -1.9101
-0.126038 0.0618513 0.990095 259.315 0.0140544 0.998066 -0.0605601 -9.79006 -0.991926 0.00628233 -0.126664 -2.07183
-0.146938 0.0630288 0.987135 260.58 0.0174553 0.997978 -0.0611228 -9.88321 -0.988991 0.0082495 -0.147741 -2.26537
-0.170984 0.057941 0.983569 261.816 0.0271721 0.998167 -0.0540774 -9.97001 -0.984899 0.0174793 -0.172245 -2.48558
-0.193426 0.0488964 0.979896 262.979 0.0355149 0.998452 -0.0428119 -10.0545 -0.980472 0.02652 -0.194863 -2.73988
-0.214472 0.0485402 0.975523 264.072 0.0446465 0.998208 -0.0398532 -10.1259 -0.975709 0.0350063 -0.216255 -2.99814
-0.251255 0.0591909 0.966109 266.012 0.0604095 0.997142 -0.0453815 -10.2394 -0.966034 0.0469598 -0.254112 -3.51837
-0.262109 0.0594492 0.963207 267.961 0.0722109 0.996511 -0.0418548 -10.3708 -0.962335 0.0585836 -0.265488 -4.07973
-0.165669 0.0683646 0.983809 269.958 0.0650472 0.996179 -0.0582705 -10.5062 -0.984034 0.0543404 -0.169483 -4.47748
0.0319041 0.053656 0.99805 271.485 0.04166 0.997619 -0.0549645 -10.6055 -0.998622 0.0433324 0.0295928 -4.38795
0.270096 0.0569747 0.961146 272.689 0.00903503 0.998054 -0.0617015 -10.7131 -0.96279 0.0253493 0.269056 -3.96759
0.494122 0.0559077 0.867593 273.698 0.0131179 0.997337 -0.0717394 -10.7993 -0.869294 0.046829 0.492073 -3.36561
0.700573 0.0660043 0.710522 274.607 -0.0196428 0.997119 -0.0732602 -10.8992 -0.713311 0.0373676 0.699852 -2.32399
0.818902 0.0681547 0.569872 275.207 -0.042518 0.9974 -0.0581874 -10.9712 -0.572356 0.02342 0.819671 -1.27336
0.895421 0.0834362 0.437331 275.722 -0.0668018 0.996341 -0.0533123 -11.0368 -0.440179 0.0185225 0.897719 -0.0501636
0.944888 0.0947687 0.313379 276.354 -0.0830801 0.995264 -0.0504772 -11.1321 -0.316678 0.0216597 0.948286 1.89927
0.965633 0.0937888 0.242397 276.779 -0.0853318 0.995328 -0.0451796 -11.2112 -0.245502 0.0229427 0.969125 3.6222
0.980209 0.0968151 0.172674 277.097 -0.0900236 0.994841 -0.0467569 -11.2987 -0.17631 0.0302868 0.983869 5.53965
0.986328 0.107234 0.12513 277.349 -0.101585 0.993534 -0.0507003 -11.376 -0.129758 0.0372958 0.990844 7.64723
0.990622 0.0982951 0.0948975 277.574 -0.095674 0.994905 -0.0317972 -11.4833 -0.0975394 0.0224198 0.994979 9.93365
0.990574 0.1092 0.0826897 277.748 -0.106362 0.993601 -0.0379968 -11.5656 -0.0863099 0.0288436 0.995851 12.3777
0.990574 0.1092 0.0826897 277.876 -0.106362 0.993601 -0.0379968 -11.6393 -0.0863099 0.0288436 0.995851 14.0968
0.990574 0.1092 0.0826897 278.023 -0.106362 0.993601 -0.0379968 -11.7151 -0.0863099 0.0288436 0.995851 15.8852
0.990767 0.102295 0.0889781 278.187 -0.100176 0.994576 -0.0279723 -11.7851 -0.0913569 0.0188005 0.995641 17.7285
0.990767 0.102295 0.0889781 278.355 -0.100176 0.994576 -0.0279723 -11.8528 -0.0913569 0.0188005 0.995641 19.597
0.990851 0.0969492 0.0938863 278.531 -0.0937902 0.994885 -0.0375049 -11.9315 -0.0970422 0.0283562 0.994876 21.4818
0.990851 0.0969492 0.0938863 278.719 -0.0937902 0.994885 -0.0375049 -12.0164 -0.0970422 0.0283562 0.994876 23.3987
0.991381 0.0878224 0.097213 278.912 -0.086064 0.996043 -0.0221439 -12.0969 -0.0987731 0.0135865 0.995017 25.357
0.991381 0.0878224 0.097213 279.186 -0.086064 0.996043 -0.0221439 -12.1914 -0.0987731 0.0135865 0.995017 28.3183
0.991381 0.0878224 0.097213 279.451 -0.086064 0.996043 -0.0221438 -12.2941 -0.0987731 0.0135865 0.995017 31.3117
0.990604 0.0968448 0.0965666 279.708 -0.0956028 0.995267 -0.0174178 -12.3732 -0.0977964 0.00802209 0.995174 34.3721
0.990072 0.102696 0.0959788 279.877 -0.102698 0.9947 -0.00492428 -12.4219 -0.0959758 -0.00498146 0.995371 36.4061
0.990072 0.102696 0.0959788 280.047 -0.102698 0.9947 -0.00492428 -12.4603 -0.0959758 -0.00498147 0.995371 38.4216
0.990072 0.102696 0.0959788 280.228 -0.102698 0.9947 -0.00492427 -12.4947 -0.0959758 -0.00498147 0.995371 40.441
0.990376 0.0993695 0.0963335 280.413 -0.0984236 0.995038 -0.0145333 -12.5322 -0.0972997 0.00491194 0.995243 42.4415
0.989601 0.103209 0.100184 280.599 -0.103263 0.994643 -0.00466124 -12.5716 -0.100128 -0.0057325 0.994958 44.4675
0.987875 0.112677 0.106806 280.888 -0.112152 0.993631 -0.0109307 -12.629 -0.107358 -0.00118039 0.99422 47.4807
0.986808 0.113791 0.11516 281.2 -0.1149 0.993372 0.00301804 -12.6697 -0.114054 -0.0162102 0.993342 50.5132
0.988687 0.0991683 0.11253 281.441 -0.0987979 0.995068 -0.00887755 -12.6996 -0.112855 -0.00234061 0.993609 52.5478
0.989297 0.100617 0.105679 281.746 -0.101485 0.994833 0.00285303 -12.7474 -0.104846 -0.0135473 0.994396 55.5903
0.988986 0.109495 0.0995905 281.917 -0.108981 0.993987 -0.010605 -12.7732 -0.100153 -0.000365272 0.994972 57.6102
0.989243 0.11174 0.0944099 282.098 -0.110514 0.993709 -0.0181244 -12.8168 -0.0958412 0.00749575 0.995368 59.6289
0.989236 0.1129 0.0930858 282.274 -0.112846 0.993595 -0.0058576 -12.8685 -0.0931509 -0.00470983 0.995641 61.6322
0.989236 0.1129 0.0930858 282.441 -0.112846 0.993595 -0.00585761 -12.9051 -0.0931509 -0.00470982 0.995641 63.6415
0.989236 0.1129 0.0930858 282.613 -0.112846 0.993595 -0.00585762 -12.9406 -0.0931509 -0.00470981 0.995641 65.6524
0.989236 0.1129 0.0930858 282.799 -0.112846 0.993595 -0.00585763 -12.9694 -0.0931509 -0.0047098 0.995641 67.668
0.98992 0.105144 0.094882 283.07 -0.103741 0.994411 -0.0196126 -13.0444 -0.0964138 0.0095718 0.995295 70.6454
0.990002 0.0995566 0.0999188 283.261 -0.100151 0.994972 0.000942774 -13.0909 -0.0993225 -0.0109404 0.994995 72.6794
0.990002 0.0995566 0.0999188 283.456 -0.100151 0.994972 0.000942774 -13.1169 -0.0993225 -0.0109404 0.994995 74.6699
0.989443 0.102991 0.10196 283.644 -0.101333 0.994624 -0.0213287 -13.1499 -0.103609 0.0107716 0.99456 76.6507
0.988894 0.100315 0.109665 283.851 -0.100535 0.994927 -0.00353248 -13.2011 -0.109463 -0.007532 0.993962 78.6625
0.988577 0.0954092 0.116676 284.079 -0.0967278 0.995295 0.00567918 -13.2279 -0.115586 -0.0169002 0.993154 80.6657
0.987689 0.0957854 0.123678 284.309 -0.0956203 0.995391 -0.00728339 -13.2526 -0.123805 -0.00463238 0.992296 82.6522
0.986303 0.0947939 0.134982 284.554 -0.0944347 0.99549 -0.00907618 -13.2846 -0.135233 -0.00379508 0.990807 84.6467
0.984475 0.0941955 0.148108 284.836 -0.0943567 0.995521 -0.00595325 -13.3224 -0.148005 -0.00811417 0.988953 86.6236
0.983792 0.0825529 0.15918 285.157 -0.0837042 0.996491 0.00053004 -13.3615 -0.158577 -0.0138455 0.987249 88.596
0.981694 0.0809328 0.172417 285.648 -0.0816046 0.99666 -0.00320015 -13.3994 -0.1721 -0.0109284 0.985019 91.505
0.980089 0.0862484 0.178847 285.976 -0.0859001 0.996256 -0.00970542 -13.4339 -0.179015 -0.00585082 0.983829 93.4322
0.980089 0.0862484 0.178847 286.303 -0.0859001 0.996256 -0.00970543 -13.472 -0.179015 -0.0058508 0.983829 95.3493
0.982317 0.0702921 0.173527 286.81 -0.0703075 0.997507 -0.00606604 -13.5414 -0.173521 -0.00624144 0.98481 98.2024
0.982317 0.0702921 0.173527 287.121 -0.0703075 0.997507 -0.00606605 -13.5745 -0.173521 -0.00624143 0.98481 100.081
0.983821 0.0688752 0.165387 287.429 -0.0673122 0.997619 -0.0150437 -13.6153 -0.166029 0.00366771 0.986114 101.935
0.983821 0.0688752 0.165387 287.732 -0.0673122 0.997619 -0.0150437 -13.6646 -0.166029 0.00366771 0.986114 103.774
0.985205 0.0513095 0.163518 288.064 -0.0522907 0.99863 0.00169919 -13.7077 -0.163207 -0.0102245 0.986539 105.609
0.985909 0.0374846 0.163026 288.376 -0.0390403 0.999217 0.00634803 -13.7368 -0.162661 -0.0126232 0.986601 107.387
0.985533 0.039663 0.164779 288.669 -0.039045 0.999213 -0.00698935 -13.7542 -0.164926 0.000454446 0.986306 109.113
0.985533 0.039663 0.164779 288.952 -0.039045 0.999213 -0.00698935 -13.7801 -0.164926 0.000454446 0.986306 110.813
0.982687 0.0382684 0.181276 289.379 -0.0383963 0.999259 -0.00280496 -13.8338 -0.181249 -0.00420395 0.983428 113.248
0.977887 0.0355455 0.20609 289.851 -0.0341763 0.999364 -0.0102012 -13.8939 -0.206321 0.00293226 0.97848 115.554
0.971064 0.0443728 0.234662 290.342 -0.0433617 0.999015 -0.00946929 -13.9539 -0.234851 -0.000980074 0.972031 117.704
0.963785 0.0589716 0.260077 290.82 -0.0535221 0.998174 -0.0279925 -14.0165 -0.261253 0.0130589 0.965182 119.614
0.959375 0.0451 0.278505 291.486 -0.0451647 0.99896 -0.0061873 -14.107 -0.278495 -0.00664264 0.960415 121.895
0.962672 0.0458604 0.266759 292.085 -0.0411682 0.998884 -0.0231586 -14.1688 -0.267523 0.0113121 0.963485 123.983
0.982731 0.0344702 0.181802 292.651 -0.0345403 0.999399 -0.00278163 -14.2387 -0.181788 -0.00354589 0.983331 126.63
0.99935 0.0331532 -0.0141546 292.78 -0.0333201 0.999376 -0.0117242 -14.2748 0.0137571 0.0121882 0.999831 129.262
