0.99985 0.0153626 -0.00796225 -7.88936 -0.0155401 0.999621 -0.0227267 -1.70599 0.00761009 0.022847 0.99971 285.006
0.99985 0.0153626 -0.00796225 -7.91867 -0.0155401 0.999621 -0.0227267 -1.7868 0.00761009 0.022847 0.99971 287.475
0.999871 0.0148181 -0.00619328 -7.93593 -0.0150069 0.999386 -0.0316452 -1.88552 0.00572056 0.031734 0.99948 289.952
0.999871 0.0148181 -0.00619328 -7.95315 -0.0150069 0.999386 -0.0316452 -1.99104 0.00572056 0.031734 0.99948 292.428
0.999871 0.0148181 -0.00619328 -7.98115 -0.0150069 0.999386 -0.0316452 -2.09147 0.00572056 0.031734 0.99948 294.939
0.999836 0.0180006 0.00199874 -8.01538 -0.017951 0.999584 -0.0225618 -2.18497 -0.00240404 0.0225222 0.999743 297.442
0.999725 0.0234041 0.00134802 -8.03549 -0.0233569 0.999331 -0.0281537 -2.27582 -0.00200602 0.0281145 0.999603 299.939
0.999541 0.0289793 -0.00878054 -8.04561 -0.0292487 0.999051 -0.0322862 -2.36599 0.00783657 0.0325282 0.99944 302.428
0.999285 0.0276055 -0.0258153 -8.08288 -0.0282835 0.999254 -0.0262786 -2.47838 0.0250707 0.02699 0.999321 304.914
0.998381 0.0264748 -0.0503421 -8.15595 -0.0274265 0.999456 -0.0183082 -2.56338 0.04983 0.0196592 0.998564 307.447
0.99698 0.0272067 -0.0727368 -8.30854 -0.0279987 0.999559 -0.00989069 -2.63408 0.0724357 0.0118974 0.997302 310.079
0.996612 0.0273868 -0.0775531 -8.52484 -0.0280732 0.999576 -0.00777356 -2.68466 0.0773073 0.00992438 0.996958 312.708
0.997379 0.0268992 -0.0671611 -8.76593 -0.0277531 0.999545 -0.0118137 -2.73357 0.0668127 0.0136467 0.997672 315.339
0.999012 0.0258061 -0.036185 -8.9517 -0.0266747 0.999363 -0.0237288 -2.80015 0.0355496 0.0246705 0.999063 317.964
0.999529 0.0265642 -0.015347 -9.0537 -0.0270535 0.999102 -0.0326112 -2.88815 0.0144669 0.033011 0.99935 320.404
0.999618 0.0275923 -0.00136128 -9.09911 -0.0276245 0.998841 -0.0394029 -3.00451 0.000272484 0.0394254 0.999222 322.851
0.999579 0.028809 0.00329985 -9.11037 -0.0286396 0.998655 -0.0432255 -3.13143 -0.0045407 0.0431129 0.99906 325.268
0.999542 0.0301741 -0.00214898 -9.11126 -0.0302388 0.998606 -0.0432583 -3.26905 0.000840703 0.0433035 0.999062 327.684
0.999492 0.025314 -0.0193618 -9.10967 -0.0259788 0.999053 -0.0348941 -3.38443 0.0184601 0.0353794 0.999203 330.104
0.999492 0.0177187 -0.0264922 -9.16342 -0.0187956 0.998984 -0.0409699 -3.52592 0.0257393 0.041447 0.998809 332.633
0.999403 0.0183015 -0.0292974 -9.23681 -0.0194404 0.999047 -0.039072 -3.66536 0.0285544 0.0396182 0.998807 335.117
0.999391 0.0189594 -0.0292959 -9.30142 -0.0199293 0.999251 -0.03318 -3.79094 0.0286448 0.0337436 0.99902 337.56
0.999431 0.0197862 -0.0273169 -9.41942 -0.0203622 0.999573 -0.020972 -3.96488 0.0268903 0.0215163 0.999407 341.076
0.999506 0.0203014 -0.023981 -9.49604 -0.0207862 0.999581 -0.0201464 -4.05197 0.0235619 0.0206349 0.999509 343.256
0.999573 0.020815 -0.0204928 -9.57262 -0.0212077 0.999592 -0.0191365 -4.17119 0.0200861 0.0195629 0.999607 346.432
0.999629 0.0213269 -0.0169491 -9.63132 -0.021631 0.999605 -0.017966 -4.28215 0.0165592 0.0183259 0.999695 349.448
0.999671 0.0218365 -0.0134631 -9.65412 -0.0220603 0.999617 -0.0167077 -4.35097 0.0130931 0.0169992 0.99977 351.383
0.999699 0.0223436 -0.0100907 -9.66655 -0.0224973 0.999628 -0.0153922 -4.41233 0.00974305 0.0156146 0.999831 353.225
0.999799 0.0195569 -0.00443064 -9.68596 -0.0195996 0.99976 -0.00981896 -4.46997 0.00423754 0.00990382 0.999942 354.98
0.99983 0.0184111 0.00111042 -9.68935 -0.0183938 0.999734 -0.0139375 -4.52269 -0.00136673 0.0139147 0.999902 356.621
0.999876 0.0157525 -0.000291748 -9.68564 -0.0157548 0.999812 -0.0113305 -4.56847 0.000113209 0.0113337 0.999936 358.171
0.999893 0.0131869 -0.00640621 -9.68417 -0.0132551 0.999855 -0.0107203 -4.63258 0.00626391 0.010804 0.999922 360.301
0.999271 0.0176789 -0.0338278 -9.74016 -0.0182627 0.999688 -0.0170298 -4.69202 0.0335162 0.0176352 0.999283 362.184
0.994165 0.0197623 -0.106041 -9.92073 -0.0216571 0.999625 -0.0167475 -4.76389 0.10567 0.0189463 0.994221 364.396
0.938749 0.0172416 -0.344171 -10.625 -0.0198043 0.999796 -0.00393162 -4.82871 0.344033 0.0105069 0.938899 366.739
0.803945 0.0269976 -0.59409 -11.7312 -0.0177318 0.999613 0.0214307 -4.83978 0.594439 -0.00669482 0.804113 368.231
0.541679 0.0392646 -0.839669 -13.6211 -0.0105276 0.999147 0.0399307 -4.78507 0.84052 -0.01279 0.54163 369.566
0.196911 0.0198634 -0.98022 -16.1085 0.0223672 0.999444 0.0247462 -4.70784 0.980166 -0.0267976 0.196357 370.211
0.0308567 0.0371839 -0.998831 -17.8154 0.0241476 0.998988 0.0379357 -4.66331 0.999232 -0.0252899 0.0299276 370.201
-0.0688307 0.0549487 -0.996115 -19.5682 0.0189454 0.998374 0.0537642 -4.60472 0.997449 -0.0151712 -0.0697598 370.007
-0.118152 0.0913438 -0.988785 -22.0753 0.0166957 0.995802 0.089997 -4.47698 0.992855 -0.00587511 -0.119181 369.676
-0.125483 0.073248 -0.989387 -24.7606 0.0207817 0.997246 0.071194 -4.26487 0.991877 -0.0116275 -0.126659 369.353
-0.124273 0.0827127 -0.988794 -27.0075 0.0140013 0.996567 0.0816031 -4.10191 0.992149 -0.00370331 -0.125004 369.074
-0.117055 0.0811917 -0.9898 -28.59 -0.00346275 0.996613 0.08216 -3.97339 0.993118 0.0130448 -0.116378 368.866
-0.103252 0.0810516 -0.991346 -30.2485 -0.0163271 0.996402 0.0831654 -3.83403 0.99452 0.024773 -0.101557 368.683
-0.088325 0.0837649 -0.992563 -31.9851 -0.0293867 0.995805 0.0866535 -3.68898 0.995658 0.0368218 -0.0854929 368.515
-0.0666848 0.0742912 -0.995003 -34.7286 -0.0315271 0.996569 0.076521 -3.45678 0.997274 0.0364725 -0.0641139 368.325
-0.0556924 0.0845801 -0.994858 -37.541 -0.0285241 0.995864 0.0862624 -3.23755 0.998039 0.0331817 -0.0530495 368.158
-0.0528457 0.0809279 -0.995318 -39.4263 -0.0307071 0.996108 0.0826224 -3.0867 0.99813 0.0349295 -0.0501549 368.042
-0.0483922 0.0756009 -0.995963 -42.4135 -0.0329857 0.996467 0.0772418 -2.8646 0.998284 0.0365905 -0.0457275 367.881
-0.0441281 0.070261 -0.996553 -44.4339 -0.0352266 0.996794 0.0718379 -2.72623 0.998405 0.0382751 -0.0415116 367.784
-0.0406021 0.070717 -0.99667 -46.6104 -0.0352922 0.996768 0.0721617 -2.58525 0.998552 0.0381046 -0.0379752 367.685
-0.037579 0.0712103 -0.996753 -48.8078 -0.0353282 0.99674 0.0725412 -2.45088 0.998669 0.0379396 -0.0349407 367.597
-0.0352196 0.0717815 -0.996798 -51.0068 -0.0353253 0.996704 0.0730229 -2.31512 0.998755 0.037784 -0.0325679 367.505
-0.0335228 0.072756 -0.996787 -53.2285 -0.035284 0.996639 0.0739318 -2.16905 0.998816 0.0376489 -0.030843 367.412
-0.0325404 0.0741049 -0.99672 -55.4417 -0.0352016 0.996544 0.0752411 -2.02421 0.998851 0.0375345 -0.0298193 367.318
-0.036371 0.0709729 -0.996816 -57.6257 -0.0355292 0.996752 0.0722648 -1.88916 0.998708 0.0380443 -0.0337313 367.241
-0.0386226 0.0699715 -0.9968 -59.8477 -0.0359716 0.996801 0.0713654 -1.75115 0.998605 0.0386129 -0.035982 367.154
-0.039526 0.0709289 -0.996698 -62.019 -0.0365083 0.996709 0.0723775 -1.62244 0.998551 0.0392486 -0.0368064 367.059
-0.0392013 0.0737763 -0.996505 -64.1863 -0.0371332 0.996474 0.0752348 -1.49717 0.998542 0.0399527 -0.0363235 366.958
-0.037444 0.0787522 -0.99619 -66.3472 -0.0378632 0.996062 0.0801652 -1.36013 0.998581 0.0407207 -0.0343148 366.868
-0.0232506 0.0814917 -0.996403 -69.5343 -0.0411285 0.99575 0.082398 -1.1561 0.998883 0.0428963 -0.0198002 366.757
-0.0165249 0.0879973 -0.995983 -71.6677 -0.040285 0.995252 0.0886011 -1.0081 0.999051 0.0415874 -0.0129015 366.713
-0.00248406 0.0980582 -0.995177 -74.7885 -0.0400509 0.994372 0.0980788 -0.764929 0.999194 0.0401015 0.00145725 366.705
0.00849304 0.0860972 -0.996251 -77.7603 -0.0332939 0.995758 0.0857708 -0.531224 0.99941 0.0324406 0.0113235 366.719
0.00826344 0.0769661 -0.996999 -79.6603 -0.0319808 0.996544 0.0766658 -0.405071 0.999454 0.0312513 0.0106963 366.739
0.00911347 0.0704941 -0.997471 -82.2913 -0.0319999 0.997022 0.07017 -0.2538 0.999447 0.0312794 0.0113421 366.76
-0.0093952 0.0671731 -0.997697 -84.8619 -0.019296 0.997543 0.0673444 -0.114317 0.999769 0.0198843 -0.00807594 366.776
-0.0517993 0.0676394 -0.996363 -87.4288 -0.0145304 0.997547 0.0684752 0.0322164 0.998551 0.0180246 -0.0506894 366.699
-0.0930309 0.0574301 -0.994005 -89.9665 -0.0192038 0.998046 0.0594609 0.170316 0.995478 0.0246204 -0.0917462 366.481
-0.114961 0.0560272 -0.991787 -92.5534 -0.0276255 0.997842 0.0595713 0.299485 0.992984 0.0342472 -0.113165 366.175
-0.114418 0.0583523 -0.991718 -95.2004 -0.0277346 0.997697 0.0619039 0.438642 0.993046 0.0345877 -0.112536 365.836
-0.104209 0.0889268 -0.990572 -97.9879 -0.0329562 0.995139 0.0928039 0.620368 0.994009 0.0423164 -0.100772 365.536
-0.0873774 0.0863024 -0.99243 -99.8915 -0.0459708 0.99483 0.0905585 0.78757 0.995114 0.0535356 -0.0829582 365.334
-0.0672801 0.0756414 -0.994862 -101.849 -0.0505192 0.995585 0.0791128 0.963462 0.996454 0.0555824 -0.0631617 365.169
-0.0521342 0.0904232 -0.994538 -104.009 -0.0452346 0.994656 0.0928052 1.13765 0.997615 0.0498258 -0.0477653 365.058
-0.0428928 0.0724045 -0.996452 -106.201 -0.0474973 0.996095 0.0744231 1.32246 0.997949 0.0505211 -0.0392862 364.963
-0.035438 0.0812142 -0.996066 -108.433 -0.060652 0.99468 0.0832591 1.47846 0.997529 0.063364 -0.0303236 364.857
-0.026025 0.0642577 -0.997594 -110.721 -0.0609505 0.995973 0.0657434 1.63642 0.997802 0.0625149 -0.0220037 364.788
-0.0147226 0.0621557 -0.997958 -113.077 -0.0498415 0.99678 0.0628176 1.78333 0.998649 0.0506646 -0.0115772 364.755
-0.000360189 0.0779855 -0.996955 -115.494 -0.0477407 0.995816 0.0779137 1.93747 0.998861 0.0476233 0.00336439 364.744
0.00994855 0.0749421 -0.997139 -117.849 -0.0489985 0.996026 0.0743696 2.10173 0.99875 0.0481183 0.0135811 364.756
0.0114194 0.0746635 -0.997143 -120.186 -0.0488713 0.996058 0.0740226 2.24758 0.998739 0.0478864 0.0150232 364.791
0.0128441 0.0743847 -0.997147 -122.533 -0.0487405 0.99609 0.0736781 2.40268 0.998729 0.0476551 0.0164195 364.811
0.010556 0.063001 -0.997957 -124.856 -0.0391222 0.997275 0.0625441 2.53925 0.999178 0.0383821 0.012992 364.84
-0.000427563 0.0604271 -0.998173 -127.191 -0.0240856 0.997882 0.0604199 2.65664 0.99971 0.0240674 0.00102877 364.868
-0.0130756 0.0679027 -0.997607 -129.514 -0.0247546 0.997364 0.0682107 2.77533 0.999608 0.0255872 -0.0113602 364.842
-0.0219875 0.0609424 -0.9979 -131.816 -0.0358546 0.99745 0.061705 2.90906 0.999116 0.037136 -0.0197463 364.779
-0.020793 0.0606503 -0.997944 -134.134 -0.0357232 0.997476 0.0613663 3.02552 0.999146 0.0369256 -0.0185739 364.719
-0.022982 0.073961 -0.996997 -136.452 -0.0287107 0.9968 0.0746082 3.14819 0.999324 0.030339 -0.020785 364.669
-0.0218565 0.0736623 -0.997043 -137.595 -0.0285756 0.996828 0.0742728 3.22029 0.999352 0.0301145 -0.0196823 364.638
-0.0214248 0.0599677 -0.997971 -139.856 -0.0348146 0.997549 0.0606898 3.34986 0.999165 0.0360441 -0.0192846 364.574
-0.0203653 0.0596759 -0.99801 -140.997 -0.0346754 0.997574 0.0603574 3.4124 0.999192 0.0358356 -0.0182466 364.552
-0.0193264 0.059384 -0.998048 -142.136 -0.034535 0.997599 0.0600261 3.46461 0.999216 0.0356277 -0.0172292 364.525
-0.0243913 0.0686324 -0.997344 -144.4 -0.0268238 0.997236 0.069281 3.58852 0.999343 0.0284424 -0.0224829 364.496
-0.0234441 0.0683347 -0.997386 -146.649 -0.0266796 0.997263 0.0689533 3.71654 0.999368 0.0282265 -0.0215568 364.418
-0.0225203 0.0680373 -0.997428 -147.762 -0.026534 0.997289 0.0686269 3.77312 0.999394 0.0280113 -0.0206539 364.38
-0.0261287 0.0595049 -0.997886 -149.971 -0.0275234 0.997806 0.0602208 3.89069 0.999279 0.0290387 -0.0244336 364.317
-0.0288782 0.0714302 -0.997028 -153.332 -0.021816 0.997161 0.0720716 4.05676 0.999345 0.0238324 -0.0272379 364.213
-0.028107 0.0711324 -0.997071 -155.526 -0.021664 0.997187 0.0717514 4.1912 0.999371 0.0236172 -0.0264869 364.144
-0.0274021 0.0708357 -0.997111 -158.793 -0.0215081 0.997213 0.071434 4.37491 0.999392 0.0234034 -0.0258022 364.039
-0.0264094 0.0604055 -0.997824 -160.93 -0.0164713 0.998011 0.0608527 4.4889 0.999515 0.0180426 -0.0253619 363.972
-0.025792 0.0601071 -0.997859 -163.074 -0.0163106 0.998033 0.0605392 4.59677 0.999535 0.017837 -0.0247608 363.911
-0.0252149 0.0598097 -0.997891 -165.188 -0.0161476 0.998054 0.0602275 4.69703 0.999551 0.0176322 -0.0242001 363.845
-0.0197608 0.0525229 -0.998424 -167.282 -0.0295698 0.998152 0.0530938 4.7915 0.999367 0.0305724 -0.0181712 363.761
-0.0111184 0.0580412 -0.998251 -169.417 -0.0337129 0.997725 0.0583861 4.88403 0.999369 0.0343032 -0.00913632 363.697
0.00289344 0.0535912 -0.998557 -172.622 -0.0235881 0.998289 0.0535084 5.03448 0.999716 0.0233993 0.0041526 363.701
0.0120093 0.0492652 -0.998714 -174.781 -0.0141008 0.998695 0.0490947 5.12581 0.999829 0.0134931 0.0126883 363.72
0.0188577 0.0599876 -0.998021 -176.946 -0.00263583 0.998198 0.0599484 5.221 0.999819 0.00150011 0.0189819 363.766
0.0191612 0.0596922 -0.998032 -179.135 -0.00244713 0.998216 0.0596561 5.33822 0.999813 0.00129926 0.0192731 363.813
0.0194422 0.0593977 -0.998044 -180.219 -0.00225726 0.998234 0.0593649 5.3879 0.999807 0.00109872 0.0195419 363.821
0.0251769 0.0619947 -0.99776 -182.405 -0.0144415 0.997994 0.0616449 5.49828 0.99958 0.012857 0.0260217 363.842
0.0341907 0.0576062 -0.997754 -184.628 -0.0248311 0.998078 0.056774 5.61658 0.999107 0.0228342 0.0355554 363.883
0.0442411 0.0602359 -0.997204 -186.866 -0.0291483 0.997833 0.0589807 5.72281 0.998596 0.0264573 0.045901 363.945
0.0443589 0.059952 -0.997216 -189.138 -0.0289427 0.997856 0.058703 5.83817 0.998597 0.0262581 0.045999 364.061
0.0444351 0.0596688 -0.997228 -191.413 -0.0287351 0.997878 0.0584273 5.94968 0.998598 0.0260593 0.0460554 364.165
0.0444642 0.0593867 -0.997244 -193.684 -0.0285255 0.9979 0.0581539 6.05168 0.998604 0.0258611 0.0460649 364.267
0.0444517 0.0591053 -0.997262 -195.952 -0.0283139 0.997922 0.0578824 6.15314 0.99861 0.0256634 0.0460329 364.367
0.0443977 0.0588246 -0.997281 -198.203 -0.0281005 0.997943 0.0576127 6.25213 0.998619 0.0254662 0.0459594 364.469
0.0442993 0.0585447 -0.997301 -200.456 -0.0278853 0.997965 0.057345 6.35079 0.998629 0.0252697 0.0458417 364.571
0.0441593 0.0582656 -0.997324 -202.685 -0.0276683 0.997986 0.0570792 6.44582 0.998641 0.0250737 0.0456825 364.675
0.0522052 0.06429 -0.996564 -204.903 -0.0278433 0.997631 0.0629003 6.54641 0.998248 0.024464 0.0538716 364.776
0.0629863 0.0668971 -0.99577 -207.085 -0.0329765 0.997346 0.0649171 6.65003 0.997469 0.0287482 0.0650251 364.9
0.0763805 0.063494 -0.995056 -209.212 -0.0350172 0.997526 0.0609637 6.74831 0.996464 0.0301876 0.0784149 365.048
0.0879049 0.0631755 -0.994123 -211.275 -0.0329624 0.997625 0.0604833 6.83703 0.995583 0.0274519 0.0897786 365.22
0.087568 0.0628997 -0.99417 -213.26 -0.0327252 0.997648 0.0602372 6.91839 0.99562 0.0272596 0.0894204 365.41
0.0923461 0.069992 -0.993264 -215.212 -0.028681 0.9973 0.0676098 7.00504 0.995314 0.0222443 0.0941041 365.589
0.0919377 0.0697196 -0.993321 -217.094 -0.0284397 0.997323 0.0673682 7.08767 0.995359 0.0220561 0.0936744 365.773
0.0968587 0.0602853 -0.993471 -218.897 -0.0325331 0.997822 0.0573776 7.18547 0.994766 0.0267631 0.098609 365.944
0.106886 0.0813785 -0.990936 -220.634 -0.0403722 0.996178 0.0774543 7.25902 0.993452 0.0317274 0.109763 366.113
0.123857 0.0762104 -0.98937 -222.265 -0.0465562 0.996395 0.0709233 7.35498 0.991208 0.037277 0.126958 366.298
0.145531 0.0743379 -0.986557 -223.787 -0.0437223 0.996682 0.0686511 7.4266 0.988387 0.0331436 0.148298 366.531
0.208365 0.0582178 -0.976316 -226.519 -0.0297986 0.998141 0.0531596 7.54872 0.977596 0.0180164 0.209712 367.107
0.256057 0.0561263 -0.965031 -229.45 -0.00250339 0.998348 0.0573997 7.65123 0.966658 -0.0122817 0.255774 367.907
0.255413 0.0558828 -0.965216 -231.006 -0.0022151 0.998359 0.0572156 7.7196 0.96683 -0.0124756 0.255118 368.332
0.233704 0.0596181 -0.970478 -232.436 -0.00251685 0.998152 0.0607121 7.77028 0.972304 -0.0117461 0.233423 368.677
0.197245 0.0550618 -0.978807 -233.708 0.00229995 0.998393 0.0566271 7.83128 0.980352 -0.0134207 0.196801 368.924
0.112855 0.058 -0.991916 -235.351 -0.000743724 0.998299 0.0582886 7.89847 0.99361 -0.00584039 0.112706 369.094
0.0338507 0.0603864 -0.997601 -236.926 -0.00468832 0.998172 0.0602619 7.96819 0.999416 0.00263714 0.0340719 369.132
-0.00580698 0.0577475 -0.998315 -238.549 -0.0201195 0.998122 0.0578534 8.04926 0.999781 0.0204215 -0.00463423 369.08
-0.00662226 0.057486 -0.998323 -239.405 -0.0198822 0.998141 0.0576074 8.09084 0.999779 0.0202304 -0.005467 369.064
-0.00745785 0.0572254 -0.998334 -240.272 -0.0196441 0.99816 0.0573622 8.13111 0.99978 0.0200392 -0.00631999 369.058
0.0134905 0.0554075 -0.998372 -241.557 -0.0319161 0.997979 0.0549543 8.19287 0.999399 0.0311228 0.0152316 369.069
0.0547237 0.0601033 -0.996691 -243.27 -0.0395637 0.997533 0.0579818 8.27395 0.997717 0.0362598 0.0569666 369.171
0.13312 0.0546317 -0.989593 -246.332 -0.046264 0.997734 0.0488577 8.39382 0.990019 0.0392786 0.135346 369.527
-0.0250376 0.0428887 -0.998765 -249.839 -0.0264902 0.9987 0.04355 8.50572 0.999334 0.027548 -0.0238689 369.812
-0.33398 0.0491711 -0.9413 -252.411 -0.0152759 0.998225 0.0575647 8.64458 0.94246 0.0336044 -0.332636 369.125
-0.590641 0.0494026 -0.805422 -254.4 0.0140393 0.998602 0.0509564 8.76906 0.806814 0.0187894 -0.590509 367.907
-0.72821 0.0589882 -0.68281 -255.478 0.0286593 0.998039 0.0556561 8.83031 0.684753 0.0209605 -0.728472 366.716
-0.842687 0.0693482 -0.533913 -256.458 0.0466125 0.997344 0.0559717 8.91107 0.536377 0.0222797 -0.843681 365.241
-0.895042 0.0670611 -0.440915 -256.974 0.0479661 0.997371 0.0543261 8.99157 0.443398 0.0274751 -0.895905 364.093
-0.930535 0.0672502 -0.359972 -257.445 0.0509002 0.997204 0.05472 9.05492 0.362646 0.0325962 -0.931356 362.827
-0.955694 0.0697416 -0.285979 -257.857 0.0565693 0.996933 0.0540768 9.12492 0.288873 0.0355032 -0.956708 361.453
-0.971595 0.0738812 -0.224818 -258.199 0.0657278 0.996887 0.0435479 9.19355 0.227335 0.0275342 -0.973426 359.986
-0.982106 0.0785508 -0.171165 -258.487 0.0739832 0.996716 0.0329126 9.25944 0.173189 0.0196603 -0.984693 358.423
-0.988871 0.0892623 -0.119024 -258.719 0.0855609 0.995687 0.0358638 9.31374 0.121712 0.0252809 -0.992244 356.753
-0.993014 0.0882787 -0.0782799 -258.855 0.085736 0.995693 0.0352744 9.3736 0.0810568 0.0283166 -0.996306 354.999
-0.995588 0.0741791 -0.0574396 -258.938 0.0726607 0.996961 0.0280903 9.42692 0.0593487 0.0237928 -0.997952 353.163
-0.995686 0.0739235 -0.0560758 -259.074 0.072453 0.996984 0.0278199 9.5109 0.0579632 0.023637 -0.998039 350.219
-0.995781 0.073668 -0.054691 -259.196 0.0722455 0.997006 0.0275494 9.56499 0.0565568 0.0234821 -0.998122 348.154
-0.995875 0.073413 -0.0532851 -259.306 0.0720383 0.997029 0.0272796 9.61884 0.0551294 0.0233285 -0.998205 346.021
-0.99597 0.073158 -0.0518572 -259.403 0.071831 0.997051 0.0270098 9.67088 0.0536803 0.023176 -0.998288 343.834
-0.996064 0.0729035 -0.0504075 -259.51 0.0716241 0.997073 0.0267404 9.71177 0.0522094 0.0230247 -0.998371 341.605
-0.996155 0.0726487 -0.0489351 -259.611 0.0714168 0.997095 0.0264718 9.74722 0.0507161 0.0228753 -0.99845 339.332
-0.996246 0.0723942 -0.04744 -259.709 0.0712096 0.997117 0.0262034 9.80106 0.0492003 0.0227269 -0.998529 337.014
-0.996373 0.0758854 -0.0384416 -259.806 0.074448 0.996518 0.0375372 9.8563 0.0411563 0.0345392 -0.998553 334.634
-0.996454 0.0756131 -0.0369028 -259.891 0.0742396 0.996544 0.0372709 9.91822 0.0395934 0.0343991 -0.998623 332.249
-0.997125 0.0684038 -0.0325011 -259.96 0.0680553 0.997613 0.0117111 9.95851 0.0332246 0.0094656 -0.9994 329.885
-0.997695 0.0632729 -0.024522 -260.016 0.0627176 0.997771 0.0227928 9.95935 0.0259095 0.0212023 -0.99944 327.52
-0.998079 0.0606052 -0.0128023 -260.052 0.0601225 0.99757 0.0352185 10.0063 0.0149056 0.0343811 -0.999297 325.174
-0.998186 0.060267 -0.000726786 -260.055 0.0602141 0.997686 0.0315633 10.0614 0.00262733 0.0314622 -0.999505 322.8
-0.998123 0.0601218 0.01179 -260.016 0.0604728 0.997654 0.0320998 10.1018 -0.00983248 0.0327524 -0.999417 320.471
-0.997687 0.0630143 0.025636 -259.989 0.0638686 0.997379 0.0339959 10.1487 -0.0234266 0.0355545 -0.999096 318.111
-0.997137 0.0646494 0.0391572 -259.903 0.0659755 0.997256 0.0335763 10.1956 -0.0368791 0.0360636 -0.998666 315.79
-0.996316 0.067962 0.052363 -259.808 0.069716 0.99704 0.0324312 10.2449 -0.0500039 0.0359621 -0.998105 313.457
-0.995547 0.0694333 0.0637047 -259.663 0.0714838 0.996976 0.03049 10.2871 -0.061395 0.0349082 -0.9975 311.155
-0.99437 0.0750919 0.0747481 -259.508 0.0773401 0.996621 0.0276478 10.32 -0.0724195 0.0332732 -0.996818 308.872
-0.993045 0.0799011 0.0864667 -259.324 0.0825292 0.996216 0.0272529 10.3562 -0.0839619 0.0341994 -0.995881 306.592
-0.991775 0.0826651 0.0977012 -259.114 0.0857227 0.995939 0.0275162 10.3967 -0.0950298 0.0356651 -0.994833 304.321
-0.991622 0.0823863 0.0994855 -258.88 0.0854844 0.995966 0.0272841 10.4221 -0.0968363 0.03556 -0.994664 302.072
-0.991465 0.0821074 0.101285 -258.633 0.0852461 0.995993 0.0270528 10.4519 -0.0986577 0.035456 -0.994491 299.819
-0.9913 0.0818282 0.103099 -258.385 0.0850074 0.996019 0.0268224 10.4858 -0.100494 0.0353532 -0.99431 297.559
-0.991131 0.0815489 0.104929 -258.152 0.0847686 0.996046 0.0265925 10.5206 -0.102346 0.0352513 -0.994125 295.274
-0.990955 0.0812693 0.106774 -257.894 0.0845295 0.996072 0.0263634 10.558 -0.104212 0.0351505 -0.993932 293
-0.990778 0.0809897 0.108634 -257.643 0.0842903 0.996098 0.0261351 10.5883 -0.106093 0.0350509 -0.993739 290.714
-0.990594 0.0807099 0.110509 -257.373 0.0840508 0.996125 0.0259077 10.6207 -0.107989 0.0349523 -0.993538 288.416
-0.990405 0.0804299 0.112391 -257.242 0.0838109 0.996151 0.0256809 10.6412 -0.109893 0.034854 -0.993334 287.262
-0.990209 0.08015 0.114288 -256.975 0.083571 0.996177 0.0254548 10.6738 -0.111811 0.0347568 -0.993121 284.931
-0.990008 0.0798697 0.1162 -256.686 0.0833306 0.996203 0.0252296 10.7006 -0.113744 0.0346606 -0.992904 282.616
-0.989804 0.0795893 0.118127 -256.385 0.0830901 0.996228 0.0250053 10.7366 -0.115691 0.0345656 -0.992684 280.278
-0.989158 0.0733083 0.12724 -256.084 0.0767541 0.996799 0.0223856 10.7729 -0.125192 0.0319092 -0.991618 277.925
-0.988927 0.0730326 0.129187 -255.916 0.0765111 0.996822 0.0221645 10.7885 -0.127158 0.0318033 -0.991372 276.743
-0.987563 0.0710562 0.140249 -255.595 0.0749201 0.996937 0.0224585 10.8198 -0.138224 0.0326867 -0.989861 274.376
-0.987304 0.0707785 0.142215 -255.418 0.0746745 0.99696 0.0222413 10.8321 -0.140208 0.0325787 -0.989587 273.196
-0.987036 0.0705008 0.144187 -255.242 0.0744287 0.996983 0.0220248 10.8413 -0.142199 0.0324709 -0.989306 272
-0.985125 0.069934 0.156966 -254.88 0.0748564 0.996864 0.0256636 10.869 -0.154679 0.0370317 -0.98727 269.617
-0.983217 0.066834 0.169762 -254.473 0.0726727 0.996951 0.0284089 10.9022 -0.167346 0.0402692 -0.985076 267.231
-0.981035 0.0648903 0.182646 -254.04 0.0704463 0.997225 0.0240904 10.9485 -0.180576 0.0365003 -0.982883 264.839
-0.9783 0.0657255 0.196507 -253.585 0.0711407 0.997253 0.0206191 10.9732 -0.194612 0.0341513 -0.980289 262.443
-0.976031 0.0624251 0.208478 -253.068 0.0687049 0.997372 0.0230104 11.0026 -0.206493 0.0367824 -0.977755 260.036
-0.975617 0.0621368 0.210494 -252.794 0.0684458 0.997394 0.0228134 11.0189 -0.208528 0.0366647 -0.977328 258.817
-0.975199 0.0618486 0.212516 -252.521 0.0681865 0.997416 0.022617 11.0336 -0.210568 0.0365468 -0.976897 257.599
-0.97219 0.0655346 0.224828 -251.991 0.0718017 0.997222 0.019804 11.0599 -0.222906 0.0353963 -0.974195 255.176
-0.971738 0.0652483 0.226859 -251.705 0.0715395 0.997245 0.0196125 11.0714 -0.224954 0.0352877 -0.973728 253.976
-0.967946 0.0707364 0.240994 -251.126 0.0777559 0.996777 0.0197307 11.0825 -0.238822 0.037837 -0.970327 251.56
-0.964917 0.0701406 0.253007 -250.517 0.0785556 0.996637 0.0232997 11.097 -0.250522 0.0423575 -0.967182 249.193
-0.964401 0.0698383 0.255052 -249.876 0.0782884 0.996663 0.023118 11.1214 -0.252586 0.0422627 -0.96665 246.804
-0.961825 0.0732416 0.263673 -249.231 0.0797224 0.99672 0.0139486 11.1404 -0.261787 0.0344368 -0.964509 244.421
-0.961279 0.072955 0.26573 -248.571 0.0794531 0.996743 0.0137715 11.1483 -0.26386 0.0343514 -0.963945 242.017
-0.96073 0.0726682 0.267796 -247.894 0.0791836 0.996767 0.0135958 11.157 -0.265942 0.0342669 -0.963378 239.637
-0.960172 0.0723812 0.269866 -247.227 0.0789139 0.996791 0.0134218 11.1592 -0.268029 0.0341834 -0.962803 237.26
-0.956758 0.0749883 0.281048 -246.545 0.0806541 0.996705 0.00862953 11.1629 -0.279475 0.0309241 -0.959654 234.892
-0.953096 0.0771159 0.292683 -245.826 0.0823316 0.99659 0.00552465 11.1497 -0.291259 0.0293626 -0.956195 232.555
-0.952481 0.076838 0.294757 -245.449 0.0820574 0.996613 0.00536085 11.1439 -0.293346 0.029293 -0.955561 231.377
-0.94851 0.0790409 0.306723 -244.725 0.0869994 0.996132 0.0123394 11.1361 -0.304561 0.0383888 -0.951718 229.023
-0.944708 0.0833572 0.317144 -243.96 0.0910536 0.995801 0.00949665 11.1368 -0.315021 0.0378486 -0.948331 226.662
-0.9419 0.0841743 0.325178 -243.157 0.089725 0.995964 0.002083 11.1167 -0.323691 0.0311386 -0.945652 224.33
-0.941205 0.0838898 0.327251 -242.329 0.0894452 0.99599 0.00193416 11.09 -0.325777 0.0310915 -0.944934 221.999
-0.940506 0.0836049 0.329328 -241.497 0.0891651 0.996015 0.00178747 11.0688 -0.327866 0.0310457 -0.944213 219.675
-0.939799 0.0833192 0.331407 -240.692 0.0888845 0.996041 0.00164321 11.0365 -0.329958 0.0310013 -0.943484 217.368
-0.939089 0.0830329 0.33349 -239.862 0.0886037 0.996066 0.00150126 11.0029 -0.332054 0.0309583 -0.942751 215.068
-0.938371 0.0827458 0.335575 -239.037 0.0883224 0.996091 0.00136154 10.9817 -0.33415 0.0309164 -0.942011 212.774
-0.937649 0.0824582 0.337662 -238.196 0.0880408 0.996116 0.00122417 10.9514 -0.33625 0.0308759 -0.941267 210.494
-0.936919 0.08217 0.339752 -237.368 0.0877588 0.996141 0.00108906 10.923 -0.338351 0.0308366 -0.940515 208.202
-0.933429 0.0791775 0.349926 -236.521 0.0863897 0.996249 0.00502367 10.8959 -0.348215 0.0349191 -0.936768 205.917
-0.932669 0.0788791 0.352009 -236.081 0.0861059 0.996274 0.00489467 10.884 -0.350312 0.0348752 -0.935985 204.782
-0.929629 0.07164 0.361465 -235.202 0.077066 0.997026 0.000597381 10.863 -0.360347 0.028412 -0.932385 202.516
-0.92594 0.0669725 0.37169 -234.302 0.0712455 0.997456 -0.00224192 10.8335 -0.370895 0.0244053 -0.928356 200.262
-0.925122 0.0666956 0.373763 -233.844 0.0709583 0.997476 -0.00236016 10.8216 -0.372977 0.0243381 -0.92752 199.146
-0.924301 0.0664182 0.375837 -233.381 0.0706707 0.997497 -0.0024768 10.7998 -0.37506 0.0242713 -0.926681 198.027
-0.923476 0.0661408 0.377907 -232.913 0.0703829 0.997517 -0.00259186 10.785 -0.37714 0.0242047 -0.925838 196.911
-0.922648 0.0658633 0.379978 -232.451 0.070095 0.997537 -0.0027055 10.7702 -0.37922 0.0241383 -0.924992 195.833
-0.917481 0.0666822 0.392147 -231.528 0.0703785 0.997508 -0.00495963 10.7326 -0.3915 0.0230483 -0.919887 193.601
-0.912578 0.0662487 0.4035 -230.57 0.0693905 0.997566 -0.00684818 10.6927 -0.402972 0.0217496 -0.914954 191.374
-0.91169 0.0659744 0.40555 -230.086 0.0690992 0.997586 -0.00694886 10.6694 -0.405029 0.021688 -0.914048 190.299
-0.910794 0.0656995 0.407598 -229.111 0.0688079 0.997605 -0.00704688 10.6208 -0.407084 0.0216277 -0.913133 188.153
-0.906065 0.0680327 0.41763 -228.134 0.0729146 0.997329 -0.00427537 10.5854 -0.416805 0.0265776 -0.908605 185.99
-0.901386 0.0724641 0.42691 -227.129 0.0779047 0.99695 -0.0047338 10.5399 -0.425951 0.0289913 -0.904282 183.84
-0.896564 0.074426 0.436617 -226.101 0.0816738 0.996657 -0.00217895 10.4945 -0.435319 0.0337066 -0.899645 181.698
-0.891879 0.0778163 0.445531 -225.065 0.0829478 0.996522 -0.00800457 10.4515 -0.444604 0.0298167 -0.895231 179.589
-0.890902 0.0775193 0.447534 -223.983 0.0826529 0.996546 -0.00807977 10.4067 -0.446614 0.0297917 -0.894232 177.46
-0.889921 0.0772215 0.449532 -222.891 0.0823578 0.996569 -0.00815215 10.358 -0.448619 0.0297677 -0.893228 175.33
-0.885088 0.0764458 0.459102 -221.791 0.079717 0.996742 -0.0122851 10.314 -0.458545 0.0257248 -0.888299 173.188
-0.87984 0.0816269 0.468208 -220.669 0.0833579 0.996374 -0.0170636 10.254 -0.467903 0.0240156 -0.883453 171.056
-0.873498 0.0868899 0.479017 -219.538 0.090547 0.995771 -0.0155112 10.1923 -0.478339 0.0298245 -0.877672 168.912
-0.867816 0.0890619 0.48884 -218.342 0.0910866 0.995648 -0.0196956 10.1237 -0.488467 0.0274346 -0.872151 166.763
-0.866749 0.088765 0.49078 -217.738 0.090789 0.995674 -0.0197435 10.0881 -0.49041 0.0274448 -0.871059 165.691
-0.861513 0.0847884 0.500607 -216.516 0.0893763 0.995887 -0.0148637 10.0204 -0.499808 0.0319371 -0.865547 163.574
-0.860424 0.0844801 0.502525 -215.891 0.0890785 0.995913 -0.0149037 9.98219 -0.50173 0.0319407 -0.864433 162.512
-0.859337 0.0841716 0.504439 -215.255 0.0887809 0.995939 -0.0149419 9.95295 -0.503649 0.0319444 -0.86332 161.453
-0.858245 0.0838626 0.506347 -214.623 0.0884831 0.995965 -0.0149782 9.92463 -0.50556 0.0319481 -0.862203 160.414
-0.85715 0.0835528 0.50825 -213.997 0.0881852 0.995991 -0.0150125 9.88219 -0.507467 0.0319522 -0.861082 159.374
-0.856052 0.0832426 0.510148 -213.365 0.0878874 0.996017 -0.0150448 9.84678 -0.509368 0.0319564 -0.859958 158.322
-0.85495 0.0829314 0.512037 -212.102 0.0875896 0.996043 -0.0150738 9.77727 -0.51126 0.0319618 -0.85883 156.236
-0.850345 0.0777368 0.520455 -210.845 0.0837024 0.996418 -0.0120711 9.71334 -0.519529 0.0332987 -0.853805 154.147
-0.849229 0.0774208 0.522321 -209.547 0.0834047 0.996442 -0.0120918 9.65129 -0.521399 0.0332953 -0.852665 152.076
-0.843567 0.0805807 0.530942 -208.272 0.0848202 0.996261 -0.0164382 9.5884 -0.530281 0.0311679 -0.847248 150.016
-0.83873 0.0805977 0.538552 -206.973 0.0811294 0.996443 -0.0227749 9.51727 -0.538472 0.0245905 -0.842285 147.984
-0.837579 0.0802979 0.540381 -206.313 0.0808315 0.996467 -0.0227827 9.47482 -0.540302 0.0245975 -0.841111 146.979
-0.831566 0.0807861 0.549514 -205.003 0.0832882 0.996316 -0.0204337 9.39123 -0.549141 0.0287761 -0.835231 144.974
-0.824206 0.0815856 0.560381 -203.684 0.0831175 0.996279 -0.0227987 9.30943 -0.560156 0.0277866 -0.82792 142.985
-0.818055 0.0762341 0.570066 -202.318 0.0806839 0.996586 -0.0174893 9.22919 -0.569453 0.0316879 -0.821413 141.003
-0.81042 0.0810265 0.580219 -200.943 0.0871416 0.996044 -0.0173808 9.16057 -0.579332 0.0364755 -0.814275 139.038
-0.802672 0.0814773 0.590829 -199.551 0.0883546 0.995939 -0.017309 9.0943 -0.589839 0.038309 -0.806611 137.106
-0.795711 0.0757926 0.600915 -198.11 0.0830893 0.996419 -0.0156529 9.02858 -0.599949 0.0374744 -0.79916 135.177
-0.78835 0.081824 0.609758 -196.65 0.0862693 0.996026 -0.0221207 8.96132 -0.609145 0.0351646 -0.792276 133.268
-0.781515 0.0855474 0.617997 -195.179 0.0893291 0.995692 -0.0248658 8.88575 -0.617461 0.0357721 -0.78579 131.36
-0.78025 0.0852153 0.619633 -193.655 0.0890361 0.995719 -0.024821 8.80139 -0.619096 0.0358031 -0.784498 129.442
-0.773611 0.0853544 0.627883 -192.118 0.0915353 0.995546 -0.0225541 8.71341 -0.627012 0.0400254 -0.777978 127.517
-0.766325 0.0921048 0.635817 -190.571 0.0949641 0.995038 -0.0296853 8.63319 -0.635396 0.0376312 -0.77127 125.607
-0.759594 0.0908936 0.644016 -188.986 0.0913823 0.995279 -0.0326873 8.5396 -0.643947 0.0340226 -0.764315 123.706
-0.753721 0.0861114 0.651533 -187.356 0.0838948 0.995875 -0.0345695 8.43171 -0.651822 0.0286044 -0.757836 121.82
-0.746604 0.0833913 0.660021 -185.712 0.0826147 0.996055 -0.0323957 8.32027 -0.660118 0.0303407 -0.750547 119.959
-0.74531 0.0830634 0.661524 -184.042 0.0823281 0.996081 -0.0323162 8.21034 -0.661616 0.0303764 -0.749228 118.088
-0.744018 0.082735 0.663017 -183.2 0.0820421 0.996107 -0.0322346 8.15831 -0.663103 0.0304123 -0.747909 117.152
-0.736522 0.079218 0.671758 -181.52 0.0801721 0.996342 -0.0295933 8.04684 -0.671644 0.0320601 -0.740179 115.297
-0.728494 0.0828696 0.68002 -179.836 0.0810738 0.99611 -0.0345362 7.9424 -0.680237 0.0299724 -0.732378 113.436
-0.718166 0.0790916 0.691363 -177.184 0.0801797 0.996308 -0.030689 7.77549 -0.691237 0.0333935 -0.721856 110.639
-0.711987 0.0731364 0.698375 -175.399 0.0721702 0.996916 -0.0308239 7.66462 -0.698476 0.0284556 -0.71507 108.802
-0.707283 0.0694557 0.703511 -173.567 0.0634833 0.997381 -0.0346451 7.55495 -0.704075 0.0201573 -0.709841 106.964
-0.705982 0.0691379 0.704847 -171.718 0.0632074 0.997403 -0.0345253 7.43609 -0.705403 0.0201773 -0.708519 105.12
-0.704696 0.0688187 0.706165 -169.888 0.0629328 0.997425 -0.0344014 7.32081 -0.706714 0.0201984 -0.707212 103.284
-0.703418 0.0684981 0.707468 -168.017 0.0626592 0.997446 -0.0342737 7.20754 -0.708009 0.0202206 -0.705914 101.455
-0.702155 0.0681759 0.708754 -166.151 0.0623866 0.997468 -0.0341419 7.09221 -0.709287 0.0202439 -0.704631 99.6136
-0.7009 0.0678522 0.710022 -164.263 0.0621151 0.997489 -0.0340063 6.98151 -0.710547 0.0202681 -0.703355 97.7708
-0.700176 0.0585439 0.711562 -162.371 0.0542419 0.998114 -0.0287458 6.87335 -0.711903 0.0184694 -0.702031 95.9271
-0.698948 0.0582204 0.712798 -160.497 0.0539724 0.998133 -0.0286024 6.76274 -0.713132 0.0184798 -0.700785 94.0887
-0.698082 0.0732503 0.712265 -158.636 0.0726514 0.996866 -0.0313146 6.65205 -0.712327 0.0298869 -0.701215 92.2267
-0.697904 0.0807254 0.711628 -156.778 0.0849166 0.995945 -0.0296988 6.53786 -0.71114 0.0397022 -0.701929 90.3656
-0.696726 0.0803623 0.712822 -154.94 0.0846504 0.995973 -0.0295453 6.43104 -0.712326 0.0397557 -0.700722 88.5287
-0.695559 0.079998 0.714001 -153.07 0.0843852 0.996 -0.0293881 6.32748 -0.713496 0.0398099 -0.699527 86.7122
-0.694407 0.0796327 0.715164 -151.196 0.084121 0.996027 -0.0292271 6.21435 -0.71465 0.0398649 -0.698347 84.8953
-0.693263 0.0792662 0.716311 -149.319 0.083858 0.996054 -0.0290623 6.10394 -0.715788 0.0399206 -0.697174 83.0607
-0.692137 0.0788986 0.717442 -147.46 0.0835962 0.996081 -0.0288936 5.98803 -0.71691 0.0399771 -0.69602 81.2436
-0.69102 0.0785301 0.718556 -145.594 0.0833355 0.996108 -0.0287213 5.88819 -0.718014 0.0400342 -0.694874 79.4413
-0.689917 0.0781605 0.719655 -143.747 0.0830757 0.996134 -0.0285455 5.7912 -0.719105 0.0400919 -0.693744 77.6614
-0.688826 0.0777898 0.72074 -141.867 0.0828169 0.996161 -0.0283661 5.68723 -0.72018 0.0401501 -0.692624 75.8678
-0.687751 0.0774182 0.721807 -139.998 0.0825593 0.996188 -0.0281831 5.58565 -0.721237 0.0402089 -0.69152 74.0924
-0.686686 0.0770456 0.722858 -138.155 0.0823028 0.996214 -0.0279967 5.48273 -0.722279 0.0402684 -0.690427 72.3125
-0.685636 0.076672 0.723896 -136.273 0.0820474 0.99624 -0.0278066 5.38072 -0.723306 0.0403285 -0.68935 70.527
-0.684598 0.0762974 0.724917 -134.382 0.081793 0.996267 -0.0276131 5.28043 -0.724317 0.0403893 -0.688283 68.742
-0.683575 0.0759217 0.72592 -132.487 0.0815397 0.996293 -0.0274158 5.17494 -0.725311 0.0404505 -0.687232 66.968
-0.682567 0.075545 0.726909 -130.595 0.0812876 0.996319 -0.027215 5.06721 -0.726289 0.0405127 -0.686196 65.1793
-0.681571 0.0751673 0.727882 -128.723 0.0810364 0.996345 -0.0270107 4.97607 -0.727252 0.0405752 -0.685171 63.4048
-0.680589 0.0747888 0.72884 -126.827 0.0807863 0.996371 -0.0268032 4.87976 -0.7282 0.0406383 -0.684161 61.6274
-0.679619 0.0744092 0.72978 -124.923 0.0805373 0.996397 -0.0265921 4.77605 -0.72913 0.0407021 -0.683162 59.8637
-0.679813 0.0718085 0.729859 -123.027 0.0716496 0.996937 -0.0313486 4.67312 -0.729874 0.030983 -0.682875 58.1272
-0.678863 0.0714404 0.73078 -122.081 0.0714022 0.996962 -0.0311323 4.61635 -0.730783 0.0310447 -0.681902 57.2529
-0.677929 0.0710707 0.731683 -120.191 0.0711558 0.996986 -0.0309122 4.50142 -0.731675 0.0311072 -0.680943 55.5095
-0.677006 0.0706999 0.73257 -118.298 0.0709106 0.99701 -0.0306885 4.39292 -0.73255 0.0311707 -0.679995 53.7702
-0.676094 0.0703286 0.73345 -117.354 0.0706663 0.997035 -0.0304628 4.33109 -0.733418 0.0312345 -0.679059 52.9032
-0.675186 0.0699564 0.734323 -116.414 0.0704226 0.997059 -0.0302351 4.27509 -0.734278 0.0312986 -0.678127 52.0369
-0.674293 0.0695831 0.735178 -114.521 0.0701802 0.997083 -0.0300038 4.16846 -0.735121 0.0313636 -0.677209 50.2824
-0.673411 0.0692082 0.736019 -112.627 0.0699387 0.997107 -0.0297687 4.05172 -0.73595 0.0314297 -0.676303 48.544
-0.672541 0.0688331 0.73685 -111.67 0.0696983 0.997131 -0.0295318 4.00488 -0.736769 0.0314958 -0.675409 47.6663
-0.671877 0.0605544 0.738183 -109.737 0.0680654 0.997483 -0.0198737 3.90904 -0.737528 0.036892 -0.674308 45.9182
-0.671038 0.0601707 0.73898 -107.818 0.0678269 0.997504 -0.0196301 3.82087 -0.738316 0.0369502 -0.673444 44.1867
-0.67021 0.0597863 0.739762 -105.919 0.0675893 0.997525 -0.0193838 3.75637 -0.73909 0.0370087 -0.672592 42.4244
-0.669396 0.0594009 0.740527 -103.992 0.0673523 0.997546 -0.0191346 3.68666 -0.739846 0.0370675 -0.671754 40.6756
-0.668601 0.0590149 0.741277 -102.057 0.0671166 0.997566 -0.0188825 3.60451 -0.740587 0.0371271 -0.670935 38.9174
-0.667811 0.0586284 0.742019 -101.091 0.0668814 0.997587 -0.0186287 3.56195 -0.74132 0.0371868 -0.67012 38.0461
-0.667038 0.058241 0.742745 -99.174 0.0666469 0.997607 -0.0183721 3.49497 -0.742038 0.0372468 -0.669324 36.3196
-0.66628 0.057853 0.743457 -97.2335 0.0664135 0.997628 -0.0181126 3.41681 -0.742741 0.0373074 -0.668542 34.5699
-0.665538 0.0574642 0.744151 -95.2927 0.066181 0.997648 -0.0178502 3.33705 -0.743427 0.0373687 -0.667775 32.8208
-0.66481 0.0570746 0.74483 -93.3271 0.0659494 0.997668 -0.0175849 3.26548 -0.744097 0.0374304 -0.667023 31.0671
-0.6641 0.0566842 0.745494 -91.3565 0.0657185 0.997688 -0.0173168 3.19332 -0.744752 0.0374926 -0.66629 29.3158
-0.663405 0.0562931 0.746142 -89.426 0.0654886 0.997708 -0.017046 3.1237 -0.745391 0.0375553 -0.665571 27.5851
-0.662725 0.0559013 0.746774 -87.4575 0.0652595 0.997727 -0.0167724 3.05012 -0.746014 0.0376185 -0.664867 25.8532
-0.662064 0.0555088 0.747389 -85.4819 0.0650313 0.997747 -0.0164959 2.97519 -0.746621 0.0376823 -0.664182 24.1032
-0.661421 0.0551155 0.74799 -83.5023 0.064804 0.997766 -0.0162166 2.89833 -0.747213 0.0377468 -0.663515 22.3605
-0.660792 0.0547215 0.748575 -81.5297 0.0645778 0.997785 -0.0159343 2.81635 -0.747789 0.037812 -0.662863 20.6195
-0.660179 0.0543265 0.749144 -79.5686 0.0643523 0.997805 -0.0156489 2.73097 -0.748349 0.037878 -0.662225 18.9067
-0.659584 0.053931 0.749696 -77.579 0.0641278 0.997823 -0.0153611 2.67091 -0.748893 0.0379444 -0.661606 17.1687
-0.659003 0.0535347 0.750234 -75.627 0.063904 0.997842 -0.0150704 2.59375 -0.749422 0.0380115 -0.661002 15.4725
-0.658441 0.0531378 0.750755 -73.6704 0.0636811 0.997861 -0.014777 2.52686 -0.749935 0.0380791 -0.660416 13.7617
-0.657897 0.0527401 0.751263 -71.7485 0.063459 0.997879 -0.0144809 2.45073 -0.750433 0.0381474 -0.659849 12.0745
-0.657365 0.0523417 0.751752 -69.8327 0.0632378 0.997898 -0.014182 2.37394 -0.750914 0.0382165 -0.659293 10.3871
-0.656854 0.0519425 0.75223 -67.9149 0.0630174 0.997916 -0.0138803 2.30104 -0.751383 0.0382862 -0.658758 8.70579
-0.656355 0.0515428 0.75269 -65.9941 0.0627979 0.997934 -0.0135762 2.24016 -0.751834 0.0383565 -0.658235 7.0093
-0.655866 0.0511427 0.753145 -65.0388 0.0625787 0.997952 -0.0132708 2.213 -0.752281 0.0384269 -0.657723 6.16463
-0.656791 0.0598058 0.7517 -63.1313 0.0653607 0.997613 -0.0222627 2.13233 -0.751237 0.0345097 -0.659132 4.50098
-0.656337 0.0594068 0.752129 -61.2406 0.0651429 0.997634 -0.0219521 2.04304 -0.751654 0.0345879 -0.658654 2.83714
-0.655891 0.0590073 0.752548 -60.3019 0.0649254 0.997655 -0.0216399 2.00575 -0.752061 0.0346661 -0.658184 2.01873
-0.655459 0.0586069 0.752955 -58.4308 0.0647091 0.997676 -0.0213248 1.90945 -0.752455 0.0347455 -0.657729 0.396996
-0.655039 0.0582061 0.753354 -57.512 0.0644935 0.997697 -0.0210081 1.8566 -0.752842 0.0348254 -0.657284 -0.392718
-0.654629 0.0578043 0.753738 -55.6891 0.0642787 0.997718 -0.0206884 1.77556 -0.753214 0.034906 -0.656851 -1.98988
-0.654238 0.0574015 0.754108 -53.9095 0.064065 0.997738 -0.0203657 1.67426 -0.753571 0.0349879 -0.656436 -3.52403
-0.653862 0.0569979 0.754464 -52.1581 0.0638522 0.997758 -0.0200402 1.59163 -0.753915 0.0350707 -0.656035 -5.01867
-0.653504 0.0565933 0.754808 -50.458 0.0636403 0.997778 -0.0197117 1.49624 -0.754247 0.0351545 -0.655653 -6.47404
-0.653156 0.0561879 0.755138 -48.7688 0.0634293 0.997798 -0.0193807 1.41846 -0.754565 0.0352393 -0.655282 -7.92234
-0.652824 0.0557819 0.755455 -47.1357 0.0632193 0.997818 -0.0190472 1.3407 -0.754869 0.0353249 -0.654926 -9.34456
-0.652506 0.0553749 0.755761 -45.5587 0.0630097 0.997838 -0.0187112 1.27363 -0.755163 0.0354111 -0.654584 -10.6988
