1 -1.17897e-32 -1.42596e-32 1.06116e-34 1.17897e-32 1 7.08362e-32 8.20711e-34 1.42596e-32 -7.08362e-32 1 8.72519e-34
1 -1.18024e-20 -1.43499e-20 -0.015399 1.18024e-20 1 7.02422e-20 0.000644 1.43499e-20 -7.02422e-20 1 0.724361
0.99996 0.000799041 -0.00885649 -0.032737 -0.000811743 0.999999 -0.00143062 -0.005839 0.00885533 0.00143775 0.99996 2.22514
0.999831 0.00359636 -0.0180172 -0.072171 -0.0036055 0.999993 -0.000475172 -0.012668 0.0180154 0.000540053 0.999838 3.77719
0.999584 0.0040376 -0.0285613 -0.15187 -0.00391604 0.999983 0.00431079 -0.0243396 0.0285782 -0.00419715 0.999583 6.19766
0.999584 0.0040376 -0.0285613 -0.245976 -0.00391604 0.999983 0.00431079 -0.0286251 0.0285782 -0.00419715 0.999583 8.68855
0.999584 0.0040376 -0.0285613 -0.334568 -0.00391604 0.999983 0.00431079 -0.0409828 0.0285782 -0.00419715 0.999583 11.2714
0.999584 0.0040376 -0.0285613 -0.42818 -0.00391604 0.999983 0.00431079 -0.0544952 0.0285782 -0.00419715 0.999583 13.937
0.999584 0.0040376 -0.0285613 -0.52956 -0.00391604 0.999983 0.00431079 -0.0620098 0.0285782 -0.00419715 0.999583 16.6458
0.999584 0.0040376 -0.0285613 -0.583486 -0.00391604 0.999983 0.00431079 -0.0722607 0.0285782 -0.00419715 0.999583 18.481
0.999584 0.0040376 -0.0285613 -0.64334 -0.00391604 0.999983 0.00431079 -0.0761441 0.0285782 -0.00419715 0.999583 20.3358
0.999584 0.0040376 -0.0285613 -0.727207 -0.00391604 0.999983 0.00431079 -0.0901498 0.0285782 -0.00419715 0.999583 23.1532
0.999584 0.0040376 -0.0285613 -0.803357 -0.00391604 0.999983 0.00431079 -0.115804 0.0285782 -0.00419715 0.999583 26.0016
0.99957 -0.0016337 -0.0292822 -0.859965 0.00199301 0.999923 0.0122456 -0.1139 0.02926 -0.0122987 0.999496 27.9589
0.999419 -0.011529 -0.0320769 -0.906833 0.011794 0.999898 0.00808326 -0.115848 0.0319804 -0.00845687 0.999453 29.919
0.999419 -0.011529 -0.0320769 -1.026 0.011794 0.999898 0.00808326 -0.126099 0.0319804 -0.00845687 0.999453 32.8761
0.999419 -0.011529 -0.0320769 -1.08508 0.011794 0.999898 0.00808326 -0.136967 0.0319804 -0.00845687 0.999453 34.8238
0.999435 -0.00383026 -0.0333777 -1.19601 0.00436915 0.999861 0.0160872 -0.148725 0.0333115 -0.0162239 0.999313 37.7367
0.999435 -0.00383026 -0.0333777 -1.31046 0.00436915 0.999861 0.0160872 -0.132695 0.0333115 -0.0162239 0.999313 40.7252
0.999435 -0.00383026 -0.0333777 -1.38577 0.00436915 0.999861 0.0160872 -0.132083 0.0333115 -0.0162239 0.999313 42.7049
0.999435 -0.00383026 -0.0333777 -1.51025 0.00436915 0.999861 0.0160872 -0.12766 0.0333115 -0.0162239 0.999313 45.6533
0.999435 -0.00383026 -0.0333777 -1.62647 0.00436915 0.999861 0.0160872 -0.10722 0.0333115 -0.0162239 0.999313 48.5821
0.999435 -0.00383026 -0.0333777 -1.71927 0.00436915 0.999861 0.0160872 -0.105893 0.0333115 -0.0162239 0.999313 51.4523
0.999284 -0.0100739 -0.036475 -1.81217 0.01103 0.999598 0.026106 -0.0843594 0.0361973 -0.0264896 0.998994 54.3031
0.999194 -0.00526374 -0.039801 -1.92941 0.00592026 0.999848 0.0163954 -0.0529771 0.0397086 -0.0166178 0.999073 57.0857
0.999075 0.00361909 -0.0428588 -2.07228 -0.00296592 0.999879 0.0152939 -0.0512536 0.0429089 -0.0151526 0.998964 59.8075
0.999075 0.00361909 -0.0428588 -2.20054 -0.00296592 0.999879 0.0152939 -0.0510802 0.0429089 -0.0151526 0.998964 62.4289
0.999075 0.00361909 -0.0428588 -2.32676 -0.00296592 0.999879 0.0152939 -0.0541708 0.0429089 -0.0151526 0.998964 64.9169
0.998751 0.0135753 -0.0480939 -2.48767 -0.0126557 0.999732 0.0193727 -0.0468649 0.048344 -0.0187399 0.998655 68.0269
0.998585 0.0137343 -0.0513825 -2.6051 -0.0134837 0.999895 0.00522131 -0.0529769 0.0514488 -0.00452109 0.998665 70.149
0.998585 0.0137343 -0.0513825 -2.71296 -0.0134837 0.999895 0.00522131 -0.0831665 0.0514488 -0.00452109 0.998665 72.0891
0.999051 0.00952161 -0.0424954 -2.82587 -0.00961663 0.999952 -0.00203222 -0.114295 0.042474 0.00243896 0.999095 74.4706
0.999905 0.00283844 -0.0135222 -2.86398 -0.00272218 0.999959 0.00860863 -0.145794 0.0135461 -0.008571 0.999872 76.627
0.997612 0.00773284 0.0686261 -2.76653 -0.00847603 0.999908 0.010545 -0.158981 -0.0685383 -0.0111015 0.997587 78.5899
0.977752 0.00603109 0.209677 -2.40966 -0.00924569 0.999854 0.0143544 -0.170167 -0.209559 -0.0159737 0.977665 80.371
0.885443 0.0100459 0.464639 -1.52538 -0.0141254 0.999886 0.00529976 -0.187247 -0.464533 -0.0112559 0.885484 82.2351
0.641849 0.00613378 0.766807 0.139251 -0.0119284 0.999927 0.001986 -0.21238 -0.766738 -0.0104215 0.641875 83.8087
0.357988 0.00737302 0.933697 2.20212 -0.00364913 0.999972 -0.00649725 -0.248623 -0.933719 -0.00108124 0.358005 84.6459
0.216134 0.00779224 0.976334 3.69391 0.00140744 0.999965 -0.00829243 -0.276812 -0.976364 0.00316642 0.216116 84.9473
0.11723 0.0215722 0.99287 5.28932 0.011152 0.999672 -0.0230367 -0.319175 -0.993042 0.0137731 0.116951 85.1054
0.0640161 0.0248044 0.99764 6.61246 0.00866719 0.99964 -0.0254103 -0.349027 -0.997911 0.0102734 0.0637781 85.188
0.0246381 0.0187417 0.999521 8.06688 0.0144976 0.999712 -0.0191026 -0.396239 -0.999592 0.0149614 0.0243593 85.21
0.000977567 0.0205507 0.999788 9.65944 0.0214696 0.999558 -0.020567 -0.436416 -0.999769 0.0214852 0.000535919 85.2003
-0.0149334 0.0224389 0.999638 11.3994 0.0257524 0.999425 -0.0220494 -0.481665 -0.999558 0.0254138 -0.0155027 85.1636
-0.0149306 0.0224389 0.999636 12.6582 0.0257523 0.999425 -0.0220495 -0.51329 -0.999556 0.0254138 -0.0154998 85.1309
-0.0169371 0.0212737 0.999629 14.6813 0.0357866 0.999146 -0.0206571 -0.566802 -0.999215 0.0354235 -0.0176839 85.0839
-0.00618723 0.0208035 0.999764 16.8515 0.0409226 0.998951 -0.0205334 -0.620603 -0.999143 0.0407859 -0.00703208 85.0537
0.00961403 0.0140805 0.999856 19.9507 0.038267 0.999163 -0.0144388 -0.697171 -0.999222 0.0384002 0.00906717 85.0889
0.0181415 0.0237667 0.999552 22.3549 0.0278345 0.999318 -0.0242663 -0.766728 -0.999447 0.0282623 0.0174675 85.1464
0.0181415 0.0237667 0.999552 24.804 0.0278345 0.999318 -0.0242663 -0.844551 -0.999447 0.0282623 0.0174675 85.2213
0.0181415 0.0237667 0.999552 27.2666 0.0278345 0.999318 -0.0242663 -0.939919 -0.999447 0.0282623 0.0174675 85.2741
0.010106 0.023908 0.999664 30.5266 0.0158639 0.999584 -0.0240665 -1.06063 -0.999824 0.0161018 0.00972254 85.3504
-0.00839847 0.0195104 0.999774 32.949 0.0120952 0.999738 -0.0194081 -1.14284 -0.999891 0.0119295 -0.00863226 85.3511
-0.0373226 0.0199669 0.999103 35.3502 0.0138005 0.999715 -0.0194636 -1.21833 -0.999207 0.0130617 -0.0375875 85.2865
-0.0589394 0.018163 0.998096 36.93 0.0138537 0.999753 -0.0173751 -1.27358 -0.998166 0.0128032 -0.0591765 85.1957
-0.0805975 0.0190061 0.996566 38.4845 0.0141672 0.999739 -0.0179209 -1.32165 -0.996646 0.0126741 -0.0808457 85.0714
-0.11069 0.0219365 0.993613 40.7665 0.0157068 0.99967 -0.0203204 -1.39718 -0.993731 0.0133572 -0.110998 84.8294
-0.138346 0.0222485 0.990133 43.0147 0.018315 0.999634 -0.0199029 -1.47007 -0.990214 0.0153808 -0.138703 84.5368
-0.154895 0.0185634 0.987755 45.1557 0.0262819 0.999547 -0.0146635 -1.53933 -0.98758 0.0236888 -0.155313 84.1976
-0.154892 0.0185634 0.987754 46.5266 0.0262819 0.999547 -0.0146636 -1.58315 -0.987579 0.0236888 -0.15531 83.9792
-0.154895 0.0185634 0.987755 47.8253 0.0262819 0.999547 -0.0146636 -1.62181 -0.98758 0.0236887 -0.155313 83.765
-0.138692 0.0211203 0.990112 49.6442 0.0269799 0.999482 -0.017541 -1.6925 -0.98997 0.0242803 -0.13919 83.5027
-0.0759615 0.0247857 0.996802 51.828 0.0220279 0.999489 -0.0231739 -1.7811 -0.996866 0.0201971 -0.0764686 83.3267
0.0483426 0.0264524 0.998481 53.865 0.0144818 0.999526 -0.0271812 -1.8655 -0.998726 0.0157738 0.0479366 83.3932
0.238797 0.013046 0.970981 55.8005 0.00186137 0.999902 -0.0138923 -1.94274 -0.971067 0.00512478 0.238749 83.8041
0.414582 0.0172277 0.909849 57.1999 0.0047628 0.999766 -0.0211004 -1.9803 -0.91 0.0130813 0.414403 84.3873
0.534771 0.0241882 0.844651 58.0029 0.00258856 0.999539 -0.0302625 -2.01696 -0.844993 0.0183699 0.534461 84.925
0.647425 0.0286759 0.761589 58.6947 -0.00321425 0.999386 -0.0348971 -2.04123 -0.762122 0.0201453 0.64712 85.5568
0.744986 0.0239634 0.666649 59.2903 -0.00597024 0.999554 -0.0292583 -2.06932 -0.667053 0.017817 0.744797 86.283
0.859935 0.0126557 0.510247 59.9725 -0.00958124 0.999917 -0.00865343 -2.10292 -0.510314 0.00255259 0.859984 87.5142
0.949324 0.0269586 0.313141 60.6668 -0.0291504 0.999572 0.00231898 -2.14143 -0.312945 -0.0113297 0.949704 89.7188
0.968437 0.0418311 0.245722 61.3782 -0.042824 0.999082 -0.00130352 -2.16058 -0.24555 -0.0092604 0.96934 92.6706
0.966063 0.0414495 0.25496 61.9458 -0.0379213 0.999105 -0.0187404 -2.18948 -0.255509 0.00843596 0.96677 94.8062
0.961094 0.0406748 0.273209 62.5933 -0.0410984 0.999146 -0.00417496 -2.23265 -0.273146 -0.00721594 0.961946 97.1712
0.95962 0.0291913 0.279782 63.3346 -0.0279227 0.999574 -0.00852003 -2.26603 -0.279911 0.000363727 0.960026 99.6826
0.961143 0.0331006 0.274061 63.8949 -0.0301886 0.999434 -0.0148373 -2.29081 -0.274397 0.00598722 0.961598 101.685
0.962699 0.0321645 0.268658 64.4828 -0.0328977 0.999457 -0.00177354 -2.33123 -0.268569 -0.00713083 0.963234 103.827
0.965133 0.0383391 0.258938 65.0639 -0.0356762 0.999251 -0.0149773 -2.35652 -0.259318 0.00521717 0.965778 106.045
0.968163 0.0272663 0.248832 65.858 -0.0266152 0.999628 -0.00598148 -2.41333 -0.248902 -0.00083165 0.968528 109.15
0.968163 0.0272663 0.248832 66.4699 -0.0266152 0.999628 -0.00598148 -2.44424 -0.248902 -0.00083165 0.968528 111.544
0.964704 0.050743 0.258402 67.4965 -0.0501178 0.998703 -0.0090107 -2.52645 -0.258523 -0.00425785 0.965996 115.659
0.964433 0.0367147 0.261764 68.1788 -0.0347797 0.999323 -0.0120231 -2.57788 -0.262028 0.00249139 0.965057 118.134
0.962549 0.0440586 0.267505 69.0569 -0.0459809 0.998942 0.000922916 -2.65501 -0.267181 -0.0131885 0.963556 121.456
0.963117 0.0348339 0.266817 69.9725 -0.0306982 0.999335 -0.0196571 -2.73439 -0.267325 0.0107414 0.963547 124.702
0.96409 0.0276907 0.264127 70.6316 -0.0315633 0.999447 0.0104286 -2.77639 -0.263692 -0.0183908 0.964432 127.143
0.966018 0.0330981 0.256348 71.4628 -0.031005 0.999445 -0.0122033 -2.84234 -0.25661 0.00384058 0.966508 130.32
0.968671 0.0385173 0.24534 72.0496 -0.035957 0.999242 -0.0149082 -2.90754 -0.245729 0.00561945 0.969322 132.719
0.969681 0.0440948 0.240364 72.6129 -0.0434141 0.999024 -0.00812894 -2.97227 -0.240488 -0.00255274 0.970649 135.092
0.969681 0.0440948 0.240364 72.9917 -0.0434141 0.999024 -0.00812894 -3.01262 -0.240488 -0.00255274 0.970649 136.66
0.972659 0.0370344 0.229268 73.3681 -0.034978 0.999303 -0.0130281 -3.04089 -0.229591 0.00465259 0.973276 138.218
0.9757 0.032207 0.21673 73.7232 -0.03304 0.999454 0.000220243 -3.0601 -0.216605 -0.00737566 0.976232 139.788
0.977987 0.0385942 0.205068 74.1921 -0.0410635 0.999126 0.00779755 -3.0827 -0.204587 -0.0160467 0.978717 142.164
0.983151 0.042657 0.177746 74.7499 -0.0429047 0.999076 -0.00245127 -3.12139 -0.177686 -0.00521617 0.984073 145.307
0.988381 0.0500733 0.143515 75.2132 -0.0492752 0.998744 -0.00911221 -3.1666 -0.143791 0.0019346 0.989606 148.53
0.991905 0.0549221 0.114493 75.588 -0.0563601 0.998367 0.00935825 -3.19801 -0.113792 -0.0157353 0.99338 151.802
0.992678 0.0656378 0.101397 75.8194 -0.0655287 0.997841 -0.00440972 -3.21847 -0.101468 -0.002267 0.994836 154.238
0.993203 0.0694815 0.0933829 76.0288 -0.0706752 0.997454 0.00953293 -3.23816 -0.0924827 -0.016068 0.995585 156.736
0.996029 0.0526421 0.0717975 76.3011 -0.0527364 0.998608 -0.000582787 -3.25296 -0.0717282 -0.00320586 0.997419 160.003
0.998207 0.0397144 0.0447826 76.4651 -0.0404275 0.999068 0.0151317 -3.26196 -0.0441399 -0.016915 0.998882 163.319
0.999785 0.0172846 0.011435 76.5879 -0.0173059 0.999849 0.00176657 -3.28495 -0.0114027 -0.00196408 0.999933 167.502
0.999429 0.0335157 -0.0042003 76.5426 -0.033476 0.999397 0.00918149 -3.28172 0.00450549 -0.00903564 0.999949 170.865
0.999429 0.0335157 -0.0042003 76.4987 -0.033476 0.999397 0.00918149 -3.2993 0.00450549 -0.00903564 0.999949 174.247
0.99969 0.0225203 -0.0106528 76.4791 -0.0225924 0.999722 -0.00669832 -3.31529 0.010499 0.00693691 0.999921 177.616
0.999661 0.0204236 -0.0161466 76.4239 -0.0202983 0.999763 0.00788414 -3.35923 0.0163038 -0.00755372 0.999839 181.026
0.999418 0.0293787 -0.017309 76.3416 -0.029368 0.999568 0.000872497 -3.39472 0.0173272 -0.00036366 0.99985 184.399
0.999039 0.0398298 -0.0182824 76.2644 -0.0397135 0.999189 0.00667657 -3.42111 0.0185335 -0.0059441 0.999811 186.894
0.99898 0.0405531 -0.0198435 76.2235 -0.0406093 0.999172 -0.00244088 -3.43764 0.019728 0.00324422 0.9998 188.523
0.998859 0.0418145 -0.0230785 76.1789 -0.0416572 0.999106 0.00725362 -3.4456 0.0233612 -0.00628396 0.999707 190.138
0.998859 0.0418145 -0.0230785 76.1005 -0.0416572 0.999106 0.00725362 -3.46503 0.0233612 -0.00628396 0.999707 193.231
0.999199 0.0346585 -0.0200078 76.0621 -0.0347991 0.999372 -0.00672582 -3.50102 0.0197621 0.00741669 0.999777 195.305
0.999012 0.0443401 0.00297703 76.0103 -0.0443677 0.998966 0.00994799 -3.53974 -0.00253286 -0.0100702 0.999946 198.023
0.998203 0.047175 0.0369439 76.0847 -0.0466992 0.998816 -0.013638 -3.58154 -0.0375435 0.0118883 0.999224 201.248
0.997652 0.034445 0.0591874 76.2781 -0.0345628 0.999402 0.000967322 -3.6411 -0.0591186 -0.00301073 0.998246 204.479
0.997119 0.0498438 0.0571839 76.4355 -0.0495971 0.998753 -0.00572638 -3.67436 -0.057398 0.00287372 0.998347 207.734
0.997749 0.0504176 0.0442088 76.5477 -0.0504412 0.998727 -0.000582569 -3.70732 -0.0441818 -0.00164868 0.999022 210.381
0.998683 0.0411284 0.0306623 76.6361 -0.0416168 0.999014 0.015464 -3.71418 -0.0299961 -0.0167197 0.99941 213.093
0.999706 0.0134551 0.020157 76.7437 -0.0137423 0.999805 0.0141796 -3.7168 -0.0199623 -0.0144524 0.999696 216.585
0.999865 -0.00397996 0.0159124 76.8271 0.00384287 0.999955 0.00863647 -3.71811 -0.015946 -0.00857415 0.999836 219.35
0.999865 -0.00397996 0.0159124 76.8547 0.00384287 0.999955 0.00863647 -3.72841 -0.015946 -0.00857415 0.999836 221.435
0.999846 -0.0076759 0.0157957 76.8778 0.00780665 0.999936 -0.00823249 -3.74373 -0.0157315 0.00835453 0.999841 222.789
0.999846 -0.0076759 0.0157957 76.8978 0.00780665 0.999936 -0.00823249 -3.77554 -0.0157315 0.00835453 0.999841 224.793
0.999851 -0.00952364 0.014412 76.9371 0.00941211 0.999925 0.00778718 -3.81518 -0.0144851 -0.00765037 0.999866 226.655
0.999301 -0.0262429 -0.0266219 76.9125 0.0262639 0.999655 0.00043932 -3.84656 0.0266012 -0.00113821 0.999645 229.457
0.987818 -0.0309071 -0.152514 76.5946 0.0317657 0.99949 0.00319622 -3.88866 0.152337 -0.008002 0.988296 231.92
0.931339 -0.00533029 -0.364113 75.819 0.00165875 0.999945 -0.0103955 -3.91854 0.364149 0.00907776 0.931297 234.036
0.754098 0.0550812 -0.654448 74.2387 -0.052612 0.998341 0.0234016 -3.92715 0.654651 0.0167846 0.755745 236.032
0.588633 0.0822877 -0.804201 72.8554 -0.0604102 0.996502 0.0577472 -3.87373 0.80614 0.01459 0.591545 236.984
0.337898 0.0582826 -0.939377 70.9423 -0.0315873 0.998221 0.0505714 -3.74024 0.940653 0.0125844 0.339138 237.745
0.200869 0.0587921 -0.977852 69.5958 -0.0259722 0.998166 0.0546782 -3.67367 0.979274 0.0144138 0.202027 237.986
0.0962912 0.0541231 -0.993881 68.1247 -0.0234868 0.998366 0.0520919 -3.60492 0.995076 0.018327 0.097405 238.098
0.0314967 0.0495038 -0.998276 66.5643 -0.026476 0.998464 0.0486777 -3.53296 0.999152 0.0248973 0.032759 238.106
-0.00358989 0.0446555 -0.998996 64.2635 -0.0318037 0.998492 0.0447472 -3.42902 0.999488 0.0319324 -0.00216427 238.084
-0.00358706 0.0446554 -0.998995 61.6599 -0.0318037 0.998492 0.0447471 -3.32378 0.999487 0.0319324 -0.00216144 238.059
-0.00358705 0.0446553 -0.998995 59.5193 -0.0318036 0.998492 0.044747 -3.23442 0.999487 0.0319322 -0.00216144 238.056
-0.00358989 0.0446554 -0.998996 57.1701 -0.0318037 0.998492 0.0447472 -3.13324 0.999488 0.0319324 -0.00216427 238.044
-0.00358989 0.0446554 -0.998996 54.6332 -0.0318037 0.998492 0.0447472 -3.02568 0.999488 0.0319324 -0.00216427 238.038
-0.000234343 0.0559699 -0.998431 51.9827 -0.027523 0.998054 0.0559552 -2.91322 0.999619 0.0274931 0.00130658 238.025
-0.000234343 0.0559699 -0.998431 49.3255 -0.027523 0.998054 0.0559552 -2.80279 0.999619 0.0274931 0.00130658 238.016
-0.00799272 0.0659843 -0.997789 46.6681 -0.0206024 0.997598 0.0661367 -2.67847 0.999756 0.0210854 -0.00661409 238.006
-0.016197 0.067966 -0.997556 44.0177 -0.0158136 0.997545 0.068222 -2.52981 0.999744 0.01688 -0.0150824 237.967
-0.016197 0.067966 -0.997556 41.4021 -0.0158136 0.997545 0.068222 -2.38941 0.999744 0.01688 -0.0150824 237.886
-0.0193598 0.0604936 -0.997981 38.7921 -0.0267937 0.997778 0.0610011 -2.25509 0.999454 0.0279206 -0.017696 237.823
-0.0193598 0.0604936 -0.997981 37.0727 -0.0267937 0.997778 0.0610011 -2.17072 0.999454 0.0279206 -0.017696 237.786
-0.0193598 0.0604936 -0.997981 35.3754 -0.0267937 0.997778 0.0610011 -2.0929 0.999454 0.0279206 -0.017696 237.756
-0.0154926 0.0637005 -0.997848 33.6928 -0.0187475 0.997775 0.0639869 -2.01802 0.999704 0.0196986 -0.0142639 237.73
-0.0154926 0.0637004 -0.997848 32.0307 -0.0187477 0.997775 0.0639867 -1.93807 0.999704 0.0196987 -0.0142639 237.713
-0.0154926 0.0637004 -0.997848 30.3716 -0.0187477 0.997775 0.0639867 -1.85664 0.999704 0.0196987 -0.0142639 237.69
-0.0174585 0.074165 -0.997094 27.8966 -0.0204606 0.99701 0.074517 -1.72829 0.999639 0.021702 -0.0158888 237.632
-0.0308414 0.0640821 -0.997468 24.6462 -0.0235906 0.997618 0.0648211 -1.53072 0.999246 0.0255301 -0.0292562 237.532
-0.0448882 0.0655862 -0.996835 22.2576 -0.0283713 0.997356 0.066898 -1.40687 0.998588 0.0312846 -0.0429088 237.415
-0.0538826 0.0695151 -0.996124 20.6744 -0.0354817 0.996811 0.0714823 -1.32125 0.997916 0.0391959 -0.0512442 237.318
-0.0608554 0.0669914 -0.995894 18.3695 -0.0487246 0.996356 0.0699999 -1.19045 0.996954 0.0527847 -0.0573696 237.148
-0.0608583 0.0669914 -0.995895 16.1539 -0.0487247 0.996356 0.0699999 -1.06991 0.996956 0.0527848 -0.0573725 236.996
-0.0564723 0.0693662 -0.995992 13.3689 -0.0561594 0.995783 0.0725359 -0.922407 0.996824 0.0600305 -0.0523386 236.819
-0.0475121 0.0677966 -0.996566 11.4608 -0.0586392 0.995784 0.0705391 -0.822437 0.997146 0.0617895 -0.0433362 236.707
-0.047515 0.0677966 -0.996567 10.256 -0.0586392 0.995784 0.0705392 -0.757782 0.997148 0.0617896 -0.0433391 236.657
-0.0475121 0.0677964 -0.996566 9.1043 -0.0586391 0.995784 0.0705389 -0.692492 0.997146 0.0617893 -0.0433362 236.611
-0.047515 0.0677966 -0.996567 8.02852 -0.0586392 0.995784 0.0705391 -0.638349 0.997148 0.0617896 -0.0433391 236.573
-0.0386799 0.0688452 -0.996877 7.02398 -0.0574053 0.995823 0.0709998 -0.584429 0.997601 0.0599723 -0.0345663 236.541
-0.0144308 0.0742381 -0.997136 4.79363 -0.0559786 0.995616 0.074935 -0.464789 0.998328 0.0568996 -0.0102118 236.496
0.0287655 0.0718204 -0.997002 2.1398 -0.0509046 0.996226 0.0702958 -0.31721 0.998289 0.04873 0.0323129 236.574
0.103316 0.0371972 -0.993954 -0.474839 -0.0493005 0.998264 0.0322339 -0.207593 0.993427 0.045672 0.104971 236.775
0.312048 0.0480395 -0.94885 -2.48945 -0.0431288 0.998407 0.0363647 -0.169886 0.949086 0.0295753 0.313623 237.381
0.578028 0.0656407 -0.813373 -4.15124 -0.0554579 0.997615 0.041098 -0.133269 0.81413 0.0213522 0.580289 238.477
0.760514 0.0543065 -0.647047 -5.13281 -0.0592765 0.998142 0.0141026 -0.111895 0.64661 0.0276295 0.76232 239.66
0.900085 0.0467327 -0.4332 -5.88815 -0.0504146 0.998724 0.00299087 -0.116483 0.432787 0.0191475 0.901293 241.258
0.958908 0.0400683 -0.280875 -6.26298 -0.0449103 0.998932 -0.0108208 -0.135789 0.280142 0.0229903 0.959683 242.687
0.986928 0.03938 -0.156275 -6.48859 -0.0425125 0.998955 -0.0167521 -0.173955 0.155452 0.0231767 0.987572 244.322
0.996543 0.0331529 -0.0761723 -6.62133 -0.0346348 0.999234 -0.0182158 -0.216926 0.07551 0.0207911 0.996928 246.119
0.999095 0.0308235 -0.0292933 -6.71378 -0.0314507 0.999281 -0.0211956 -0.281772 0.0286189 0.0220977 0.999346 248.755
0.999456 0.028809 -0.0160533 -6.74717 -0.029178 0.999304 -0.0232467 -0.342276 0.0153724 0.0237025 0.999601 250.883
0.999456 0.028809 -0.0160533 -6.77279 -0.029178 0.999304 -0.0232467 -0.382203 0.0153724 0.0237025 0.999601 252.403
0.999456 0.028809 -0.0160533 -6.82145 -0.029178 0.999304 -0.0232467 -0.45283 0.0153724 0.0237025 0.999601 254.745
0.999379 0.0293732 -0.0194494 -6.86162 -0.030001 0.999011 -0.0328146 -0.504859 0.0184663 0.0333777 0.999272 256.382
0.999379 0.0293732 -0.0194494 -6.93755 -0.030001 0.999011 -0.0328146 -0.580629 0.0184663 0.0333777 0.999272 258.946
0.999561 0.0227176 -0.0190222 -6.99755 -0.0230962 0.999535 -0.0199263 -0.680105 0.0185607 0.0203569 0.99962 261.625
0.999555 0.0179882 -0.0238155 -7.05766 -0.0189041 0.999068 -0.0388101 -0.768599 0.0230952 0.0392431 0.998963 264.396
0.999555 0.0179882 -0.0238155 -7.13326 -0.0189041 0.999068 -0.0388101 -0.901168 0.0230952 0.0392431 0.998963 267.295
0.999613 0.0166592 -0.022273 -7.2144 -0.0173167 0.99941 -0.0296605 -1.02992 0.0217658 0.0300347 0.999312 270.282
0.999613 0.0166592 -0.022273 -7.26573 -0.0173167 0.99941 -0.0296605 -1.10856 0.0217658 0.0300347 0.999312 272.303
0.999613 0.0166592 -0.022273 -7.2987 -0.0173167 0.99941 -0.0296605 -1.18071 0.0217658 0.0300347 0.999312 274.357
0.999613 0.0166592 -0.022273 -7.3597 -0.0173167 0.99941 -0.0296605 -1.25796 0.0217658 0.0300347 0.999312 276.435
0.999569 0.0126331 -0.0264975 -7.40799 -0.013608 0.999225 -0.0369423 -1.3511 0.0260102 0.0372869 0.998966 278.523
0.999569 0.0126331 -0.0264975 -7.48529 -0.013608 0.999225 -0.0369423 -1.45304 0.0260102 0.0372869 0.998966 280.62
0.999569 0.0126331 -0.0264975 -7.55259 -0.013608 0.999225 -0.0369423 -1.55003 0.0260102 0.0372869 0.998966 282.726
0.999452 0.0163372 -0.0287991 -7.63521 -0.0171624 0.999442 -0.0286416 -1.64155 0.0283151 0.0291201 0.999175 284.829
0.999452 0.0163372 -0.0287991 -7.7089 -0.0171624 0.999442 -0.0286416 -1.72938 0.0283151 0.0291201 0.999175 286.933
0.999452 0.0163372 -0.0287991 -7.76903 -0.0171624 0.999442 -0.0286416 -1.82793 0.0283151 0.0291201 0.999175 288.996
0.999452 0.0163372 -0.0287991 -7.87103 -0.0171624 0.999442 -0.0286416 -1.96002 0.0283151 0.0291201 0.999175 292.073
0.999452 0.0163372 -0.0287991 -7.97926 -0.0171624 0.999442 -0.0286416 -2.07719 0.0283151 0.0291201 0.999175 295.144
