0.835492 -0.0187712 0.549182 -92.4908 0.0264028 0.999633 -0.00599986 0.899543 -0.548868 0.0195127 0.835682 218.922
0.905506 -0.013224 0.424127 -91.8665 0.0191658 0.999769 -0.00974678 0.875476 -0.4239 0.0169545 0.90555 220.32
0.96491 0.0181133 0.261955 -91.2274 -0.0187311 0.999825 -0.000138389 0.826596 -0.261912 -0.00477318 0.96508 222.737
0.973493 0.0347915 0.226055 -90.574 -0.0350013 0.999383 -0.00308108 0.784975 -0.226023 -0.00491282 0.97411 225.734
0.940995 0.0213108 0.337749 -89.7055 -0.0245134 0.999686 0.00521933 0.734073 -0.337532 -0.0131907 0.941222 228.538
0.765321 0.01594 0.643452 -88.0929 -0.0138195 0.99987 -0.00833252 0.70054 -0.643501 -0.00251515 0.765442 230.892
0.541703 -0.00762369 0.840535 -86.4904 0.010691 0.99994 0.00217944 0.669498 -0.840502 0.00780553 0.541753 231.932
0.410711 -0.00297844 0.911761 -85.4698 0.00744245 0.999972 -8.59216e-05 0.67852 -0.911736 0.00682102 0.410721 232.336
0.25246 -0.0109434 0.967546 -83.9281 0.00740005 0.999929 0.00937876 0.669613 -0.96758 0.00479212 0.252523 232.724
0.147448 -0.00187029 0.989068 -82.2006 0.0119847 0.999928 0.00010416 0.659513 -0.988997 0.0118384 0.14746 232.95
0.0861832 0.0105595 0.996223 -80.2118 0.0104652 0.999879 -0.0115036 0.643564 -0.996224 0.0114171 0.0860623 233.136
0.0637606 0.00575777 0.997949 -78.5333 0.0197155 0.999781 -0.007028 0.623638 -0.997771 0.0201231 0.0636331 233.228
0.0637606 0.00575777 0.997949 -76.7183 0.0197155 0.999781 -0.007028 0.601382 -0.997771 0.0201231 0.0636331 233.343
0.055961 0.0110669 0.998371 -74.0672 0.0176813 0.999771 -0.0120734 0.572477 -0.998276 0.0183282 0.0557524 233.507
0.0464609 0.0136951 0.998826 -71.1629 0.0141812 0.999796 -0.014368 0.528363 -0.998819 0.0148321 0.0462572 233.662
0.0464609 0.0136951 0.998826 -68.8475 0.0141812 0.999796 -0.014368 0.477037 -0.998819 0.0148321 0.0462572 233.763
0.0382442 0.012936 0.999184 -65.6517 0.0193621 0.999719 -0.0136841 0.404055 -0.999081 0.0198696 0.037983 233.884
0.0382442 0.012936 0.999184 -64.0181 0.0193621 0.999719 -0.0136841 0.360255 -0.999081 0.0198696 0.037983 233.95
0.0329972 0.0202346 0.999251 -61.4984 0.014716 0.999677 -0.0207292 0.299864 -0.999348 0.015389 0.0326888 234.052
0.0329972 0.0202346 0.999251 -58.8962 0.014716 0.999677 -0.0207292 0.228527 -0.999348 0.015389 0.0326888 234.144
0.0423516 0.0164629 0.998967 -56.2615 0.0225807 0.999593 -0.0174305 0.152118 -0.998847 0.0232956 0.0419626 234.239
0.0506981 0.0221312 0.998469 -53.6297 0.0208124 0.999514 -0.0232111 0.06522 -0.998497 0.0219572 0.0502129 234.382
0.0506981 0.0221312 0.998469 -51.8792 0.0208124 0.999514 -0.0232111 0.00032 -0.998497 0.0219572 0.0502129 234.479
0.0506981 0.0221312 0.998469 -50.1284 0.0208124 0.999514 -0.0232111 -0.057814 -0.998497 0.0219572 0.0502129 234.582
0.0561266 0.0124642 0.998345 -47.5227 0.0240136 0.999616 -0.0138301 -0.141188 -0.998134 0.0247501 0.0558057 234.73
0.0590553 0.0318718 0.997746 -44.9821 0.0243505 0.999147 -0.0333578 -0.226802 -0.997958 0.0262656 0.0582288 234.891
0.0576305 0.0131474 0.998252 -42.4477 0.0249433 0.999582 -0.0146049 -0.322215 -0.998027 0.0257414 0.0572785 235.038
0.0590757 0.0209811 0.998033 -39.9664 0.0319945 0.999226 -0.0229 -0.403188 -0.99774 0.0332844 0.0583587 235.181
0.0590757 0.0209811 0.998033 -38.318 0.0319945 0.999226 -0.0229 -0.464601 -0.99774 0.0332844 0.0583587 235.289
0.0590757 0.0209811 0.998033 -35.9216 0.0319945 0.999226 -0.0229 -0.556572 -0.99774 0.0332844 0.0583587 235.432
0.0590757 0.0209811 0.998033 -32.7664 0.0319945 0.999226 -0.0229 -0.667259 -0.99774 0.0332844 0.0583587 235.639
0.0590757 0.0209811 0.998033 -29.7596 0.0319945 0.999226 -0.0229 -0.783569 -0.99774 0.0332844 0.0583587 235.846
0.0605309 0.0251727 0.997849 -26.941 0.0205717 0.999438 -0.0264607 -0.893725 -0.997954 0.0221291 0.0599791 236.047
0.0605309 0.0251727 0.997849 -24.881 0.0205717 0.999438 -0.0264607 -0.97083 -0.997954 0.0221291 0.0599791 236.184
0.0605309 0.0251727 0.997849 -22.8747 0.0205717 0.999438 -0.0264607 -1.05296 -0.997954 0.0221291 0.0599791 236.293
0.0536549 0.0310822 0.998075 -20.9944 0.0201142 0.999279 -0.032201 -1.13737 -0.998357 0.0218032 0.052991 236.403
0.0363827 0.027911 0.998948 -18.7413 0.0181006 0.999428 -0.0285836 -1.24223 -0.999174 0.0191214 0.0358567 236.506
-0.00245193 0.0259421 0.99966 -16.335 0.0191046 0.999482 -0.0258906 -1.359 -0.999814 0.0190346 -0.00294628 236.52
-0.0513828 0.0235453 0.998402 -14.3459 0.0205984 0.999534 -0.0225119 -1.44009 -0.998467 0.0194087 -0.0518439 236.431
-0.134778 0.019772 0.990679 -12.2949 0.0375181 0.999186 -0.0148376 -1.52665 -0.990166 0.0351686 -0.13541 236.157
-0.287039 0.0303983 0.957438 -10.4581 0.0474149 0.998722 -0.0174942 -1.58406 -0.956746 0.0403752 -0.288114 235.62
-0.516477 0.0455703 0.85509 -8.67593 0.0491483 0.998514 -0.0235282 -1.63978 -0.854891 0.0298744 -0.517949 234.658
-0.670021 0.0405837 0.741231 -7.64599 0.0397676 0.999033 -0.0187516 -1.67331 -0.741275 0.016913 -0.670987 233.739
-0.782099 0.0450363 0.621527 -6.92179 0.0445978 0.998873 -0.0162595 -1.68187 -0.621559 0.0150022 -0.783225 232.753
-0.850265 0.0491621 0.524057 -6.49637 0.0469484 0.998744 -0.0175205 -1.68743 -0.52426 0.00970657 -0.851505 231.974
-0.929396 0.0492923 0.365776 -5.98562 0.0487106 0.998754 -0.0108249 -1.70993 -0.365854 0.00775653 -0.930639 230.617
-0.973104 0.0564802 0.223339 -5.70563 0.058073 0.998312 0.00056473 -1.70806 -0.22293 0.0135195 -0.974742 229.031
-0.99118 0.055552 0.120308 -5.49534 0.0574902 0.998265 0.0126976 -1.69394 -0.119394 0.0195021 -0.992655 227.215
-0.99657 0.056717 0.060259 -5.36283 0.0577207 0.998219 0.0150477 -1.66853 -0.0592982 0.0184743 -0.99807 225.23
-0.998043 0.061409 0.01187 -5.30031 0.0616591 0.997855 0.0219992 -1.62028 -0.0104936 0.0226881 -0.999688 222.236
-0.997922 0.0640068 -0.00748999 -5.30343 0.0638097 0.997671 0.0241179 -1.57589 0.00901625 0.0235899 -0.999681 219.786
-0.997922 0.0640068 -0.00748999 -5.30925 0.0638097 0.997671 0.0241179 -1.54188 0.00901625 0.0235899 -0.999681 218.077
-0.997922 0.0640068 -0.00748999 -5.29784 0.0638097 0.997671 0.0241179 -1.48626 0.00901625 0.0235899 -0.999681 215.378
-0.997922 0.0640068 -0.00748999 -5.29508 0.0638097 0.997671 0.0241179 -1.45403 0.00901625 0.0235899 -0.999681 213.484
-0.997922 0.0640068 -0.00748999 -5.28876 0.0638097 0.997671 0.0241179 -1.42052 0.00901625 0.0235899 -0.999681 211.522
-0.997922 0.0640068 -0.00748999 -5.27193 0.0638097 0.997671 0.0241179 -1.38621 0.00901625 0.0235899 -0.999681 209.509
-0.997922 0.0640068 -0.00748999 -5.24734 0.0638097 0.997671 0.0241179 -1.34552 0.00901625 0.0235899 -0.999681 207.445
-0.997922 0.0640068 -0.00748999 -5.22759 0.0638097 0.997671 0.0241179 -1.3141 0.00901625 0.0235899 -0.999681 205.335
-0.997922 0.0640068 -0.00748999 -5.21483 0.0638097 0.997671 0.0241179 -1.274 0.00901625 0.0235899 -0.999681 203.164
-0.997922 0.0640068 -0.00748999 -5.20967 0.0638097 0.997671 0.0241179 -1.23645 0.00901625 0.0235899 -0.999681 200.953
-0.997922 0.0640068 -0.00748999 -5.20218 0.0638097 0.997671 0.0241179 -1.20436 0.00901625 0.0235899 -0.999681 198.717
-0.997922 0.0640068 -0.00748999 -5.19051 0.0638097 0.997671 0.0241179 -1.17214 0.00901625 0.0235899 -0.999681 196.456
-0.997922 0.0640068 -0.00748999 -5.19255 0.0638097 0.997671 0.0241179 -1.13734 0.00901625 0.0235899 -0.999681 194.182
-0.997922 0.0640068 -0.00748999 -5.19734 0.0638097 0.997671 0.0241179 -1.10262 0.00901625 0.0235899 -0.999681 191.873
-0.997922 0.0640068 -0.00748999 -5.1889 0.0638097 0.997671 0.0241179 -1.07314 0.00901625 0.0235899 -0.999681 189.563
-0.997922 0.0640068 -0.00748999 -5.18649 0.0638097 0.997671 0.0241179 -1.03573 0.00901625 0.0235899 -0.999681 187.222
-0.997922 0.0640068 -0.00748999 -5.18128 0.0638097 0.997671 0.0241179 -1.00455 0.00901625 0.0235899 -0.999681 184.871
-0.997922 0.0640068 -0.00748999 -5.1926 0.0638097 0.997671 0.0241179 -0.971874 0.00901625 0.0235899 -0.999681 182.494
-0.997922 0.0640068 -0.00748999 -5.19384 0.0638097 0.997671 0.0241179 -0.931371 0.00901625 0.0235899 -0.999681 180.085
-0.997922 0.0640068 -0.00748999 -5.19576 0.0638097 0.997671 0.0241179 -0.891326 0.00901625 0.0235899 -0.999681 177.656
-0.997922 0.0640068 -0.00748999 -5.21092 0.0638097 0.997671 0.0241179 -0.858629 0.00901625 0.0235899 -0.999681 175.203
-0.997922 0.0640068 -0.00748999 -5.22292 0.0638097 0.997671 0.0241179 -0.829505 0.00901625 0.0235899 -0.999681 172.713
-0.997922 0.0640068 -0.00748999 -5.23242 0.0638097 0.997671 0.0241179 -0.79623 0.00901625 0.0235899 -0.999681 170.208
-0.997922 0.0640068 -0.00748999 -5.23072 0.0638097 0.997671 0.0241179 -0.755308 0.00901625 0.0235899 -0.999681 167.649
-0.997922 0.0640068 -0.00748999 -5.22313 0.0638097 0.997671 0.0241179 -0.720038 0.00901625 0.0235899 -0.999681 165.096
-0.997922 0.0640068 -0.00748999 -5.2262 0.0638097 0.997671 0.0241179 -0.690551 0.00901625 0.0235899 -0.999681 162.535
-0.997922 0.0640068 -0.00748999 -5.22876 0.0638097 0.997671 0.0241179 -0.654814 0.00901625 0.0235899 -0.999681 159.946
-0.997922 0.0640068 -0.00748999 -5.23063 0.0638097 0.997671 0.0241179 -0.616853 0.00901625 0.0235899 -0.999681 157.357
-0.997922 0.0640068 -0.00748999 -5.21882 0.0638097 0.997671 0.0241179 -0.585458 0.00901625 0.0235899 -0.999681 154.766
-0.997922 0.0640068 -0.00748999 -5.21941 0.0638097 0.997671 0.0241179 -0.549707 0.00901625 0.0235899 -0.999681 152.159
-0.997922 0.0640068 -0.00748999 -5.22318 0.0638097 0.997671 0.0241179 -0.521269 0.00901625 0.0235899 -0.999681 149.532
-0.997922 0.0640068 -0.00748999 -5.2163 0.0638097 0.997671 0.0241179 -0.494916 0.00901625 0.0235899 -0.999681 146.922
-0.997922 0.0640068 -0.00748999 -5.21246 0.0638097 0.997671 0.0241179 -0.466294 0.00901625 0.0235899 -0.999681 144.315
-0.997922 0.0640068 -0.00748999 -5.2054 0.0638097 0.997671 0.0241179 -0.441535 0.00901625 0.0235899 -0.999681 141.732
-0.997922 0.0640068 -0.00748999 -5.19886 0.0638097 0.997671 0.0241179 -0.415165 0.00901625 0.0235899 -0.999681 139.147
-0.997922 0.0640068 -0.00748999 -5.18386 0.0638097 0.997671 0.0241179 -0.390202 0.00901625 0.0235899 -0.999681 136.585
-0.997922 0.0640068 -0.00748999 -5.1772 0.0638097 0.997671 0.0241179 -0.353111 0.00901625 0.0235899 -0.999681 134.04
-0.997922 0.0640068 -0.00748999 -5.17116 0.0638097 0.997671 0.0241179 -0.324806 0.00901625 0.0235899 -0.999681 131.485
-0.997922 0.0640068 -0.00748999 -5.16582 0.0638097 0.997671 0.0241179 -0.302308 0.00901625 0.0235899 -0.999681 128.94
-0.997922 0.0640068 -0.00748999 -5.16763 0.0638097 0.997671 0.0241179 -0.277967 0.00901625 0.0235899 -0.999681 126.414
-0.997922 0.0640068 -0.00748999 -5.16585 0.0638097 0.997671 0.0241179 -0.255045 0.00901625 0.0235899 -0.999681 123.917
-0.997922 0.0640068 -0.00748999 -5.15923 0.0638097 0.997671 0.0241179 -0.235376 0.00901625 0.0235899 -0.999681 121.442
-0.997922 0.0640068 -0.00748999 -5.15215 0.0638097 0.997671 0.0241179 -0.22451 0.00901625 0.0235899 -0.999681 119.026
-0.997922 0.0640068 -0.00748999 -5.15376 0.0638097 0.997671 0.0241179 -0.211473 0.00901625 0.0235899 -0.999681 116.673
-0.997922 0.0640068 -0.00748999 -5.15738 0.0638097 0.997671 0.0241179 -0.194906 0.00901625 0.0235899 -0.999681 113.254
-0.997922 0.0640068 -0.00748999 -5.15902 0.0638097 0.997671 0.0241179 -0.191703 0.00901625 0.0235899 -0.999681 111.091
-0.997922 0.0640068 -0.00748999 -5.1788 0.0638097 0.997671 0.0241179 -0.176837 0.00901625 0.0235899 -0.999681 107.979
-0.997922 0.0640068 -0.00748999 -5.18276 0.0638097 0.997671 0.0241179 -0.164673 0.00901625 0.0235899 -0.999681 105.994
-0.997922 0.0640068 -0.00748999 -5.17939 0.0638097 0.997671 0.0241179 -0.15714 0.00901625 0.0235899 -0.999681 104.122
-0.997922 0.0640068 -0.00748999 -5.1792 0.0638097 0.997671 0.0241179 -0.148869 0.00901625 0.0235899 -0.999681 101.509
-0.997922 0.0640068 -0.00748999 -5.17532 0.0638097 0.997671 0.0241179 -0.14293 0.00901625 0.0235899 -0.999681 99.8933
-0.997158 0.0743033 0.0124892 -5.18161 0.0745876 0.996923 0.0240932 -0.135883 -0.0106606 0.0249562 -0.999633 97.6327
-0.995888 0.0807014 0.0411622 -5.13529 0.0817144 0.996378 0.0235487 -0.132551 -0.0391127 0.0268154 -0.998875 96.2367
-0.984841 0.0849749 0.151218 -4.82884 0.0884841 0.995939 0.0166178 -0.138563 -0.149192 0.0297463 -0.98836 93.7417
-0.961255 0.0723132 0.266006 -4.37101 0.0773884 0.996964 0.00863309 -0.156353 -0.264574 0.0288844 -0.963932 92.0734
-0.915599 0.0500472 0.398962 -3.69521 0.0569216 0.998364 0.00539419 -0.176988 -0.398039 0.0276485 -0.91695 90.5857
-0.809529 0.0180958 0.586803 -2.50175 0.0295109 0.999516 0.00988895 -0.194123 -0.58634 0.0253225 -0.809671 88.8517
-0.645158 0.0130466 0.763937 -1.01006 0.0293278 0.99954 0.0076976 -0.210229 -0.763485 0.0273708 -0.645244 87.4452
-0.497875 0.00922756 0.867206 0.325915 0.0247576 0.999687 0.00357632 -0.212736 -0.866902 0.0232504 -0.497947 86.6975
-0.296192 0.0118426 0.955057 2.26677 0.0203363 0.999775 -0.00609029 -0.246803 -0.954914 0.0176184 -0.296366 86.0827
-0.178153 0.0102317 0.983948 3.78616 0.00697282 0.999934 -0.00913542 -0.266205 -0.983977 0.00523339 -0.178212 85.8648
-0.107361 0.0204799 0.994009 5.34367 0.00816729 0.999772 -0.0197165 -0.317407 -0.994187 0.00600157 -0.107504 85.7204
-0.0721073 0.025925 0.99706 6.98113 0.0119969 0.999612 -0.0251237 -0.352265 -0.997325 0.01015 -0.0723904 85.6015
-0.05957 0.0185508 0.998052 8.70968 0.011667 0.999772 -0.0178865 -0.402053 -0.998156 0.0105787 -0.0597729 85.505
-0.0579336 0.0212576 0.998094 10.5647 0.0205302 0.999587 -0.0200977 -0.45001 -0.998109 0.0193268 -0.0583461 85.3901
-0.0579336 0.0212576 0.998094 11.8759 0.0205302 0.999587 -0.0200977 -0.481818 -0.998109 0.0193268 -0.0583461 85.3115
-0.0554935 0.0210819 0.998236 13.9542 0.0309002 0.999334 -0.0193873 -0.532201 -0.997981 0.0297698 -0.056108 85.1778
-0.0422551 0.0214234 0.998877 16.1834 0.0412742 0.998954 -0.019679 -0.583016 -0.998253 0.0403963 -0.0430952 85.0557
-0.0146058 0.0188532 0.999715 18.5475 0.0470748 0.998727 -0.0181468 -0.635215 -0.998784 0.0467964 -0.0154748 85.0087
0.0173782 0.018006 0.999687 21.016 0.0427549 0.99891 -0.0187352 -0.689412 -0.998934 0.0430671 0.0165894 85.0665
0.0434436 0.0284519 0.998651 23.5895 0.0310568 0.999073 -0.029815 -0.764583 -0.998573 0.0323102 0.0425197 85.1921
0.04312 0.024012 0.998782 26.1941 0.0197694 0.999495 -0.0248826 -0.867168 -0.998875 0.0208182 0.0426236 85.3622
0.0221596 0.0264336 0.999404 28.7673 0.011981 0.999572 -0.0267036 -0.962577 -0.999682 0.0125656 0.0218335 85.4641
-0.0114034 0.0236595 0.999656 31.353 0.00686668 0.999698 -0.0235822 -1.06421 -0.999912 0.0065954 -0.0115625 85.4705
-0.0478062 0.0250037 0.998543 33.9053 0.00960798 0.999652 -0.0245714 -1.15645 -0.99881 0.00841932 -0.0480298 85.3779
-0.0720105 0.0252587 0.997084 35.6053 0.0130189 0.999618 -0.0243826 -1.21409 -0.997319 0.0112252 -0.0723118 85.2638
-0.0935719 0.0243543 0.995315 37.2886 0.0164955 0.999601 -0.0229084 -1.27046 -0.995476 0.0142747 -0.0939363 85.111
-0.106579 0.0256 0.993974 38.9678 0.019744 0.999526 -0.0236259 -1.33209 -0.994108 0.017107 -0.107034 84.9266
-0.107406 0.0260309 0.993874 40.646 0.0192853 0.999524 -0.0240947 -1.39009 -0.994028 0.0165792 -0.107857 84.7345
-0.107644 0.0262644 0.993843 42.3701 0.0188065 0.999526 -0.0243777 -1.44644 -0.994012 0.0160666 -0.108087 84.5495
-0.106923 0.0261782 0.993924 45.0072 0.0182977 0.999536 -0.0243577 -1.522 -0.9941 0.0155821 -0.107352 84.298
-0.105543 0.0258908 0.994077 46.797 0.0177634 0.999551 -0.0241473 -1.58266 -0.994256 0.0151096 -0.105956 84.1271
-0.103543 0.0254016 0.994301 48.5784 0.0172088 0.99957 -0.0237441 -1.64223 -0.994476 0.0146522 -0.103936 83.9401
-0.121357 0.0252318 0.992291 51.2407 0.00149191 0.99968 -0.0252373 -1.74076 -0.99261 -0.00158225 -0.121355 83.6591
-0.170014 0.032681 0.9849 53.8733 -0.00588242 0.999398 -0.0341775 -1.84487 -0.985424 -0.0116042 -0.169719 83.284
-0.209807 0.0255243 0.977411 55.6263 -0.000383167 0.999657 -0.0261875 -1.91486 -0.977744 -0.00586878 -0.209725 82.9187
-0.271958 0.0278305 0.961905 58.1776 0.0114521 0.999605 -0.0256834 -2.01645 -0.96224 0.00403097 -0.272169 82.2421
-0.310473 0.0266702 0.950211 59.8367 0.0195629 0.999574 -0.0216639 -2.08765 -0.950384 0.0118629 -0.310862 81.7072
-0.352947 0.0285586 0.935207 62.2719 0.0295842 0.999375 -0.019353 -2.16713 -0.935175 0.0208367 -0.353571 80.7951
-0.369446 0.00921437 0.929207 63.9104 0.0302208 0.999541 0.00210374 -2.19708 -0.928761 0.0288586 -0.369555 80.1464
-0.375994 0.0251653 0.92628 66.38 0.0350557 0.999302 -0.0129194 -2.22637 -0.925958 0.0276138 -0.376614 79.1544
-0.375334 0.0324523 0.926321 68.8615 0.0364555 0.99913 -0.0202317 -2.30034 -0.926172 0.0261758 -0.376191 78.1551
-0.381935 0.0236665 0.923883 70.5527 0.0372588 0.999254 -0.0101942 -2.34473 -0.923435 0.0305292 -0.382532 77.4543
-0.396685 0.0218512 0.917695 72.2567 0.0371383 0.99928 -0.00774029 -2.3831 -0.917203 0.0310112 -0.397211 76.7325
-0.420871 0.0274182 0.906708 73.9529 0.0387562 0.999174 -0.0122247 -2.41563 -0.906294 0.0299955 -0.421586 75.9599
-0.4478 0.0336188 0.893501 75.6514 0.0392113 0.99907 -0.0179392 -2.46204 -0.893273 0.0270021 -0.448702 75.1168
-0.477248 0.0450539 0.877615 78.1883 0.0436017 0.998669 -0.0275578 -2.5486 -0.877689 0.0251136 -0.478577 73.7595
-0.484367 0.0392059 0.873986 79.912 0.0455859 0.998769 -0.0195396 -2.60795 -0.873677 0.0303772 -0.485558 72.8096
-0.486006 0.040459 0.873019 81.6393 0.0485029 0.998637 -0.0192792 -2.66358 -0.872609 0.0329742 -0.487306 71.8446
-0.487612 0.0380607 0.872228 83.3683 0.0459334 0.998784 -0.0179043 -2.72231 -0.871849 0.0313341 -0.488767 70.8812
-0.491197 0.0339258 0.870385 85.0781 0.03881 0.999101 -0.0170406 -2.78019 -0.870181 0.0254094 -0.492072 69.9407
-0.502699 0.0296929 0.86395 86.7939 0.0304564 0.999398 -0.0166266 -2.8424 -0.863923 0.0179546 -0.5033 68.9818
-0.531797 0.0198853 0.846639 89.2713 0.0236483 0.999683 -0.00862576 -2.91853 -0.846542 0.0154345 -0.532098 67.4894
-0.567137 0.017212 0.823443 91.6488 0.0198351 0.999777 -0.00723652 -2.98644 -0.823384 0.012229 -0.567352 65.9107
-0.604151 0.0198599 0.796622 93.936 0.0180986 0.999773 -0.0111986 -3.05635 -0.796664 0.00765211 -0.604373 64.2346
-0.627808 0.0178157 0.778165 95.4021 0.0191371 0.999789 -0.00745023 -3.10211 -0.778133 0.0102145 -0.628017 63.07
-0.648724 0.0203272 0.760753 96.8126 0.0234138 0.999703 -0.00674606 -3.14062 -0.760664 0.0134358 -0.649007 61.8735
-0.662292 0.0254998 0.74881 98.1854 0.0314209 0.999487 -0.00624566 -3.17453 -0.748585 0.0193919 -0.662753 60.6543
-0.668457 0.0286242 0.743199 99.5263 0.036556 0.999316 -0.00560883 -3.21169 -0.742851 0.0234191 -0.669046 59.4488
-0.668218 0.0325003 0.743255 100.835 0.042224 0.999092 -0.00572602 -3.24735 -0.742766 0.027557 -0.668983 58.268
-0.662237 0.0343977 0.748505 102.108 0.0461028 0.998924 -0.00511652 -3.27717 -0.747875 0.0311198 -0.66311 57.1488
-0.652338 0.0361637 0.757064 103.315 0.049346 0.998768 -0.00518957 -3.31464 -0.756319 0.0339727 -0.653319 56.1063
-0.642849 0.034888 0.765199 104.479 0.0488276 0.998797 -0.00451818 -3.35366 -0.764436 0.0344583 -0.643779 55.1426
-0.632932 0.0353217 0.7734 106.108 0.0483365 0.998813 -0.00605889 -3.3981 -0.772695 0.0335486 -0.633888 53.8124
-0.640379 0.0497619 0.766447 108.206 0.0549045 0.998312 -0.0189422 -3.47206 -0.766096 0.0299512 -0.64203 52.0705
-0.657747 0.0302028 0.752633 110.238 0.0493655 0.998776 0.00306152 -3.53281 -0.75162 0.0391678 -0.658433 50.3277
-0.667916 0.0364761 0.743342 112.254 0.0423226 0.999043 -0.0109953 -3.56687 -0.743032 0.0241162 -0.668821 48.552
-0.669534 0.0358556 0.741917 113.819 0.0406572 0.999106 -0.0115946 -3.61147 -0.741669 0.0224013 -0.670393 47.145
-0.659395 0.0244869 0.7514 115.459 0.0432661 0.999049 0.00541096 -3.63485 -0.750552 0.0360781 -0.659827 45.6825
-0.640068 0.0215909 0.768015 117.19 0.0357213 0.99936 0.00167572 -3.64658 -0.767488 0.028507 -0.64043 44.2563
-0.62915 0.0125505 0.777184 118.416 0.0223625 0.999748 0.00195835 -3.66575 -0.776963 0.0186119 -0.629272 43.3029
-0.623564 0.0125384 0.78167 119.671 0.00397832 0.999909 -0.0128654 -3.67642 -0.781761 -0.00491267 -0.623558 42.3461
-0.620045 0.00942266 0.784508 120.96 -0.00546638 0.999852 -0.0163295 -3.70624 -0.784546 -0.0144135 -0.619902 41.366
-0.616821 0.00453795 0.787092 122.287 -0.00661665 0.999918 -0.0109503 -3.73814 -0.787078 -0.0119622 -0.616741 40.3345
-0.615925 0.00815707 0.787764 123.655 -0.00189389 0.999928 -0.0118348 -3.76916 -0.787804 -0.00878125 -0.615865 39.2661
-0.620049 0.00861089 0.784515 125.058 -0.00277895 0.999909 -0.0131714 -3.80514 -0.784557 -0.0103471 -0.619969 38.1838
-0.621877 0.00667534 0.783086 126.465 0.00190118 0.999974 -0.00701438 -3.83596 -0.783112 -0.0028733 -0.621873 37.0444
-0.624963 0.00275775 0.780649 127.939 -0.00584402 0.999949 -0.00821099 -3.85961 -0.780632 -0.0096937 -0.624916 35.896
-0.628988 -0.00658516 0.777388 130.181 -0.00925538 0.999957 0.00098194 -3.905 -0.777361 -0.00657739 -0.629022 34.1073
-0.631068 -0.0152976 0.775575 133.202 -0.0206082 0.999783 0.00295151 -3.92571 -0.775452 -0.0141206 -0.631247 31.6905
-0.628411 -0.015897 0.777719 134.711 -0.0252559 0.999681 2.68073e-05 -3.9428 -0.777471 -0.0196251 -0.628612 30.4952
-0.620049 -0.00550983 0.784543 136.978 -0.00932955 0.999956 -0.000350767 -3.98426 -0.784507 -0.00753693 -0.620074 28.6816
-0.614833 0.0073914 0.788622 138.494 0.00903433 0.999956 -0.0023287 -4.00205 -0.788604 0.00569292 -0.614873 27.4782
-0.615036 0.00200371 0.788495 139.999 0.00250736 0.999997 -0.000585392 -4.03081 -0.788493 0.00161701 -0.615039 26.3297
-0.616675 -0.00912049 0.787165 141.503 -0.00505969 0.999958 0.00762219 -4.05457 -0.787202 0.000717607 -0.616696 25.1706
-0.62081 -0.0100918 0.783897 143.006 -0.00973477 0.999939 0.00516362 -4.06264 -0.783902 -0.00442543 -0.620871 24.0037
-0.62364 -0.00972889 0.781651 144.477 -0.0140577 0.9999 0.00122944 -4.07657 -0.781585 -0.0102215 -0.623714 22.8598
-0.627198 -0.00263765 0.778857 145.944 -0.0176852 0.999785 -0.0108557 -4.10203 -0.778661 -0.0205829 -0.627109 21.7028
-0.628876 -0.00485137 0.777489 147.407 -0.0119018 0.999923 -0.00338752 -4.13421 -0.777413 -0.0113838 -0.628886 20.5296
-0.628684 -0.0048712 0.777645 148.851 -0.00731853 0.999973 0.000347237 -4.15751 -0.777626 -0.00547291 -0.628703 19.3697
-0.62688 0.00166875 0.779115 150.268 -0.010197 0.999894 -0.0103461 -4.18041 -0.77905 -0.0144304 -0.626797 18.2339
-0.627295 -0.00647933 0.778754 151.67 -0.01606 0.99986 -0.00461756 -4.21907 -0.778615 -0.0154034 -0.627311 17.1254
-0.630792 -0.00158777 0.77595 153.69 -0.00987646 0.999933 -0.00598276 -4.27028 -0.775889 -0.0114375 -0.630766 15.5021
-0.640415 0.00687332 0.767999 155.576 -0.000367179 0.999957 -0.00925545 -4.32897 -0.76803 -0.00620931 -0.640385 13.9495
-0.652942 -0.00368725 0.757399 157.317 -0.000156431 0.999989 0.0047334 -4.3718 -0.757408 0.00297215 -0.652935 12.4893
-0.657456 0.013993 0.753361 158.348 0.00596507 0.999893 -0.0133664 -4.39416 -0.753468 -0.004294 -0.657469 11.5828
-0.649615 0.0252681 0.759844 159.76 0.0262553 0.999597 -0.0107944 -4.43968 -0.759811 0.0129377 -0.650017 10.3395
-0.59699 0.0382472 0.801335 161.132 0.0482752 0.998765 -0.0117056 -4.49814 -0.800793 0.0316965 -0.598099 9.25173
-0.457529 0.0345119 0.888525 163.104 0.0467255 0.998799 -0.0147347 -4.5579 -0.887966 0.0347752 -0.458593 8.15272
-0.297514 0.047597 0.953531 165.188 0.0440475 0.998377 -0.0360922 -4.64557 -0.953701 0.0312627 -0.299127 7.43279
-0.180422 0.034254 0.982995 166.908 0.0311856 0.99909 -0.0290911 -4.71037 -0.983097 0.0254066 -0.181326 7.14184
-0.0944022 0.022217 0.995285 168.702 0.0153196 0.999665 -0.0208617 -4.76618 -0.995415 0.013278 -0.094711 7.00491
-0.0564486 0.0182053 0.998239 170.559 -0.0134643 0.999729 -0.0189938 -4.82916 -0.998314 -0.0145128 -0.0561882 6.95987
-0.0525737 0.0207695 0.998402 172.486 -0.0210828 0.999538 -0.0219033 -4.8777 -0.998396 -0.0222006 -0.0521115 6.87331
-0.0660331 0.0158704 0.997691 174.469 -0.0211786 0.999626 -0.0173029 -4.94012 -0.997592 -0.0222723 -0.0656723 6.75543
-0.0913731 0.0357146 0.995176 177.186 -0.0205624 0.999076 -0.0377425 -5.03505 -0.995604 -0.0239119 -0.0905542 6.53897
-0.111393 0.0207246 0.99356 179.319 -0.0296642 0.999268 -0.0241695 -5.11957 -0.993333 -0.0321655 -0.110697 6.3344
-0.121824 0.0295041 0.992113 181.48 -0.0216458 0.999241 -0.032374 -5.20065 -0.992316 -0.025419 -0.121093 6.0734
-0.123554 0.0254879 0.992012 182.956 -0.0242801 0.999293 -0.0286991 -5.25367 -0.992042 -0.027632 -0.122847 5.90368
-0.119399 0.0216564 0.99261 184.453 -0.0259255 0.999353 -0.024922 -5.30502 -0.992508 -0.0287096 -0.118761 5.73158
-0.118416 0.0207352 0.992748 185.961 -0.0240396 0.999429 -0.0237422 -5.36067 -0.992673 -0.0266767 -0.11785 5.55827
-0.118041 0.0178947 0.992846 186.721 -0.0277763 0.999387 -0.0213149 -5.38222 -0.992619 -0.0300937 -0.117472 5.47654
-0.115231 0.0126198 0.993256 188.259 -0.0309463 0.999388 -0.0162879 -5.42458 -0.992854 -0.0326145 -0.11477 5.31999
-0.11405 0.0195901 0.993282 189.789 -0.0245207 0.999445 -0.0225271 -5.47439 -0.993173 -0.0269252 -0.113506 5.14764
-0.114456 0.0245589 0.993126 191.321 -0.0312954 0.999109 -0.0283136 -5.51406 -0.992936 -0.0343209 -0.113585 4.98127
-0.1171 0.0194066 0.992931 192.895 -0.0280137 0.999347 -0.0228358 -5.57104 -0.992725 -0.0304898 -0.11648 4.80762
-0.120087 0.0258873 0.992427 194.447 -0.0326705 0.999015 -0.0300124 -5.6221 -0.992227 -0.0360271 -0.119123 4.62805
-0.125674 0.0317873 0.991563 196.037 -0.0339978 0.998761 -0.0363271 -5.67701 -0.991489 -0.0382762 -0.124437 4.44246
-0.131457 0.0300642 0.990864 198.468 -0.0270598 0.999059 -0.0339028 -5.79345 -0.990951 -0.0312695 -0.13052 4.12576
-0.132026 0.0222028 0.990997 200.912 -0.0176716 0.999538 -0.0247484 -5.89138 -0.991088 -0.0207799 -0.131572 3.79276
-0.130042 0.0260316 0.991165 203.404 -0.00740766 0.999602 -0.027225 -5.98154 -0.991479 -0.0108827 -0.129798 3.46536
-0.126603 0.0259886 0.991613 205.076 -0.0103771 0.999567 -0.027522 -6.0434 -0.991899 -0.0137745 -0.126278 3.26703
-0.120177 0.0217002 0.992518 206.74 -0.0119426 0.999657 -0.0233024 -6.10556 -0.992683 -0.0146536 -0.119876 3.07173
-0.117251 0.038987 0.992337 208.39 -0.013533 0.999074 -0.0408507 -6.17546 -0.99301 -0.0182191 -0.116614 2.89419
-0.114414 0.0276977 0.993046 210.057 -0.0198799 0.999347 -0.0301639 -6.24706 -0.993233 -0.0231929 -0.113789 2.71873
-0.118085 0.0238571 0.992717 212.582 -0.0223472 0.999394 -0.0266758 -6.334 -0.992752 -0.0253345 -0.11748 2.44525
-0.12134 0.0229685 0.992345 215.1 -0.0287471 0.999232 -0.026643 -6.42688 -0.992195 -0.0317599 -0.120587 2.16363
-0.121878 0.0198398 0.992347 217.661 -0.0204897 0.999537 -0.0225 -6.51797 -0.992334 -0.0230752 -0.121415 1.85281
-0.118857 0.0265411 0.992557 220.225 -0.0119319 0.999532 -0.0281564 -6.60579 -0.99284 -0.0151896 -0.118484 1.53772
-0.117469 0.0203137 0.992868 222.867 -0.0159132 0.999624 -0.0223347 -6.69177 -0.992948 -0.0184234 -0.117101 1.23955
-0.11938 0.0205924 0.992635 225.522 -0.0259176 0.99938 -0.0238493 -6.78376 -0.99251 -0.0285738 -0.118772 0.948525
-0.122794 0.0189615 0.992251 227.32 -0.0251879 0.999436 -0.0222159 -6.83033 -0.992113 -0.0277207 -0.122247 0.735233
-0.12716 0.0273655 0.991505 229.98 -0.0147893 0.999456 -0.0294816 -6.9268 -0.991772 -0.0184125 -0.126686 0.399029
-0.131972 0.0120808 0.991178 232.652 -0.0242603 0.999587 -0.0154135 -7.03666 -0.990955 -0.0260805 -0.131624 0.084412
-0.134783 0.0108863 0.990815 234.43 -0.0299516 0.999438 -0.0150554 -7.08903 -0.990422 -0.0317057 -0.134381 -0.139197
-0.135171 0.0225037 0.990568 236.198 -0.0310862 0.999154 -0.0269407 -7.15139 -0.990336 -0.0344345 -0.134357 -0.362334
-0.134044 0.0255774 0.990645 237.965 -0.0233522 0.999308 -0.0289609 -7.22065 -0.9907 -0.0270158 -0.133354 -0.600985
