0.835794 -0.020238 0.54867 -92.5692 0.0260242 0.999657 -0.00276999 1.12381 -0.548426 0.0165939 0.836034 218.845
0.90574 -0.0146884 0.423578 -91.9458 0.0192519 0.999794 -0.00649663 1.10471 -0.423395 0.014039 0.905836 220.243
0.965099 0.016662 0.261354 -91.3081 -0.0180875 0.999832 0.00304961 1.06379 -0.261259 -0.00767041 0.965238 222.661
0.973684 0.0333412 0.225451 -90.6566 -0.0342408 0.999414 8.0274e-05 1.03183 -0.225316 -0.0077978 0.974254 225.659
0.941239 0.0198656 0.337156 -89.7897 -0.0241247 0.999673 0.00844723 0.990349 -0.336878 -0.0160846 0.941411 228.463
0.765739 0.0144867 0.642989 -88.1786 -0.0145762 0.99988 -0.00516869 0.966009 -0.642987 -0.00541446 0.765859 230.818
0.542208 -0.00908339 0.840195 -86.5766 0.00903577 0.999947 0.00497936 0.940325 -0.840196 0.00489196 0.542261 231.859
0.411262 -0.00443715 0.911507 -85.5563 0.00538882 0.999983 0.00243646 0.952007 -0.911502 0.00390992 0.411279 232.264
0.253049 -0.0124012 0.967375 -84.0148 0.00495424 0.999921 0.0115224 0.946476 -0.967442 0.00187685 0.25309 232.653
0.148043 -0.00333195 0.988975 -82.2875 0.00932318 0.999955 0.00197333 0.939551 -0.988936 0.00892826 0.148067 232.88
0.0867829 0.00909756 0.996186 -80.2987 0.00769396 0.999922 -0.00980195 0.927041 -0.996198 0.00851526 0.0867062 233.068
0.0643491 0.00429068 0.997918 -78.6203 0.0169068 0.999843 -0.00538917 0.909829 -0.997784 0.0172184 0.0642664 233.16
0.0643491 0.00429068 0.997918 -76.8054 0.0169068 0.999843 -0.00538917 0.89055 -0.997784 0.0172184 0.0642664 233.276
0.0565528 0.00960053 0.998352 -74.1543 0.01486 0.999835 -0.0104565 0.865987 -0.998288 0.0154269 0.0564008 233.442
0.0470572 0.0122311 0.998817 -71.2501 0.0113447 0.999854 -0.0127783 0.826557 -0.998827 0.0119326 0.0469116 233.599
0.0470572 0.0122311 0.998817 -68.9347 0.0113447 0.999854 -0.0127783 0.778898 -0.998827 0.0119326 0.0469116 233.702
0.0388333 0.0114695 0.99918 -65.7389 0.0165121 0.99979 -0.0121183 0.710927 -0.999109 0.0169691 0.0386357 233.825
0.0388333 0.0114696 0.99918 -64.1052 0.0165121 0.99979 -0.0121183 0.669699 -0.999109 0.0169691 0.0386357 233.892
0.0335965 0.0187713 0.99926 -61.5855 0.0118581 0.999746 -0.0191791 0.613276 -0.999366 0.0124936 0.0333653 233.996
0.0335965 0.0187713 0.99926 -58.9832 0.0118581 0.999746 -0.0191791 0.546001 -0.999366 0.0124937 0.0333653 234.09
0.0429363 0.0149943 0.998965 -56.3485 0.0197378 0.999679 -0.0158533 0.473707 -0.998882 0.0203981 0.0426266 234.187
0.0512837 0.0206642 0.99847 -53.7167 0.0179827 0.999605 -0.0216113 0.39106 -0.998522 0.0190635 0.0508919 234.331
0.0512837 0.0206642 0.99847 -51.9661 0.0179827 0.999605 -0.0216113 0.328993 -0.998522 0.0190635 0.0508919 234.429
0.0512837 0.0206642 0.99847 -50.2154 0.0179827 0.999605 -0.0216113 0.273709 -0.998522 0.0190635 0.0508919 234.534
0.0567078 0.010994 0.99833 -47.6096 0.0211929 0.999701 -0.0122129 0.194566 -0.998166 0.0218501 0.0564578 234.684
0.0596344 0.0304019 0.997757 -45.069 0.0215338 0.999264 -0.0317348 0.11312 -0.997988 0.023378 0.0589359 234.846
0.0582114 0.011677 0.998236 -42.5346 0.0221262 0.999671 -0.012984 0.0218291 -0.998059 0.022843 0.0579338 234.995
0.0596446 0.019507 0.99803 -40.0532 0.0291798 0.999348 -0.0212766 -0.055112 -0.997794 0.0303914 0.0590365 235.14
0.0596446 0.019507 0.99803 -38.4049 0.0291798 0.999348 -0.0212766 -0.113806 -0.997794 0.0303913 0.0590365 235.25
0.0596446 0.019507 0.99803 -36.0084 0.0291798 0.999348 -0.0212767 -0.201869 -0.997794 0.0303913 0.0590365 235.394
0.0596446 0.019507 0.99803 -32.8532 0.0291798 0.999348 -0.0212767 -0.307357 -0.997794 0.0303913 0.0590365 235.604
0.0596446 0.019507 0.99803 -29.8463 0.0291798 0.999348 -0.0212767 -0.418684 -0.997794 0.0303913 0.0590365 235.812
0.0611169 0.0237045 0.997849 -27.0277 0.0177578 0.999534 -0.0248321 -0.524145 -0.997972 0.0192373 0.0606675 236.016
0.0611169 0.0237045 0.997849 -24.9677 0.0177578 0.999534 -0.0248321 -0.597852 -0.997972 0.0192373 0.0606675 236.154
0.0611169 0.0237045 0.997849 -22.9614 0.0177578 0.999534 -0.0248321 -0.67674 -0.997972 0.0192373 0.0606675 236.265
0.0542417 0.0296138 0.998088 -21.081 0.0172894 0.999382 -0.0305918 -0.758092 -0.998377 0.0189156 0.0536962 236.376
0.0369753 0.0264459 0.998966 -18.8278 0.0152475 0.999518 -0.0270249 -0.85936 -0.9992 0.016231 0.0365543 236.481
-0.0018628 0.0244765 0.999699 -16.4213 0.0161931 0.99957 -0.0244431 -0.972592 -0.999867 0.0161427 -0.00225835 236.496
-0.0507942 0.0220792 0.998465 -14.4321 0.0176198 0.99962 -0.0212083 -1.05104 -0.998553 0.0165155 -0.0511639 236.409
-0.134223 0.0182955 0.990783 -12.3808 0.0344425 0.999312 -0.013787 -1.1354 -0.990353 0.0322745 -0.134761 236.136
-0.286516 0.0289202 0.957639 -10.5436 0.0442142 0.998878 -0.0169372 -1.1917 -0.957055 0.0374885 -0.287473 235.601
-0.516023 0.0440986 0.855443 -8.76075 0.04591 0.998662 -0.0237879 -1.24761 -0.855347 0.0269983 -0.517357 234.64
-0.669623 0.0391189 0.741667 -7.73019 0.036635 0.999136 -0.0196225 -1.28232 -0.741794 0.0140313 -0.670478 233.722
-0.781785 0.0435728 0.622026 -7.00536 0.0416504 0.998977 -0.0176304 -1.29269 -0.622157 0.0121244 -0.7828 232.737
-0.850016 0.0477027 0.524596 -6.57946 0.0441854 0.998838 -0.0192319 -1.29989 -0.524904 0.00683206 -0.851136 231.957
-0.929246 0.0478347 0.366347 -6.06783 0.046293 0.998843 -0.012998 -1.32559 -0.366545 0.00488097 -0.930385 230.601
-0.973057 0.0550193 0.223901 -5.78686 0.0560069 0.998428 -0.00194223 -1.32792 -0.223656 0.0106501 -0.974609 229.016
-0.991199 0.0540878 0.120824 -5.57545 0.0556982 0.998398 0.00998904 -1.31878 -0.12009 0.0166308 -0.992623 227.199
-0.996627 0.0552544 0.0606918 -5.44174 0.0560953 0.99835 0.0122387 -1.29894 -0.0599154 0.0156019 -0.998082 225.215
-0.998134 0.0599537 0.011482 -5.37743 0.0601661 0.998005 0.0191392 -1.25931 -0.0103116 0.0197944 -0.99975 222.221
-0.998049 0.0624602 -0.000122388 -5.37909 0.0624439 0.997828 0.0209925 -1.22204 0.00143332 0.0209439 -0.999781 219.77
-0.998049 0.0624602 -0.000122388 -5.3839 0.0624439 0.997828 0.0209925 -1.193 0.00143332 0.0209439 -0.999781 218.061
-0.998049 0.0624602 -0.000122388 -5.37089 0.0624439 0.997828 0.0209925 -1.14522 0.00143332 0.0209439 -0.999781 215.362
-0.998049 0.0624602 -0.000122388 -5.36699 0.0624439 0.997828 0.0209925 -1.11848 0.00143332 0.0209439 -0.999781 213.467
-0.998049 0.0624602 -0.000122388 -5.3595 0.0624439 0.997828 0.0209925 -1.09068 0.00143332 0.0209439 -0.999781 211.505
-0.998049 0.0624602 -0.000122388 -5.34146 0.0624439 0.997828 0.0209925 -1.06219 0.00143332 0.0209439 -0.999781 209.492
-0.998049 0.0624602 -0.000122388 -5.31565 0.0624439 0.997828 0.0209925 -1.02747 0.00143332 0.0209439 -0.999781 207.429
-0.998049 0.0624604 -0.000122388 -5.29462 0.0624441 0.997828 0.0209925 -1.00215 0.00143332 0.0209439 -0.999781 205.319
-0.998049 0.0624604 -0.000122388 -5.28057 0.0624441 0.997828 0.0209925 -0.96834 0.00143332 0.0209439 -0.999781 203.147
-0.998049 0.0624604 -0.000122388 -5.27408 0.0624441 0.997828 0.0209925 -0.937204 0.00143332 0.0209439 -0.999781 200.937
-0.998049 0.0624604 -0.000122388 -5.26525 0.0624441 0.997828 0.0209925 -0.911611 0.00143332 0.0209439 -0.999781 198.7
-0.998049 0.0624604 -0.000122388 -5.25222 0.0624441 0.997828 0.0209925 -0.885945 0.00143332 0.0209439 -0.999781 196.439
-0.998049 0.0624604 -0.000122388 -5.25289 0.0624441 0.997828 0.0209925 -0.857759 0.00143332 0.0209439 -0.999781 194.165
-0.998049 0.0624604 -0.000122388 -5.25629 0.0624441 0.997828 0.0209925 -0.829759 0.00143332 0.0209439 -0.999781 191.856
-0.998049 0.0624604 -0.000122388 -5.24646 0.0624441 0.997828 0.0209925 -0.806978 0.00143332 0.0209439 -0.999781 189.546
-0.998049 0.0624604 -0.000122388 -5.24264 0.0624441 0.997828 0.0209925 -0.77637 0.00143332 0.0209439 -0.999781 187.205
-0.998049 0.0624604 -0.000122388 -5.23601 0.0624441 0.997828 0.0209925 -0.75202 0.00143332 0.0209439 -0.999781 184.853
-0.998049 0.0624604 -0.000122388 -5.2459 0.0624441 0.997828 0.0209925 -0.726264 0.00143332 0.0209439 -0.999781 182.477
-0.998049 0.0624604 -0.000122388 -5.24569 0.0624441 0.997828 0.0209925 -0.692767 0.00143332 0.0209439 -0.999781 180.067
-0.998049 0.0624604 -0.000122388 -5.24617 0.0624441 0.997828 0.0209925 -0.659783 0.00143332 0.0209439 -0.999781 177.639
-0.998049 0.0624604 -0.000122388 -5.25984 0.0624441 0.997828 0.0209925 -0.634239 0.00143332 0.0209439 -0.999781 175.186
-0.998049 0.0624604 -0.000122388 -5.27033 0.0624441 0.997828 0.0209925 -0.612369 0.00143332 0.0209439 -0.999781 172.696
-0.998049 0.0624604 -0.000122381 -5.27833 0.0624441 0.997828 0.0209927 -0.586392 0.00143333 0.0209441 -0.999781 170.19
-0.998049 0.0624604 -0.000122381 -5.27508 0.0624441 0.997828 0.0209927 -0.552906 0.00143333 0.0209441 -0.999781 167.631
-0.998049 0.0624604 -0.000122383 -5.26596 0.0624441 0.997828 0.0209927 -0.525045 0.00143333 0.0209441 -0.999781 165.078
-0.998049 0.0624606 -0.000122381 -5.26748 0.0624443 0.997828 0.0209927 -0.503006 0.00143333 0.0209441 -0.999781 162.517
-0.998049 0.0624606 -0.000122381 -5.26848 0.0624443 0.997828 0.0209927 -0.474798 0.00143333 0.0209441 -0.999781 159.928
-0.998049 0.0624606 -0.000122381 -5.26879 0.0624443 0.997828 0.0209927 -0.444367 0.00143333 0.0209441 -0.999781 157.338
-0.998049 0.0624606 -0.000122381 -5.2554 0.0624443 0.997828 0.0209927 -0.420486 0.00143333 0.0209441 -0.999781 154.747
-0.998049 0.0624606 -0.000122381 -5.25442 0.0624443 0.997828 0.0209927 -0.392311 0.00143333 0.0209441 -0.999781 152.141
-0.998049 0.0624606 -0.000122381 -5.2566 0.0624443 0.997828 0.0209927 -0.371516 0.00143333 0.0209441 -0.999781 149.513
-0.998049 0.0624606 -0.000122381 -5.24813 0.0624443 0.997828 0.0209927 -0.352741 0.00143333 0.0209441 -0.999781 146.903
-0.998049 0.0624606 -0.000122381 -5.24271 0.0624443 0.997828 0.0209927 -0.331689 0.00143333 0.0209441 -0.999781 144.297
-0.998049 0.0624606 -0.000122381 -5.23407 0.0624443 0.997828 0.0209927 -0.31443 0.00143333 0.0209441 -0.999781 141.713
-0.998049 0.0624606 -0.000122381 -5.22596 0.0624443 0.997828 0.0209927 -0.295563 0.00143333 0.0209441 -0.999781 139.128
-0.998049 0.0624606 -0.000122381 -5.2094 0.0624443 0.997828 0.0209927 -0.278024 0.00143333 0.0209441 -0.999781 136.566
-0.998049 0.0624606 -0.000122381 -5.20121 0.0624443 0.997828 0.0209927 -0.248322 0.00143333 0.0209441 -0.999781 134.021
-0.998049 0.0624606 -0.000122381 -5.19362 0.0624443 0.997828 0.0209927 -0.227433 0.00143333 0.0209441 -0.999781 131.466
-0.998049 0.0624606 -0.000122381 -5.18672 0.0624443 0.997828 0.0209927 -0.212325 0.00143333 0.0209441 -0.999781 128.921
-0.998049 0.0624606 -0.000122381 -5.18699 0.0624443 0.997828 0.0209927 -0.19533 0.00143333 0.0209441 -0.999781 126.395
-0.998049 0.0624606 -0.000122381 -5.18369 0.0624443 0.997828 0.0209927 -0.179665 0.00143333 0.0209441 -0.999781 123.898
-0.998049 0.0624606 -0.000122381 -5.17556 0.0624443 0.997828 0.0209927 -0.167178 0.00143333 0.0209441 -0.999781 121.423
-0.998049 0.0624606 -0.000122383 -5.16699 0.0624443 0.997828 0.0209927 -0.163326 0.00143334 0.0209441 -0.999781 119.006
-0.998049 0.0624608 -0.000122381 -5.16716 0.0624445 0.997828 0.0209927 -0.157128 0.00143334 0.0209441 -0.999781 116.654
-0.998049 0.0624608 -0.000122381 -5.16867 0.0624445 0.997828 0.0209927 -0.150505 0.00143334 0.0209441 -0.999781 113.235
-0.998049 0.0624608 -0.000122381 -5.16897 0.0624445 0.997828 0.0209927 -0.153591 0.00143334 0.0209441 -0.999781 111.072
-0.998049 0.0624608 -0.000122381 -5.18683 0.0624445 0.997828 0.0209927 -0.147799 0.00143334 0.0209441 -0.999781 107.96
-0.998049 0.0624608 -0.000122381 -5.18957 0.0624445 0.997828 0.0209927 -0.14141 0.00143334 0.0209441 -0.999781 105.975
-0.998049 0.0624608 -0.000122381 -5.18504 0.0624445 0.997828 0.0209927 -0.139315 0.00143334 0.0209441 -0.999781 104.102
-0.998049 0.0624608 -0.000122381 -5.18324 0.0624445 0.997828 0.0209927 -0.138638 0.00143334 0.0209441 -0.999781 101.49
-0.998049 0.0624608 -0.000122381 -5.17836 0.0624445 0.997828 0.0209927 -0.137389 0.00143334 0.0209441 -0.999781 99.8741
-0.997272 0.0728493 0.0121385 -5.18325 0.0730953 0.997099 0.0212385 -0.136922 -0.010556 0.0220678 -0.999704 97.6134
-0.995992 0.0792394 0.0415 -5.13607 0.0801483 0.996568 0.0207138 -0.13758 -0.0397162 0.0239569 -0.998925 96.2175
-0.984884 0.0835088 0.151744 -4.82805 0.0866152 0.996144 0.0139661 -0.150397 -0.149992 0.0268984 -0.988319 93.7227
-0.961212 0.070846 0.266558 -4.36916 0.0752192 0.997148 0.00621872 -0.17237 -0.265357 0.0260278 -0.963799 92.0547
-0.915442 0.0485786 0.399502 -3.69241 0.0544306 0.998512 0.00330883 -0.196344 -0.398747 0.0247742 -0.916724 90.5675
-0.809215 0.0166272 0.58728 -2.49784 0.0266276 0.99961 0.00838901 -0.216781 -0.586912 0.0224264 -0.809342 88.8342
-0.644733 0.0115768 0.764318 -1.00526 0.0261687 0.999633 0.00693346 -0.234802 -0.763957 0.0244715 -0.6448 87.4287
-0.497378 0.00775954 0.867506 0.331183 0.0215133 0.999763 0.0033918 -0.237537 -0.867274 0.0203498 -0.497427 86.6819
-0.295632 0.0103774 0.955248 2.27245 0.0171289 0.999838 -0.00556079 -0.270563 -0.955151 0.0147184 -0.295761 86.0683
-0.177558 0.00877451 0.98407 3.79201 0.00385316 0.999959 -0.00822093 -0.288386 -0.984101 0.00233208 -0.177585 85.8515
-0.10676 0.0190223 0.994103 5.34968 0.0051201 0.999814 -0.0185818 -0.337738 -0.994272 0.00310611 -0.106838 85.7082
-0.0715105 0.0244648 0.997141 6.98726 0.0089909 0.999674 -0.0238822 -0.370556 -0.9974 0.00725738 -0.0717071 85.5904
-0.0589708 0.01709 0.998114 8.71593 0.00867864 0.999824 -0.0166065 -0.418107 -0.998223 0.00768298 -0.0591087 85.4951
-0.0573473 0.0197924 0.998156 10.571 0.0175444 0.999669 -0.0188143 -0.463695 -0.998199 0.0164331 -0.0576755 85.3815
-0.0573473 0.0197924 0.998156 11.8824 0.0175444 0.999669 -0.0188143 -0.493823 -0.998199 0.0164331 -0.0576755 85.3038
-0.0549225 0.0196096 0.998298 13.9608 0.0279177 0.999446 -0.0180962 -0.541566 -0.998101 0.0268763 -0.0554396 85.1716
-0.0416975 0.019946 0.998931 16.1901 0.0383102 0.999097 -0.0183501 -0.589489 -0.998395 0.0375041 -0.042424 85.051
-0.0140558 0.0173705 0.99975 18.5543 0.0441493 0.998885 -0.0167347 -0.638381 -0.998926 0.043903 -0.014807 85.0056
0.0186931 0.0166007 0.999686 21.015 0.0410952 0.999004 -0.0173577 -0.688685 -0.998979 0.0414068 0.0179923 85.0646
0.0449971 0.0276183 0.998607 23.5804 0.0306667 0.999108 -0.0290142 -0.760064 -0.998518 0.0319296 0.04411 85.1934
0.0437748 0.0238414 0.998758 26.1769 0.0206588 0.99948 -0.0247641 -0.860441 -0.998828 0.0217172 0.0432595 85.3671
0.0217396 0.0270073 0.999397 28.7422 0.0141696 0.999526 -0.027319 -0.955467 -0.999662 0.0147549 0.0213467 85.47
-0.0121664 0.0248723 0.999617 31.3322 0.00906024 0.999652 -0.0247629 -1.05863 -0.999885 0.00875549 -0.0123875 85.4749
-0.0482289 0.0264704 0.998484 33.8887 0.0118202 0.999594 -0.0259288 -1.15379 -0.998765 0.0105517 -0.0485222 85.3798
-0.0720465 0.0267023 0.997043 35.5929 0.0152449 0.999554 -0.0256679 -1.21374 -0.997284 0.0133505 -0.0724214 85.2646
-0.0934787 0.0254971 0.995296 37.2805 0.0187391 0.99954 -0.0238459 -1.27228 -0.995446 0.0164218 -0.0939135 85.1113
-0.106854 0.026206 0.993928 38.9639 0.0220046 0.99947 -0.0239864 -1.33551 -0.99403 0.0193079 -0.107374 84.9267
-0.107987 0.0263689 0.993801 40.6464 0.0212175 0.999482 -0.024214 -1.39413 -0.993925 0.0184712 -0.108491 84.7338
-0.108362 0.0263495 0.993763 42.3747 0.0204055 0.999497 -0.0242765 -1.45071 -0.993903 0.0176476 -0.108845 84.5474
-0.107345 0.0259686 0.993884 45.0159 0.0195493 0.999521 -0.0240045 -1.52609 -0.994031 0.016853 -0.107802 84.2937
-0.105374 0.0254088 0.994107 46.8101 0.0186597 0.999548 -0.0235699 -1.58617 -0.994257 0.0160661 -0.105801 84.1217
-0.102578 0.0246654 0.994418 48.5958 0.0177441 0.999579 -0.022963 -1.64474 -0.994566 0.0152895 -0.102973 83.9348
-0.119262 0.0243515 0.992564 51.2628 0.0016345 0.999703 -0.0243302 -1.74122 -0.992861 -0.00127934 -0.119267 83.656
-0.16793 0.031822 0.985284 53.8963 -0.00578325 0.99943 -0.0332646 -1.84291 -0.985781 -0.0112843 -0.16765 83.2865
-0.207742 0.0246535 0.977873 55.6501 -0.000321812 0.999681 -0.0252716 -1.91126 -0.978183 -0.00556468 -0.207668 82.9248
-0.269942 0.0269388 0.962498 58.2029 0.0114548 0.999628 -0.0247653 -2.01043 -0.962807 0.00433998 -0.27015 82.2536
-0.308484 0.0257621 0.950882 59.8632 0.0195292 0.999594 -0.0207463 -2.08003 -0.95103 0.01217 -0.308862 81.7222
-0.351001 0.0276319 0.935965 62.3005 0.0295094 0.999394 -0.0184379 -2.15713 -0.935908 0.0211481 -0.351604 80.8153
-0.367518 0.00827045 0.929981 63.9403 0.030128 0.999541 0.00301714 -2.18547 -0.929529 0.0291273 -0.367598 80.17
-0.374074 0.024224 0.927082 66.412 0.0349581 0.999317 -0.012006 -2.21233 -0.92674 0.027918 -0.374665 79.1832
-0.374074 0.024224 0.927082 68.8957 0.0349581 0.999317 -0.012006 -2.28386 -0.92674 0.027918 -0.374665 78.1891
-0.38069 0.0154304 0.924574 70.5884 0.0357036 0.99936 -0.00197765 -2.3132 -0.924014 0.0322578 -0.380997 77.4911
-0.395446 0.0136144 0.918388 72.2939 0.0354522 0.999371 0.000450289 -2.33639 -0.917805 0.0327369 -0.39568 76.7721
-0.419663 0.0191836 0.90748 73.9916 0.0368521 0.999312 -0.00408281 -2.35371 -0.906935 0.0317291 -0.420081 76.0024
-0.446616 0.0253897 0.894364 75.6918 0.0370662 0.999264 -0.00985797 -2.38478 -0.893956 0.0287479 -0.447228 75.1621
-0.476125 0.0368304 0.87861 78.2315 0.0411868 0.99896 -0.0195562 -2.44826 -0.878417 0.0268759 -0.477147 73.8088
-0.483268 0.0309724 0.874926 79.9573 0.0431064 0.999004 -0.0115549 -2.49187 -0.874412 0.0321307 -0.484122 72.8618
-0.483268 0.0309726 0.874926 81.6866 0.0431065 0.999004 -0.011555 -2.53171 -0.874412 0.0321308 -0.484122 71.8996
-0.483264 0.0309724 0.874925 83.4195 0.0431063 0.999004 -0.011555 -2.57514 -0.874411 0.0321307 -0.484118 70.9426
-0.483261 0.0309724 0.874924 85.1347 0.0431062 0.999004 -0.011555 -2.62059 -0.87441 0.0321306 -0.484115 70.0112
-0.494793 0.026807 0.868592 86.8594 0.0346816 0.999337 -0.0110855 -2.67206 -0.868313 0.0246392 -0.495394 69.0678
-0.524035 0.0170237 0.851526 89.3507 0.0276844 0.999612 -0.0029471 -2.73198 -0.851246 0.0220296 -0.524303 67.5979
-0.559578 0.0143787 0.828653 91.7428 0.0236288 0.99972 -0.00139085 -2.78339 -0.828441 0.0188018 -0.559761 66.0408
-0.596833 0.0170679 0.802184 94.0456 0.0216209 0.999753 -0.00518531 -2.83642 -0.802074 0.0142492 -0.597055 64.3856
-0.620663 0.015001 0.783934 95.5225 0.0224772 0.999746 -0.00133487 -2.87078 -0.783755 0.0167921 -0.620843 63.2342
-0.641752 0.0174818 0.766715 96.944 0.0265846 0.999646 -0.000541203 -2.89783 -0.766454 0.0200354 -0.641989 62.0506
-0.655451 0.0226005 0.754895 98.3282 0.0344778 0.999405 1.52965e-05 -2.92023 -0.754446 0.0260372 -0.65584 60.8439
-0.661683 0.0256883 0.749341 99.6802 0.0395603 0.999217 0.000678338 -2.94606 -0.748737 0.030093 -0.662181 59.6506
-0.661683 0.0256883 0.749341 101 0.0395603 0.999217 0.000678319 -2.97064 -0.748737 0.030093 -0.662181 58.4818
-0.661683 0.0256883 0.749343 102.283 0.0395603 0.999217 0.000678265 -2.98955 -0.748739 0.030093 -0.662181 57.3743
-0.651803 0.0274508 0.757889 103.492 0.0428802 0.99908 0.000691314 -3.01764 -0.757173 0.032949 -0.65238 56.3332
-0.642303 0.0261754 0.766006 104.658 0.0424355 0.999098 0.00144203 -3.04757 -0.765277 0.033432 -0.642834 55.3711
-0.632371 0.0266094 0.774207 106.288 0.0420211 0.999117 -1.67031e-05 -3.07928 -0.773523 0.0325225 -0.63293 54.0429
-0.639881 0.0410586 0.767377 108.389 0.0485325 0.998737 -0.0129685 -3.13688 -0.766941 0.0289444 -0.641066 52.3037
-0.657218 0.0214844 0.753393 110.423 0.0428586 0.999042 0.00889795 -3.18183 -0.75248 0.0381373 -0.657509 50.5635
-0.667339 0.0277731 0.744237 112.442 0.0357355 0.999347 -0.00525009 -3.20027 -0.743897 0.0230921 -0.667896 48.7903
-0.667339 0.0277731 0.744237 114.009 0.0357355 0.999347 -0.00525007 -3.23277 -0.743897 0.0230921 -0.667896 47.3853
-0.657189 0.0163579 0.753547 115.654 0.0384309 0.999191 0.0118264 -3.24214 -0.752744 0.0367317 -0.657286 45.9283
-0.637749 0.0134857 0.770127 117.39 0.0310514 0.999484 0.00821197 -3.23915 -0.769619 0.0291507 -0.637839 44.508
-0.626692 0.00447586 0.779257 118.619 0.0177861 0.999805 0.00856126 -3.24792 -0.779066 0.0192252 -0.626649 43.5587
-0.620942 0.00454094 0.783842 119.877 -0.000549992 0.99998 -0.00622876 -3.24797 -0.783855 -0.00429881 -0.620928 42.6062
-0.61734 0.00145847 0.786696 121.17 -0.00996497 0.999904 -0.0096735 -3.26687 -0.786634 -0.0138112 -0.617266 41.6304
-0.61734 0.0014585 0.786698 122.501 -0.00996499 0.999904 -0.00967351 -3.28753 -0.786636 -0.0138113 -0.617266 40.6034
-0.61734 0.00145848 0.786696 123.868 -0.00996498 0.999904 -0.00967352 -3.31632 -0.786634 -0.0138112 -0.617266 39.5341
-0.61734 0.00145848 0.786696 125.269 -0.00996498 0.999904 -0.00967352 -3.34837 -0.786634 -0.0138112 -0.617266 38.4495
-0.61734 0.00145847 0.786696 126.68 -0.00996497 0.999904 -0.0096735 -3.37302 -0.786634 -0.0138112 -0.617266 37.3149
-0.61734 0.00145847 0.786696 128.161 -0.00996497 0.999904 -0.0096735 -3.40143 -0.786634 -0.0138112 -0.617266 36.1753
-0.621392 -0.00791507 0.78346 130.42 -0.01337 0.99991 -0.000502411 -3.45099 -0.783386 -0.010787 -0.621442 34.4087
-0.623473 -0.0165529 0.781667 133.465 -0.0247169 0.999693 0.00145516 -3.47735 -0.781452 -0.0184131 -0.623691 32.0215
-0.623473 -0.0165529 0.781667 134.986 -0.0247169 0.999693 0.00145518 -3.49722 -0.781452 -0.0184131 -0.623691 30.8411
-0.615083 -0.00624317 0.788438 137.264 -0.00877646 0.999961 0.00107132 -3.53454 -0.788414 -0.00626074 -0.615114 29.0417
-0.609855 0.00657379 0.792486 138.788 0.00959755 0.999954 -0.000908997 -3.54958 -0.792455 0.00705157 -0.60989 27.8478
-0.609855 0.00657379 0.792486 140.299 0.00959755 0.999954 -0.000908997 -3.57566 -0.792455 0.00705157 -0.60989 26.7089
-0.611536 -0.0045449 0.791203 141.811 0.00202994 0.999971 0.00731311 -3.60011 -0.791214 0.00607833 -0.611509 25.5595
-0.611536 -0.00454491 0.791205 143.322 0.00202995 0.999971 0.0073131 -3.60883 -0.791216 0.00607833 -0.611509 24.4024
-0.611536 -0.00454489 0.791203 144.806 0.00202995 0.999971 0.0073131 -3.61894 -0.791214 0.00607833 -0.611509 23.2759
-0.615156 0.00270343 0.788402 146.29 -0.00162645 0.999988 -0.004698 -3.63321 -0.788405 -0.00417229 -0.615144 22.1413
-0.616825 0.000349175 0.787098 147.771 0.00414496 0.999987 0.00280467 -3.6539 -0.787087 0.00499249 -0.616819 20.9904
-0.616825 0.000349157 0.787098 149.233 0.00414494 0.999987 0.00280468 -3.66582 -0.787087 0.00499248 -0.616819 19.8526
-0.615014 0.00702357 0.788486 150.667 0.00127188 0.999968 -0.00791533 -3.68435 -0.788517 -0.00386517 -0.615003 18.7383
-0.615014 0.00702354 0.788485 152.086 0.00127186 0.999968 -0.00791531 -3.71884 -0.788515 -0.00386519 -0.615003 17.6507
-0.615014 0.00702354 0.788485 154.13 0.00127186 0.999968 -0.00791531 -3.77864 -0.788515 -0.00386519 -0.615003 16.059
-0.624712 0.0153765 0.780704 156.047 0.0108049 0.999881 -0.0110473 -3.84188 -0.78078 0.00153406 -0.624803 14.5444
-0.637452 0.00463251 0.770477 157.817 0.0110432 0.999934 0.00312445 -3.88871 -0.770411 0.0105002 -0.637461 13.1193
-0.641992 0.0224561 0.76638 158.866 0.0171738 0.999741 -0.0149076 -3.91312 -0.766517 0.00359105 -0.642212 12.2337
-0.633854 0.0333758 0.772731 160.302 0.0374428 0.999221 -0.0124448 -3.96145 -0.772545 0.021045 -0.63461 11.0189
-0.580229 0.0459643 0.813154 161.695 0.0593165 0.99814 -0.0140952 -4.02352 -0.812289 0.0400551 -0.581877 9.95858
-0.439049 0.0421677 0.897475 163.688 0.0572241 0.998182 -0.0189053 -4.09194 -0.896641 0.0430568 -0.440664 8.8992
-0.277759 0.0553189 0.959056 165.786 0.0536707 0.997675 -0.0420024 -4.19203 -0.95915 0.0398066 -0.280082 8.22086
-0.160204 0.0421036 0.986185 167.511 0.0400284 0.998545 -0.0361287 -4.26934 -0.986272 0.0336875 -0.161657 7.96422
-0.074095 0.0303191 0.99679 169.307 0.0235214 0.999313 -0.0286474 -4.33944 -0.996974 0.0213232 -0.0747573 7.86312
-0.03633 0.0268717 0.998979 171.164 -0.00556215 0.999617 -0.0270911 -4.41792 -0.999325 -0.00654068 -0.0361667 7.85511
-0.0325182 0.0295897 0.999035 173.091 -0.0132121 0.999462 -0.0300324 -4.48224 -0.999386 -0.0141758 -0.0321098 7.80711
-0.0459905 0.0246952 0.998635 175.075 -0.0132001 0.999592 -0.0253268 -4.5607 -0.998853 -0.0143469 -0.0456458 7.72883
-0.0713591 0.0445621 0.996453 177.795 -0.0123824 0.998885 -0.0455576 -4.6772 -0.997373 -0.0155895 -0.0707277 7.56656
-0.0915 0.0297446 0.995361 179.932 -0.021329 0.999266 -0.031822 -4.77839 -0.995577 -0.0241417 -0.0907985 7.40448
-0.101882 0.0383852 0.994057 182.097 -0.0132305 0.999115 -0.0399366 -4.87596 -0.99471 -0.0172206 -0.101284 7.18656
-0.101882 0.0383852 0.994055 183.576 -0.0132304 0.999115 -0.0399366 -4.94032 -0.994708 -0.0172206 -0.101284 7.04629
-0.101882 0.0383853 0.994057 185.075 -0.0132304 0.999115 -0.0399366 -5.00874 -0.99471 -0.0172205 -0.101284 6.90664
-0.101882 0.0383853 0.994057 186.585 -0.0132304 0.999115 -0.0399366 -5.08728 -0.99471 -0.0172205 -0.101284 6.75969
-0.101879 0.0383853 0.994056 187.345 -0.0132304 0.999115 -0.0399366 -5.1213 -0.994708 -0.0172205 -0.101281 6.69062
-0.101879 0.0383852 0.994056 188.885 -0.0132305 0.999115 -0.0399365 -5.19281 -0.994708 -0.0172205 -0.101281 6.55903
-0.10053 0.0452725 0.993904 190.416 -0.00683408 0.998909 -0.0461917 -5.27911 -0.994911 -0.011436 -0.100111 6.4071
-0.101108 0.0503357 0.993601 191.948 -0.0135984 0.998556 -0.0519705 -5.3554 -0.994783 -0.0187661 -0.100278 6.26132
-0.101108 0.0503359 0.993601 193.523 -0.0135983 0.998556 -0.0519706 -5.44997 -0.994783 -0.0187659 -0.100278 6.10858
-0.104242 0.0568957 0.992924 195.075 -0.0181671 0.998087 -0.0590988 -5.54658 -0.994387 -0.0241991 -0.103009 5.95417
-0.104239 0.0568956 0.992923 196.665 -0.0181671 0.998087 -0.0590988 -5.64814 -0.994385 -0.024199 -0.103006 5.79432
-0.109866 0.055022 0.99242 199.099 -0.0110973 0.998336 -0.0565784 -5.82025 -0.993883 -0.0172294 -0.109073 5.52982
-0.110203 0.0469425 0.992799 201.547 -0.00169689 0.998874 -0.0474181 -5.97397 -0.993907 -0.00691029 -0.109999 5.24955
-0.10796 0.0505484 0.992866 204.043 0.00852107 0.998717 -0.0499196 -6.12116 -0.994115 0.00307081 -0.108253 4.97604
-0.107963 0.0505486 0.992867 205.717 0.00852098 0.998717 -0.0499198 -6.22157 -0.994117 0.00307063 -0.108255 4.81384
-0.107966 0.0505486 0.992869 207.383 0.00852102 0.998717 -0.0499198 -6.32158 -0.994118 0.0030706 -0.108258 4.64854
-0.105086 0.0678559 0.992146 209.032 0.00685239 0.997695 -0.0675097 -6.43607 -0.99444 -0.000295722 -0.105308 4.48975
-0.10243 0.0566413 0.993125 210.698 0.000431749 0.99838 -0.0568965 -6.55281 -0.994738 -0.00539923 -0.102289 4.33324
-0.102433 0.0566414 0.993126 213.223 0.000431787 0.99838 -0.0568965 -6.70798 -0.99474 -0.00539928 -0.102292 4.08883
-0.102433 0.0566414 0.993126 215.741 0.000431787 0.99838 -0.0568965 -6.87781 -0.99474 -0.00539928 -0.102292 3.84526
-0.102696 0.0533511 0.993281 218.304 0.0087039 0.998571 -0.0527353 -7.04699 -0.994675 0.00322973 -0.103014 3.58109
-0.099384 0.0598908 0.993246 220.868 0.0171641 0.998142 -0.0584687 -7.21285 -0.994902 0.0112374 -0.100227 3.31279
-0.099381 0.0598908 0.993245 223.512 0.0171641 0.998142 -0.0584686 -7.37996 -0.9949 0.0112374 -0.100224 3.06294
-0.101689 0.0603507 0.992984 226.166 0.00723471 0.998177 -0.0599254 -7.56916 -0.99479 0.00109025 -0.10194 2.81611
-0.101689 0.0603508 0.992984 227.965 0.00723458 0.998177 -0.0599256 -7.68114 -0.99479 0.0010901 -0.10194 2.63322
-0.105634 0.068539 0.992041 230.625 0.0177922 0.997592 -0.0670281 -7.87839 -0.994246 0.0105702 -0.106599 2.35041
-0.110848 0.0534461 0.992399 233.296 0.00851007 0.998567 -0.0528277 -8.09012 -0.993801 0.00258954 -0.111144 2.08906
-0.110848 0.0534461 0.992399 235.076 0.00851007 0.998567 -0.0528277 -8.20996 -0.993801 0.00258954 -0.111144 1.90151
-0.111283 0.0651083 0.991655 236.845 0.00739071 0.997878 -0.0646876 -8.34022 -0.993763 0.000130452 -0.111528 1.71862
-0.11128 0.0651081 0.991654 238.612 0.00739079 0.997878 -0.0646874 -8.47678 -0.993761 0.000130645 -0.111525 1.51996
