0.999641 0.016477 -0.0211341 -7.75835 -0.0169131 0.999644 -0.0206244 -1.72848 0.0207867 0.0209744 0.999564 285.037
0.999641 0.016477 -0.0211341 -7.82022 -0.0169131 0.999644 -0.0206244 -1.80409 0.0207867 0.0209744 0.999564 287.505
0.999687 0.0158154 -0.0193749 -7.87019 -0.016384 0.999429 -0.0295457 -1.8976 0.0188966 0.0298539 0.999376 289.982
0.999687 0.0158154 -0.0193749 -7.92008 -0.016384 0.999429 -0.0295457 -1.99791 0.0188966 0.0298539 0.999376 292.457
0.999687 0.0158154 -0.0193749 -7.98124 -0.016384 0.999429 -0.0295457 -2.09306 0.0188966 0.0298539 0.999376 294.968
0.999617 0.0208337 -0.0182163 -8.0521 -0.021199 0.999573 -0.0200962 -2.18089 0.0177898 0.0204747 0.999632 297.484
0.999457 0.0276778 -0.0178576 -8.1264 -0.0281605 0.999229 -0.0273676 -2.26514 0.0170864 0.0278556 0.999466 299.993
0.999222 0.0346704 -0.0188073 -8.18791 -0.0353166 0.998756 -0.0351929 -2.35298 0.0175637 0.0358297 0.999204 302.495
0.999222 0.0346704 -0.0188073 -8.25356 -0.0353166 0.998756 -0.0351929 -2.47226 0.0175637 0.0358297 0.999204 304.993
0.999222 0.0346704 -0.0188073 -8.3119 -0.0353166 0.998756 -0.0351929 -2.57968 0.0175637 0.0358297 0.999204 307.54
0.999222 0.0346704 -0.0188073 -8.37211 -0.0353166 0.998756 -0.0351929 -2.6928 0.0175637 0.0358297 0.999204 310.075
0.999222 0.0346704 -0.0188073 -8.4374 -0.0353166 0.998756 -0.0351929 -2.8078 0.0175637 0.0358297 0.999204 312.612
0.999222 0.0346704 -0.0188073 -8.5136 -0.0353166 0.998756 -0.0351929 -2.92713 0.0175637 0.0358297 0.999204 315.152
0.999222 0.0346704 -0.0188073 -8.55937 -0.0353166 0.998756 -0.0351929 -3.05464 0.0175637 0.0358297 0.999204 317.682
0.999222 0.0346704 -0.0188073 -8.62364 -0.0353166 0.998756 -0.0351929 -3.17343 0.0175637 0.0358297 0.999204 320.198
0.999222 0.0346704 -0.0188073 -8.68333 -0.0353166 0.998756 -0.0351929 -3.29842 0.0175637 0.0358297 0.999204 322.719
0.999222 0.0346704 -0.0188073 -8.7429 -0.0353166 0.998756 -0.0351929 -3.41718 0.0175637 0.0358297 0.999204 325.212
0.999222 0.0346704 -0.0188073 -8.80294 -0.0353166 0.998756 -0.0351929 -3.53742 0.0175637 0.0358297 0.999204 327.704
0.999392 0.0283963 -0.0202511 -8.84603 -0.0289757 0.999162 -0.028917 -3.63556 0.019413 0.0294862 0.999377 330.2
0.999545 0.0202728 -0.0223486 -8.8992 -0.0210213 0.999208 -0.0337862 -3.75665 0.021646 0.0342406 0.999179 332.648
0.999545 0.0202728 -0.0223486 -8.95963 -0.0210213 0.999208 -0.0337862 -3.87278 0.021646 0.0342406 0.999179 335.051
0.999545 0.0202728 -0.0223486 -9.00455 -0.0210213 0.999208 -0.0337862 -3.97955 0.021646 0.0342406 0.999179 337.412
0.999545 0.0202728 -0.0223486 -9.09525 -0.0210213 0.999208 -0.0337862 -4.1487 0.021646 0.0342406 0.999179 340.847
0.999545 0.0202728 -0.0223486 -9.16114 -0.0210213 0.999208 -0.0337862 -4.26401 0.021646 0.0342406 0.999179 343.033
0.999545 0.0202728 -0.0223486 -9.23265 -0.0210213 0.999208 -0.0337862 -4.42683 0.021646 0.0342406 0.999179 346.213
0.999545 0.0202728 -0.0223486 -9.29705 -0.0210213 0.999208 -0.0337862 -4.58227 0.021646 0.0342406 0.999179 349.234
0.999545 0.0202728 -0.0223486 -9.33044 -0.0210213 0.999208 -0.0337862 -4.68198 0.021646 0.0342406 0.999179 351.173
0.999545 0.0202728 -0.0223486 -9.35938 -0.0210213 0.999208 -0.0337862 -4.77508 0.021646 0.0342406 0.999179 353.02
0.999545 0.0202728 -0.0223486 -9.40237 -0.0210213 0.999208 -0.0337862 -4.86568 0.021646 0.0342406 0.999179 354.768
0.999587 0.0216944 -0.0188355 -9.43734 -0.0224692 0.998867 -0.0419529 -4.9584 0.017904 0.0423588 0.998942 356.403
0.999587 0.0216944 -0.0188355 -9.46677 -0.0224692 0.998867 -0.0419529 -5.04826 0.017904 0.0423588 0.998942 357.947
0.999587 0.0216944 -0.0188355 -9.5072 -0.0224692 0.998867 -0.0419529 -5.17823 0.017904 0.0423588 0.998942 360.069
0.998947 0.0287058 -0.0357843 -9.58916 -0.0303705 0.998439 -0.0468781 -5.29674 0.0343827 0.0479155 0.998259 361.944
0.995213 0.0334669 -0.0918178 -9.77672 -0.0374871 0.998397 -0.042414 -5.43413 0.0902511 0.0456529 0.994872 364.148
0.951042 0.0337435 -0.307215 -10.4501 -0.0417392 0.998938 -0.0194913 -5.55416 0.306231 0.0313599 0.95144 366.494
0.832839 0.0550409 -0.550772 -11.4669 -0.0525614 0.998411 0.0202957 -5.57979 0.551014 0.0120463 0.834409 368.024
0.566244 0.0735383 -0.820951 -13.2525 -0.0487153 0.997257 0.0557303 -5.5008 0.822797 0.00843589 0.568273 369.452
0.195204 0.0525574 -0.979353 -15.6846 -0.010364 0.998618 0.0515255 -5.35266 0.980708 9.20342e-05 0.195479 370.172
0.00244023 0.0628647 -0.998017 -17.3586 -0.00717203 0.997997 0.0628458 -5.25036 0.99997 0.00700456 0.00288622 370.159
-0.112235 0.0668083 -0.991433 -19.0724 -0.014573 0.997519 0.0688682 -5.13839 0.993574 0.0221777 -0.110983 369.915
-0.157957 0.0791847 -0.984266 -21.5306 -0.0226691 0.996226 0.0837849 -4.9644 0.987186 0.0355468 -0.155566 369.478
-0.157822 0.0545888 -0.985955 -24.2055 -0.015696 0.998206 0.0577795 -4.77054 0.98734 0.0245946 -0.156683 369.056
-0.149812 0.060416 -0.986867 -26.4472 -0.0194195 0.997759 0.0640308 -4.63968 0.988524 0.028757 -0.148303 368.708
-0.136131 0.0575199 -0.989019 -28.0286 -0.0336468 0.997469 0.0626425 -4.54044 0.990119 0.041805 -0.133852 368.463
-0.116569 0.0587345 -0.991444 -29.6883 -0.0430824 0.997011 0.0641297 -4.43547 0.992247 0.0501894 -0.11369 368.251
-0.0965317 0.0655017 -0.993173 -31.4275 -0.0527099 0.996096 0.0708176 -4.32536 0.993934 0.0591861 -0.0927022 368.061
-0.0708682 0.0643094 -0.995411 -34.1751 -0.0514355 0.996356 0.0680324 -4.13928 0.996159 0.0560207 -0.0673022 367.851
-0.0603476 0.0762073 -0.995265 -37.0874 -0.0463344 0.995793 0.0790572 -3.9383 0.997102 0.0508858 -0.0565627 367.67
-0.0603476 0.0762074 -0.995265 -39.0718 -0.0463342 0.995793 0.0790573 -3.79444 0.997102 0.0508857 -0.0565627 367.542
-0.0603476 0.0762073 -0.995265 -42.1572 -0.0463344 0.995793 0.0790572 -3.57595 0.997102 0.0508858 -0.0565627 367.355
-0.0603476 0.0762073 -0.995265 -44.2745 -0.0463344 0.995793 0.0790572 -3.42639 0.997102 0.0508858 -0.0565627 367.23
-0.0603476 0.0762074 -0.995265 -46.4117 -0.0463342 0.995793 0.0790573 -3.27199 0.997102 0.0508857 -0.0565627 367.1
-0.0603476 0.0762076 -0.995265 -48.5696 -0.0463344 0.995793 0.0790575 -3.12482 0.997102 0.0508858 -0.0565627 366.972
-0.0603476 0.0762074 -0.995265 -50.7287 -0.0463342 0.995793 0.0790573 -2.97694 0.997102 0.0508857 -0.0565627 366.834
-0.0603505 0.0762076 -0.995266 -52.91 -0.0463343 0.995793 0.0790576 -2.81959 0.997103 0.0508859 -0.0565656 366.69
-0.0603476 0.0762076 -0.995265 -55.0828 -0.0463344 0.995793 0.0790575 -2.66543 0.997102 0.0508858 -0.0565627 366.541
-0.0603447 0.0762075 -0.995263 -57.2441 -0.0463344 0.995793 0.0790574 -2.5223 0.997101 0.0508857 -0.0565598 366.407
-0.0603476 0.0762076 -0.995265 -59.4432 -0.0463344 0.995793 0.0790575 -2.36944 0.997102 0.0508858 -0.0565627 366.271
-0.0603476 0.0762076 -0.995265 -61.5916 -0.0463344 0.995793 0.0790575 -2.22419 0.997102 0.0508858 -0.0565627 366.133
-0.0603476 0.0762074 -0.995265 -63.7363 -0.0463342 0.995793 0.0790573 -2.08454 0.997102 0.0508857 -0.0565627 365.99
-0.0603447 0.0762074 -0.995263 -65.875 -0.0463342 0.995793 0.0790572 -1.93936 0.997101 0.0508856 -0.0565598 365.858
-0.0504052 0.0707386 -0.996221 -69.0397 -0.0485957 0.996133 0.0731912 -1.73895 0.997546 0.0521012 -0.0467727 365.678
-0.0504052 0.0707386 -0.996221 -71.1391 -0.0485957 0.996133 0.0731912 -1.61455 0.997546 0.0521012 -0.0467727 365.576
-0.0397785 0.0801876 -0.995985 -74.228 -0.0492099 0.995408 0.0821065 -1.42381 0.997995 0.0522785 -0.0356498 365.461
-0.0298776 0.0733333 -0.99686 -77.1684 -0.0435264 0.996264 0.0745939 -1.24193 0.998606 0.0456184 -0.026574 365.365
-0.0298747 0.0733332 -0.996859 -79.036 -0.0435265 0.996264 0.0745938 -1.14142 0.998605 0.0456183 -0.0265712 365.312
-0.0298776 0.0733333 -0.99686 -81.7093 -0.0435264 0.996264 0.0745939 -0.991426 0.998606 0.0456184 -0.026574 365.23
-0.0429882 0.0731457 -0.996396 -84.3212 -0.0310269 0.996738 0.0745094 -0.83618 0.998595 0.0341179 -0.0405785 365.144
-0.0778946 0.0727921 -0.994301 -86.9262 -0.0263357 0.996833 0.0750406 -0.666387 0.996614 0.0320309 -0.0757308 364.98
-0.115709 0.0576325 -0.99161 -89.4997 -0.0309234 0.997622 0.0615903 -0.506541 0.992802 0.0377905 -0.113652 364.696
-0.132909 0.0551276 -0.989594 -92.1149 -0.0394846 0.997365 0.0608636 -0.368622 0.990341 0.047163 -0.130382 364.329
-0.132906 0.0551276 -0.989593 -94.7915 -0.0394846 0.997365 0.0608635 -0.223261 0.99034 0.0471629 -0.130379 363.941
-0.126763 0.0830359 -0.988453 -97.6094 -0.0443391 0.99502 0.0892738 -0.0424145 0.990943 0.0551435 -0.122449 363.587
-0.11631 0.0789737 -0.990068 -99.5446 -0.0567329 0.994678 0.0860062 0.120306 0.991591 0.0661729 -0.111211 363.339
-0.103549 0.0687075 -0.992247 -101.533 -0.0605742 0.995324 0.075242 0.289461 0.992777 0.067896 -0.0989033 363.115
-0.0921787 0.0829662 -0.992281 -103.64 -0.0546401 0.9946 0.0882359 0.451534 0.994243 0.0623517 -0.0871476 362.929
-0.0845295 0.0633491 -0.994406 -105.778 -0.056428 0.996071 0.0682518 0.622795 0.994823 0.0618815 -0.0806228 362.751
-0.0759885 0.0707873 -0.994593 -107.956 -0.0692599 0.994693 0.0760859 0.761798 0.994701 0.074667 -0.0706825 362.555
-0.0649398 0.0537916 -0.996438 -110.192 -0.0692586 0.995895 0.058276 0.899944 0.995483 0.0727963 -0.0609477 362.396
-0.0533195 0.0534981 -0.997144 -112.497 -0.0577743 0.996726 0.056565 1.02568 0.996905 0.0606252 -0.0500541 362.274
-0.0409211 0.0720418 -0.996562 -114.863 -0.0551764 0.995712 0.0742461 1.16101 0.997638 0.0580249 -0.0367707 362.173
-0.0321265 0.0692485 -0.997081 -117.218 -0.056525 0.995874 0.070986 1.31658 0.997883 0.0586407 -0.0280797 362.09
-0.0321265 0.0692485 -0.997081 -119.555 -0.056525 0.995874 0.070986 1.45448 0.997883 0.0586407 -0.0280797 362.027
-0.0321237 0.0692485 -0.99708 -121.9 -0.0565251 0.995874 0.0709859 1.60256 0.997882 0.0586406 -0.0280768 361.945
-0.0358374 0.0585736 -0.997639 -124.223 -0.0470527 0.997075 0.0602307 1.73292 0.998249 0.0491002 -0.0329765 361.871
-0.0481965 0.056967 -0.997212 -126.557 -0.0321792 0.997765 0.0585539 1.84493 0.998319 0.0349116 -0.0462556 361.79
-0.0621004 0.0646594 -0.995972 -128.876 -0.0330025 0.997221 0.0667982 1.9595 0.997523 0.0370178 -0.0597939 361.654
-0.0721943 0.0574215 -0.995736 -131.173 -0.0442416 0.997174 0.0607122 2.09028 0.996409 0.0484361 -0.0694499 361.48
-0.0721943 0.0574216 -0.995736 -133.484 -0.0442416 0.997174 0.0607122 2.20455 0.996409 0.0484361 -0.0694499 361.304
-0.0755446 0.0713417 -0.994587 -135.797 -0.0373661 0.996534 0.0743196 2.32576 0.996442 0.0427783 -0.072617 361.136
-0.0755417 0.0713417 -0.994585 -136.937 -0.0373661 0.996534 0.0743195 2.39759 0.99644 0.0427783 -0.0726141 361.046
-0.0761776 0.0576279 -0.995429 -139.192 -0.0437406 0.997174 0.0610763 2.52744 0.996136 0.0481932 -0.0734416 360.861
-0.0761776 0.0576279 -0.995429 -140.33 -0.0437406 0.997174 0.0610763 2.59042 0.996136 0.0481932 -0.0734416 360.777
-0.0761746 0.0576279 -0.995428 -141.465 -0.0437406 0.997174 0.0610762 2.64351 0.996135 0.0481931 -0.0734387 360.686
-0.0822232 0.0675555 -0.994322 -143.724 -0.0361664 0.996841 0.0707173 2.76972 0.995958 0.0417756 -0.0795202 360.53
-0.0822232 0.0675556 -0.994322 -145.965 -0.0361665 0.996841 0.0707174 2.90123 0.995958 0.0417757 -0.0795202 360.323
-0.0822202 0.0675555 -0.994321 -147.073 -0.0361664 0.996841 0.0707172 2.95991 0.995956 0.0417755 -0.0795172 360.22
-0.086695 0.0592608 -0.99447 -149.274 -0.0372924 0.997337 0.0626826 3.08228 0.995536 0.0425206 -0.0842541 360.027
-0.0902436 0.0717637 -0.993331 -152.622 -0.0317267 0.996687 0.0748886 3.25685 0.995414 0.0382733 -0.0876678 359.721
-0.0902436 0.0717637 -0.993331 -154.808 -0.0317267 0.996687 0.0748886 3.39758 0.995414 0.0382733 -0.0876678 359.519
-0.0902436 0.0717637 -0.993331 -158.062 -0.0317267 0.996687 0.0748886 3.59176 0.995414 0.0382733 -0.0876678 359.213
-0.0899099 0.0619791 -0.994021 -160.19 -0.0268505 0.997548 0.0646277 3.71329 0.995589 0.0325005 -0.0880253 359.013
-0.089907 0.0619791 -0.994019 -162.326 -0.0268505 0.997548 0.0646277 3.82934 0.995588 0.0325004 -0.0880224 358.817
-0.089907 0.0619791 -0.994019 -164.43 -0.0268505 0.997548 0.0646277 3.9384 0.995588 0.0325004 -0.0880224 358.616
-0.0850339 0.0541463 -0.994904 -166.515 -0.0404564 0.997511 0.057746 4.04247 0.995555 0.0451608 -0.0826317 358.398
-0.0769282 0.059681 -0.995248 -168.64 -0.0448061 0.996991 0.0632488 4.14523 0.996029 0.0494589 -0.0740227 358.196
-0.0633605 0.0562372 -0.996404 -171.838 -0.0349287 0.997674 0.05853 4.31092 0.997378 0.0385117 -0.0612488 357.991
-0.0546218 0.0528586 -0.997108 -173.993 -0.0256704 0.998193 0.0543223 4.41299 0.998178 0.0285632 -0.0531662 357.869
-0.0480785 0.0646358 -0.99675 -176.156 -0.0144278 0.997755 0.0653969 4.51931 0.99874 0.0175251 -0.047038 357.772
-0.0480785 0.0646358 -0.99675 -178.342 -0.0144278 0.997755 0.0653969 4.64841 0.99874 0.0175251 -0.047038 357.674
-0.0480814 0.064636 -0.996752 -179.424 -0.0144276 0.997755 0.0653971 4.70448 0.998741 0.017525 -0.0470409 357.61
-0.0426458 0.0667074 -0.99686 -181.606 -0.0268364 0.997332 0.067887 4.82834 0.998728 0.0296473 -0.0407419 357.485
-0.0338838 0.0619261 -0.997504 -183.826 -0.0374756 0.997298 0.0631862 4.96077 0.998722 0.0395232 -0.0314715 357.376
-0.0240133 0.0645723 -0.997624 -186.062 -0.0420572 0.996963 0.0655418 5.0816 0.998827 0.0435312 -0.0212246 357.288
-0.0240133 0.0645723 -0.997624 -188.336 -0.0420572 0.996963 0.0655418 5.21177 0.998827 0.0435312 -0.0212246 357.25
-0.0240104 0.0645723 -0.997623 -190.612 -0.0420573 0.996963 0.0655417 5.33889 0.998825 0.0435311 -0.0212218 357.201
-0.0240133 0.0645723 -0.997624 -192.884 -0.0420573 0.996963 0.0655418 5.45714 0.998827 0.0435312 -0.0212246 357.149
-0.0240104 0.0645721 -0.997623 -195.153 -0.0420571 0.996963 0.0655416 5.57546 0.998825 0.043531 -0.0212218 357.096
-0.0240133 0.0645722 -0.997624 -197.404 -0.0420573 0.996963 0.0655418 5.69177 0.998827 0.0435312 -0.0212246 357.045
-0.0240104 0.0645721 -0.997623 -199.659 -0.0420571 0.996963 0.0655416 5.80838 0.998825 0.043531 -0.0212218 356.995
-0.0240133 0.0645722 -0.997624 -201.888 -0.0420573 0.996963 0.0655418 5.92171 0.998827 0.0435312 -0.0212246 356.949
-0.0157804 0.0708852 -0.99736 -204.107 -0.0425228 0.996534 0.0714993 6.04113 0.998971 0.0435387 -0.0127115 356.901
-0.00479176 0.0734578 -0.997287 -206.292 -0.0479733 0.996133 0.0736033 6.1635 0.998837 0.0481958 -0.00124922 356.878
0.00888325 0.0702308 -0.997491 -208.423 -0.050362 0.996296 0.0696982 6.2802 0.998691 0.0496165 0.0123873 356.884
0.0207571 0.0703607 -0.997305 -210.492 -0.0486471 0.99641 0.0692851 6.38691 0.9986 0.0470779 0.0241054 356.919
0.0207571 0.0703607 -0.997305 -212.485 -0.0486471 0.99641 0.069285 6.48569 0.9986 0.0470779 0.0241054 356.977
0.0259562 0.0780275 -0.996613 -214.444 -0.0448921 0.996034 0.076813 6.59007 0.998654 0.0427463 0.0293561 357.027
0.0259534 0.0780277 -0.996614 -216.332 -0.0448922 0.996034 0.0768132 6.69003 0.998656 0.0427465 0.0293533 357.088
0.0313057 0.0685699 -0.997155 -218.142 -0.049278 0.996537 0.0669803 6.80498 0.998294 0.047041 0.0345763 357.142
0.0417878 0.0895381 -0.995107 -219.885 -0.0574602 0.994543 0.0870745 6.89536 0.997474 0.0535403 0.0467047 357.199
0.0593016 0.084288 -0.994676 -221.524 -0.0640603 0.994696 0.0804705 7.00711 0.996183 0.0589471 0.0643866 357.279
0.0816683 0.0829505 -0.993201 -223.057 -0.0617004 0.99504 0.0780306 7.09281 0.994748 0.0549083 0.0863813 357.415
0.145783 0.0680986 -0.98697 -225.818 -0.0486363 0.996915 0.0616009 7.23821 0.98812 0.0390222 0.148645 357.818
0.194993 0.068162 -0.978433 -228.792 -0.02204 0.997635 0.0651073 7.36323 0.980557 0.0088692 0.196034 358.433
0.194993 0.068162 -0.978433 -230.371 -0.02204 0.997635 0.0651073 7.44382 0.980557 0.0088692 0.196034 358.761
0.173662 0.0720722 -0.982164 -231.819 -0.0224499 0.997349 0.069217 7.50676 0.984549 0.0100291 0.17482 359.018
0.137541 0.0678579 -0.988169 -233.104 -0.0175867 0.997661 0.0660618 7.57994 0.99034 0.00829235 0.138413 359.188
0.0532088 0.070562 -0.996087 -234.752 -0.0200196 0.997375 0.0695838 7.6658 0.998382 0.0162389 0.0544818 359.26
-0.0252724 0.0726721 -0.997036 -236.326 -0.0232605 0.997041 0.0732621 7.75598 0.99941 0.025043 -0.0235072 359.205
-0.0642788 0.0692373 -0.995528 -237.942 -0.0384002 0.99668 0.0717969 7.86017 0.997194 0.0428434 -0.0614067 359.059
-0.0642788 0.0692373 -0.995528 -238.794 -0.0384002 0.99668 0.0717969 7.91391 0.997194 0.0428434 -0.0614067 358.995
-0.0642759 0.0692373 -0.995527 -239.659 -0.0384003 0.99668 0.0717968 7.96653 0.997192 0.0428434 -0.0614038 358.94
-0.0426544 0.0670509 -0.996837 -240.942 -0.0512183 0.996287 0.0692055 8.04652 0.997776 0.0540082 -0.0390618 358.879
-0.000615913 0.0717095 -0.997427 -242.657 -0.0597001 0.995644 0.0716182 8.1506 0.998217 0.0595904 0.00366782 358.888
0.0789186 0.0663487 -0.994671 -245.732 -0.0676954 0.995836 0.0610554 8.30888 0.99458 0.0625162 0.0830815 359.078
-0.0782175 0.0555227 -0.995391 -249.247 -0.0459909 0.997184 0.0592367 8.46784 0.995876 0.0504121 -0.0754437 359.178
-0.382534 0.0617274 -0.921878 -251.777 -0.0291183 0.996465 0.0788043 8.65954 0.923483 0.0569888 -0.379384 358.359
-0.630506 0.0629741 -0.773625 -253.699 0.00679701 0.997113 0.0756266 8.83929 0.776154 0.0424247 -0.629114 357.044
-0.760729 0.0726734 -0.644986 -254.713 0.0260277 0.996328 0.0815622 8.94175 0.648545 0.0452593 -0.759828 355.801
-0.866845 0.0831912 -0.491593 -255.618 0.0488919 0.995413 0.0822389 9.06859 0.496179 0.0472534 -0.866936 354.282
-0.914113 0.0809089 -0.397302 -256.076 0.0530976 0.995337 0.080529 9.18144 0.401965 0.0525169 -0.914147 353.112
-0.945311 0.0811134 -0.315927 -256.486 0.0584135 0.995026 0.0806869 9.27935 0.320901 0.0578197 -0.945347 351.828
-0.966642 0.0837268 -0.242058 -256.833 0.0661945 0.994619 0.079691 9.38571 0.247428 0.0610098 -0.966983 350.438
-0.97938 0.0884706 -0.181616 -257.109 0.0770866 0.994646 0.0688248 9.49202 0.186733 0.0534055 -0.980957 348.959
-0.987208 0.0937176 -0.128966 -257.327 0.0868568 0.99454 0.0578443 9.59725 0.133683 0.0459029 -0.989958 347.387
-0.991486 0.104416 -0.077803 -257.488 0.0998559 0.993169 0.0603732 9.69284 0.0835754 0.0520901 -0.995139 345.711
-0.993886 0.103565 -0.0382531 -257.552 0.101193 0.993088 0.0594666 9.79476 0.0441473 0.0552321 -0.997497 343.954
-0.995772 0.089927 -0.0188182 -257.56 0.0888405 0.994674 0.0522509 9.89159 0.0234167 0.0503581 -0.998458 342.118
-0.995772 0.089927 -0.0188182 -257.583 0.0888405 0.994674 0.0522509 10.0463 0.0234167 0.0503581 -0.998458 339.174
-0.995772 0.089927 -0.0188182 -257.627 0.0888405 0.994674 0.0522509 10.151 0.0234167 0.0503581 -0.998458 337.107
-0.995772 0.0899272 -0.0188182 -257.661 0.0888407 0.994674 0.0522511 10.2575 0.0234167 0.0503583 -0.998458 334.974
-0.995772 0.0899274 -0.0188182 -257.683 0.0888409 0.994674 0.0522511 10.3639 0.0234167 0.0503583 -0.998458 332.787
-0.995768 0.0899271 -0.0188181 -257.717 0.0888407 0.994674 0.052251 10.461 0.0234167 0.0503582 -0.998454 330.558
-0.995772 0.0899274 -0.0188182 -257.745 0.0888409 0.994674 0.0522511 10.5543 0.0234167 0.0503583 -0.998458 328.284
-0.995768 0.0899271 -0.0188181 -257.774 0.0888407 0.994674 0.052251 10.6677 0.0234167 0.0503582 -0.998454 325.966
-0.995571 0.0933407 -0.0111291 -257.803 0.092451 0.993677 0.0637022 10.7847 0.0170047 0.0623912 -0.997906 323.587
-0.995571 0.0933407 -0.0111291 -257.823 0.092451 0.993677 0.0637022 10.909 0.0170047 0.0623912 -0.997906 321.202
-0.996172 0.0870102 -0.00875183 -257.832 0.0866148 0.995502 0.0383845 11.0115 0.0120523 0.0374794 -0.999227 318.84
-0.996643 0.0818572 -0.00214924 -257.832 0.0816504 0.995426 0.0495977 11.0751 0.00619934 0.0492557 -0.998768 316.474
-0.996829 0.0791675 0.00819801 -257.816 0.0795247 0.994898 0.0620722 11.1846 -0.00324209 0.0625273 -0.998039 314.131
-0.996691 0.0791568 0.0185783 -257.77 0.0801181 0.995069 0.0584738 11.3029 -0.0138581 0.0597687 -0.998118 311.759
-0.99642 0.0792554 0.0294561 -257.686 0.0808859 0.994973 0.059044 11.4053 -0.0246285 0.0612151 -0.997822 309.434
-0.995733 0.0823675 0.0416665 -257.618 0.0848182 0.994531 0.0609357 11.5158 -0.0364195 0.0642097 -0.997274 307.076
-0.995007 0.0842667 0.0534878 -257.495 0.0874622 0.994328 0.0605127 11.6247 -0.0480852 0.0648887 -0.996733 304.759
-0.994016 0.0878509 0.0649597 -257.368 0.0917303 0.994013 0.0593626 11.7369 -0.0593557 0.064966 -0.996123 302.43
-0.993187 0.0896077 0.0745357 -257.195 0.0939852 0.993915 0.0574515 11.8408 -0.068934 0.0640652 -0.995565 300.132
-0.991895 0.0955465 0.0837777 -257.015 0.100312 0.993455 0.0546395 11.9353 -0.0780087 0.0626005 -0.994987 297.852
-0.9905 0.100612 0.0937285 -256.811 0.105988 0.992887 0.0542481 12.0329 -0.0876038 0.0636669 -0.994118 295.576
-0.989248 0.103637 0.103196 -256.585 0.109662 0.992473 0.0545177 12.1347 -0.0967696 0.0652482 -0.993167 293.308
-0.989248 0.103637 0.103197 -256.339 0.109663 0.992473 0.0545178 12.2208 -0.0967698 0.0652484 -0.993167 291.062
-0.989244 0.103637 0.103196 -256.085 0.109662 0.992473 0.0545178 12.3119 -0.0967693 0.0652483 -0.993163 288.812
-0.989248 0.103637 0.103197 -255.833 0.109663 0.992473 0.0545179 12.4079 -0.0967696 0.0652484 -0.993167 286.553
-0.989248 0.103638 0.103197 -255.6 0.109663 0.992473 0.0545178 12.5064 -0.0967696 0.0652484 -0.993167 284.27
-0.989248 0.103638 0.103197 -255.346 0.109663 0.992473 0.054518 12.6073 -0.0967696 0.0652486 -0.993167 281.997
-0.989248 0.103638 0.103197 -255.105 0.109663 0.992473 0.0545178 12.7023 -0.0967696 0.0652484 -0.993167 279.713
-0.989248 0.103638 0.103197 -254.848 0.109663 0.992473 0.0545178 12.7999 -0.0967696 0.0652484 -0.993167 277.415
-0.989248 0.103638 0.103197 -254.726 0.109663 0.992473 0.054518 12.8537 -0.0967696 0.0652486 -0.993167 276.261
-0.989248 0.103638 0.103197 -254.481 0.109663 0.992473 0.054518 12.9538 -0.0967696 0.0652486 -0.993167 273.93
-0.989244 0.103638 0.103196 -254.219 0.109663 0.992473 0.0545178 13.0479 -0.0967693 0.0652484 -0.993163 271.612
-0.989248 0.103638 0.103197 -253.949 0.109663 0.992473 0.054518 13.1523 -0.0967698 0.0652486 -0.993167 269.273
-0.989092 0.0976081 0.110322 -253.684 0.10381 0.993241 0.0519295 13.258 -0.104508 0.0628156 -0.992539 266.918
-0.989092 0.0976081 0.110323 -253.536 0.10381 0.993241 0.0519295 13.3084 -0.104508 0.0628156 -0.992539 265.735
-0.988193 0.0959316 0.119458 -253.26 0.10274 0.993338 0.0521867 13.4105 -0.113656 0.0638436 -0.991466 263.364
-0.988193 0.0959316 0.119457 -253.109 0.10274 0.993338 0.0521867 13.4581 -0.113655 0.0638436 -0.991466 262.181
-0.988197 0.0959317 0.119458 -252.96 0.10274 0.993338 0.0521868 13.5034 -0.113656 0.0638437 -0.99147 260.982
-0.986828 0.0957677 0.130388 -252.659 0.103733 0.993043 0.0557186 13.6034 -0.124145 0.0685101 -0.989898 258.593
-0.985582 0.0930575 0.141312 -252.317 0.102129 0.993059 0.0583471 13.7086 -0.134901 0.0719378 -0.988244 256.198
-0.984137 0.0913007 0.152139 -251.954 0.100502 0.993475 0.0539121 13.8271 -0.146224 0.0683469 -0.986891 253.797
-0.982133 0.0923471 0.163969 -251.573 0.101813 0.993532 0.0502804 13.9244 -0.158265 0.0660763 -0.985183 251.389
-0.980669 0.0894326 0.174056 -251.137 0.0999395 0.993605 0.0525498 14.0257 -0.168244 0.0689289 -0.983335 248.969
-0.980665 0.0894325 0.174056 -250.906 0.0999394 0.993605 0.05255 14.0785 -0.168243 0.068929 -0.983331 247.742
-0.980665 0.0894325 0.174056 -250.679 0.0999394 0.993605 0.05255 14.13 -0.168243 0.068929 -0.983331 246.515
-0.978417 0.0933532 0.184348 -250.245 0.10412 0.993327 0.0495958 14.2305 -0.178488 0.0677197 -0.981608 244.075
-0.978417 0.0933532 0.184348 -250.01 0.10412 0.993327 0.0495956 14.2785 -0.178488 0.0677195 -0.981608 242.865
-0.975458 0.0992289 0.196567 -249.537 0.110945 0.992594 0.0494901 14.3637 -0.1902 0.0700835 -0.979243 240.428
-0.973356 0.0991432 0.206752 -249.037 0.112303 0.992265 0.0528894 14.4502 -0.199909 0.0746993 -0.976962 238.037
-0.973356 0.0991432 0.206752 -248.512 0.112304 0.992265 0.0528896 14.5473 -0.199909 0.0746995 -0.976962 235.622
-0.971633 0.102439 0.213146 -247.987 0.11422 0.992495 0.0436805 14.6393 -0.207072 0.0667871 -0.976041 233.211
-0.971633 0.102439 0.213146 -247.453 0.11422 0.992495 0.0436805 14.7214 -0.207072 0.0667871 -0.976041 230.777
-0.971637 0.102439 0.213148 -246.907 0.11422 0.992495 0.0436805 14.8034 -0.207074 0.0667873 -0.976045 228.365
-0.971633 0.102439 0.213146 -246.375 0.11422 0.992495 0.0436805 14.8797 -0.207072 0.0667871 -0.976041 225.955
-0.969307 0.105131 0.222257 -245.834 0.11652 0.992433 0.0387273 14.9573 -0.216504 0.0634358 -0.974222 223.553
-0.966792 0.107436 0.231885 -245.259 0.118767 0.99229 0.0354301 15.0166 -0.22629 0.0617938 -0.972097 221.177
-0.966796 0.107436 0.231885 -244.958 0.118767 0.99229 0.0354303 15.0472 -0.22629 0.0617941 -0.972101 219.978
-0.96392 0.110513 0.242168 -244.389 0.124254 0.991354 0.0421724 15.1135 -0.235414 0.0707411 -0.969317 217.582
-0.961227 0.115071 0.2506 -243.785 0.128832 0.990893 0.0391581 15.1882 -0.243812 0.069925 -0.967298 215.176
-0.959599 0.11571 0.256468 -243.146 0.127991 0.99127 0.0316657 15.2405 -0.250565 0.0632123 -0.966031 212.794
-0.959599 0.11571 0.256468 -242.489 0.127991 0.99127 0.0316655 15.286 -0.250565 0.0632121 -0.966031 210.41
-0.959599 0.11571 0.256468 -241.832 0.127991 0.99127 0.0316656 15.3372 -0.250565 0.0632121 -0.966031 208.03
-0.959603 0.11571 0.256469 -241.206 0.127991 0.99127 0.0316656 15.378 -0.250566 0.0632121 -0.966035 205.669
-0.959603 0.11571 0.256469 -240.56 0.127992 0.99127 0.0316658 15.4171 -0.250566 0.0632123 -0.966035 203.31
-0.959599 0.11571 0.256468 -239.924 0.127991 0.99127 0.0316657 15.4689 -0.250565 0.0632123 -0.966031 200.958
-0.959599 0.11571 0.256468 -239.275 0.127991 0.99127 0.0316656 15.5112 -0.250565 0.0632121 -0.966031 198.617
-0.959603 0.11571 0.256469 -238.645 0.127992 0.99127 0.0316658 15.5567 -0.250566 0.0632123 -0.966035 196.262
-0.957584 0.113389 0.264908 -238.002 0.127161 0.991251 0.0353748 15.6034 -0.25858 0.0675604 -0.963625 193.912
-0.957584 0.113389 0.264908 -237.665 0.127161 0.991251 0.0353748 15.6279 -0.25858 0.0675604 -0.963625 192.742
-0.956349 0.105905 0.272372 -236.999 0.118698 0.99245 0.0308808 15.68 -0.267046 0.0618627 -0.961699 190.405
-0.954448 0.101179 0.280696 -236.315 0.113457 0.993154 0.027797 15.723 -0.275962 0.0583778 -0.959393 188.077
-0.954448 0.101179 0.280696 -235.967 0.113457 0.993154 0.027797 15.7468 -0.275962 0.0583778 -0.959393 186.922
-0.954448 0.101179 0.280696 -235.617 0.113457 0.993154 0.027797 15.7612 -0.275962 0.0583778 -0.959393 185.762
-0.954448 0.101179 0.280696 -235.264 0.113457 0.993154 0.027797 15.7824 -0.275962 0.0583778 -0.959393 184.605
-0.954452 0.10118 0.280696 -234.916 0.113457 0.993154 0.027797 15.8024 -0.275962 0.0583778 -0.959397 183.485
-0.951219 0.102159 0.291114 -234.233 0.114364 0.99312 0.0251744 15.8383 -0.286539 0.0572392 -0.956357 181.168
-0.948254 0.101869 0.300727 -233.521 0.113975 0.993219 0.0229413 15.8711 -0.296351 0.0560296 -0.953434 178.85
-0.948254 0.101869 0.300727 -233.158 0.113975 0.993219 0.0229411 15.8825 -0.296351 0.0560294 -0.953434 177.729
-0.948254 0.101869 0.300727 -232.43 0.113975 0.993219 0.0229413 15.9034 -0.296351 0.0560296 -0.953434 175.487
-0.945191 0.105029 0.30917 -231.707 0.118608 0.992616 0.0254034 15.9388 -0.30422 0.0606812 -0.950669 173.226
-0.942115 0.109989 0.316746 -230.96 0.124102 0.991963 0.0246653 15.963 -0.311487 0.0625463 -0.948193 170.973
-0.938999 0.112788 0.324903 -230.195 0.128386 0.991359 0.0269025 15.9869 -0.319062 0.0669743 -0.945366 168.723
-0.936133 0.115975 0.331964 -229.422 0.130182 0.991272 0.0207998 16.0118 -0.326654 0.0626871 -0.943061 166.504
-0.936137 0.115975 0.331964 -228.611 0.130182 0.991272 0.0207998 16.0348 -0.326654 0.0626871 -0.943065 164.257
-0.936137 0.115975 0.331964 -227.796 0.130182 0.991272 0.0207998 16.0541 -0.326654 0.0626871 -0.943065 162.006
-0.933433 0.114989 0.339833 -226.979 0.128103 0.991626 0.016328 16.079 -0.335109 0.0587745 -0.940348 159.741
-0.930053 0.120174 0.347221 -226.144 0.132259 0.991152 0.0112229 16.0871 -0.3428 0.0563608 -0.937718 157.48
-0.925639 0.126425 0.356663 -225.307 0.139979 0.990078 0.012335 16.0942 -0.351564 0.0613429 -0.934151 155.204
-0.922126 0.128543 0.364907 -224.412 0.141069 0.989969 0.00775428 16.0932 -0.36025 0.0586275 -0.93101 152.912
-0.92213 0.128543 0.364908 -223.961 0.141069 0.989969 0.00775428 16.0913 -0.360251 0.0586275 -0.931014 151.767
-0.919088 0.125537 0.373521 -223.046 0.140193 0.990049 0.0122115 16.0895 -0.368271 0.0635884 -0.927541 149.5
-0.919088 0.125537 0.373521 -222.578 0.140193 0.990049 0.0122115 16.0842 -0.368271 0.0635884 -0.927541 148.359
-0.919088 0.125537 0.373521 -222.1 0.140193 0.990049 0.0122115 16.0876 -0.368271 0.0635884 -0.927541 147.22
-0.919088 0.125538 0.373521 -221.627 0.140193 0.990049 0.0122114 16.0912 -0.368271 0.0635885 -0.927541 146.099
-0.919088 0.125538 0.373521 -221.162 0.140193 0.990049 0.0122116 16.0811 -0.368271 0.0635887 -0.927541 144.976
-0.919088 0.125538 0.373521 -220.695 0.140193 0.990049 0.0122116 16.0787 -0.368271 0.0635887 -0.927541 143.841
-0.919088 0.125538 0.373521 -219.765 0.140193 0.990049 0.0122116 16.0745 -0.368271 0.0635887 -0.927541 141.586
-0.916757 0.120939 0.380694 -218.847 0.136823 0.990485 0.0148302 16.0766 -0.375278 0.0656835 -0.924581 139.327
-0.916757 0.120938 0.380694 -217.889 0.136823 0.990485 0.0148301 16.0788 -0.375278 0.0656832 -0.924581 137.077
-0.91333 0.124021 0.387879 -216.958 0.138748 0.990276 0.0100743 16.0806 -0.382858 0.0630185 -0.921657 134.84
-0.910836 0.123288 0.393929 -216.004 0.135569 0.990762 0.0033805 16.0723 -0.389874 0.0564836 -0.919136 132.624
-0.910832 0.123288 0.393927 -215.518 0.135568 0.990762 0.00338045 16.0605 -0.389871 0.0564832 -0.919132 131.523
-0.907096 0.12475 0.40201 -214.558 0.138525 0.990345 0.00524874 16.0386 -0.397474 0.0604497 -0.915619 129.327
-0.902532 0.125673 0.411873 -213.591 0.138931 0.990299 0.00227269 16.0177 -0.407592 0.059273 -0.911237 127.143
-0.89901 0.121382 0.420779 -212.583 0.13703 0.990542 0.00702842 15.9968 -0.415946 0.063978 -0.90714 124.956
-0.893786 0.127213 0.430066 -211.566 0.143989 0.989558 0.00653594 15.9865 -0.424744 0.0677665 -0.90277 122.783
-0.888824 0.128293 0.439924 -210.531 0.145744 0.989304 0.00595564 15.9765 -0.434455 0.0694098 -0.898015 120.637
-0.884871 0.1229 0.449325 -209.453 0.14104 0.989979 0.0069764 15.9655 -0.443965 0.0695462 -0.893338 118.484
-0.880053 0.128726 0.457096 -208.357 0.144706 0.989475 -4.84245e-05 15.9516 -0.452291 0.0661018 -0.889418 116.344
-0.875624 0.132799 0.464383 -207.254 0.148224 0.988948 -0.0033248 15.9291 -0.459693 0.0659213 -0.885631 114.201
-0.87562 0.132799 0.464381 -206.107 0.148223 0.988948 -0.00332469 15.8969 -0.45969 0.0659211 -0.885627 112.035
-0.871378 0.134028 0.47195 -204.952 0.151168 0.988507 -0.00161578 15.8612 -0.466742 0.069936 -0.881624 109.857
-0.866572 0.140513 0.478865 -203.789 0.155045 0.987864 -0.00929355 15.8322 -0.474359 0.0661922 -0.877841 107.69
-0.862672 0.138977 0.486293 -202.592 0.151955 0.988304 -0.0128812 15.7883 -0.482395 0.0627822 -0.8737 105.523
-0.859689 0.133596 0.493039 -201.353 0.14496 0.989319 -0.0153113 15.728 -0.489818 0.0583078 -0.869873 103.358
-0.855324 0.13158 0.501106 -200.101 0.144142 0.989461 -0.0137801 15.6624 -0.497638 0.0604438 -0.865276 101.212
-0.855324 0.13158 0.501104 -198.828 0.144142 0.989461 -0.0137799 15.5981 -0.497636 0.0604437 -0.865276 99.0486
-0.855324 0.13158 0.501104 -198.187 0.144142 0.989461 -0.0137799 15.5687 -0.497636 0.0604437 -0.865276 97.9643
-0.850718 0.128788 0.509603 -196.911 0.142736 0.98969 -0.0118371 15.5018 -0.505873 0.0626686 -0.860329 95.8095
-0.845498 0.132253 0.51734 -195.636 0.144081 0.989412 -0.0174592 15.4423 -0.514171 0.0597769 -0.8556 93.6464
-0.838621 0.129572 0.529079 -193.608 0.143687 0.989516 -0.0145812 15.3387 -0.525422 0.0637939 -0.848447 90.3659
-0.835395 0.123093 0.535686 -192.238 0.136129 0.990572 -0.0153274 15.268 -0.532523 0.0601182 -0.844276 88.1996
-0.833333 0.118127 0.540003 -190.827 0.127856 0.991599 -0.0196072 15.197 -0.537782 0.0527035 -0.841435 86.0209
-0.833333 0.118127 0.540003 -189.404 0.127856 0.991599 -0.0196072 15.1165 -0.537782 0.0527035 -0.841435 83.8289
-0.833333 0.118127 0.540005 -188.003 0.127856 0.991599 -0.0196073 15.0398 -0.537784 0.0527036 -0.841435 81.6462
-0.833329 0.118127 0.540002 -186.564 0.127856 0.991599 -0.0196071 14.9633 -0.537782 0.0527033 -0.841431 79.4596
-0.833333 0.118127 0.540005 -185.136 0.127856 0.991599 -0.0196073 14.8855 -0.537784 0.0527035 -0.841435 77.2589
-0.833333 0.118127 0.540005 -183.691 0.127856 0.991599 -0.0196073 14.8116 -0.537784 0.0527036 -0.841435 75.0498
-0.834223 0.109002 0.540544 -182.247 0.120296 0.992632 -0.0145121 14.7401 -0.538143 0.0529191 -0.841189 72.8367
-0.834223 0.109002 0.540544 -180.822 0.120296 0.992632 -0.0145121 14.6665 -0.538143 0.0529191 -0.841189 70.6298
-0.833202 0.126404 0.538329 -179.419 0.139096 0.990129 -0.0172043 14.5945 -0.53519 0.0605448 -0.842561 68.4002
-0.833053 0.13614 0.536176 -178.024 0.1515 0.988335 -0.0155628 14.519 -0.53204 0.0682658 -0.843961 66.1698
-0.833053 0.13614 0.536176 -176.646 0.151499 0.988335 -0.0155629 14.4502 -0.53204 0.0682656 -0.843961 63.9652
-0.833057 0.13614 0.536179 -175.236 0.1515 0.988335 -0.0155629 14.3821 -0.532043 0.068266 -0.843964 61.7711
-0.833053 0.13614 0.536176 -173.826 0.151499 0.988335 -0.0155629 14.3042 -0.53204 0.0682656 -0.843961 59.5727
-0.833053 0.13614 0.536176 -172.421 0.151499 0.988335 -0.0155629 14.2299 -0.53204 0.0682655 -0.843961 57.3544
-0.833053 0.13614 0.536176 -171.033 0.151499 0.988335 -0.0155629 14.1496 -0.53204 0.0682655 -0.843961 55.1546
-0.833057 0.13614 0.536178 -169.638 0.151499 0.988335 -0.015563 14.084 -0.532043 0.0682657 -0.843964 52.9662
-0.833053 0.136139 0.536176 -168.26 0.151499 0.988335 -0.0155628 14.0205 -0.53204 0.0682655 -0.84396 50.8017
