1 -1.40195e-29 -2.24478e-28 -2.86694e-30 1.40195e-29 1 7.9859e-29 9.4758e-31 2.24478e-28 -7.9859e-29 1 -1.21545e-30
1 -1.40323e-17 -2.22382e-16 -0.015399 1.40323e-17 1 7.91718e-17 0.000644 2.22382e-16 -7.91718e-17 1 0.724361
0.99996 0.000799041 -0.00885649 -0.032737 -0.000811743 0.999999 -0.00143062 -0.005839 0.00885533 0.00143775 0.99996 2.22514
0.999831 0.00359636 -0.0180172 -0.072171 -0.0036055 0.999993 -0.000475172 -0.012668 0.0180154 0.000540053 0.999838 3.77719
0.999584 0.0040376 -0.0285613 -0.15187 -0.00391604 0.999983 0.00431079 -0.0243396 0.0285782 -0.00419715 0.999583 6.19766
0.999584 0.0040376 -0.0285613 -0.245976 -0.00391604 0.999983 0.00431079 -0.0286251 0.0285782 -0.00419715 0.999583 8.68855
0.999584 0.0040376 -0.0285613 -0.334568 -0.00391604 0.999983 0.00431079 -0.0409828 0.0285782 -0.00419715 0.999583 11.2714
0.999584 0.0040376 -0.0285613 -0.42818 -0.00391604 0.999983 0.00431079 -0.0544952 0.0285782 -0.00419715 0.999583 13.937
0.999584 0.0040376 -0.0285613 -0.52956 -0.00391604 0.999983 0.00431079 -0.0620098 0.0285782 -0.00419715 0.999583 16.6458
0.999584 0.0040376 -0.0285613 -0.583486 -0.00391604 0.999983 0.00431079 -0.0722607 0.0285782 -0.00419715 0.999583 18.481
0.999584 0.0040376 -0.0285613 -0.64334 -0.00391604 0.999983 0.00431079 -0.0761441 0.0285782 -0.00419715 0.999583 20.3358
0.999584 0.0040376 -0.0285613 -0.727207 -0.00391604 0.999983 0.00431079 -0.0901498 0.0285782 -0.00419715 0.999583 23.1532
0.999584 0.0040376 -0.0285613 -0.803357 -0.00391604 0.999983 0.00431079 -0.115804 0.0285782 -0.00419715 0.999583 26.0016
0.99957 -0.0016337 -0.0292822 -0.859965 0.00199301 0.999923 0.0122456 -0.1139 0.02926 -0.0122987 0.999496 27.9589
0.999419 -0.011529 -0.0320769 -0.906833 0.011794 0.999898 0.00808326 -0.115848 0.0319804 -0.00845687 0.999453 29.919
0.999419 -0.011529 -0.0320769 -1.026 0.011794 0.999898 0.00808326 -0.126099 0.0319804 -0.00845687 0.999453 32.8761
0.999419 -0.011529 -0.0320769 -1.08508 0.011794 0.999898 0.00808326 -0.136967 0.0319804 -0.00845687 0.999453 34.8238
0.999435 -0.00383026 -0.0333777 -1.19601 0.00436915 0.999861 0.0160872 -0.148725 0.0333115 -0.0162239 0.999313 37.7367
0.999435 -0.00383026 -0.0333777 -1.31046 0.00436915 0.999861 0.0160872 -0.132695 0.0333115 -0.0162239 0.999313 40.7252
0.999435 -0.00383026 -0.0333777 -1.38577 0.00436915 0.999861 0.0160872 -0.132083 0.0333115 -0.0162239 0.999313 42.7049
0.999435 -0.00383026 -0.0333777 -1.51025 0.00436915 0.999861 0.0160872 -0.12766 0.0333115 -0.0162239 0.999313 45.6533
0.999435 -0.00383026 -0.0333777 -1.62647 0.00436915 0.999861 0.0160872 -0.10722 0.0333115 -0.0162239 0.999313 48.5821
0.999435 -0.00383026 -0.0333777 -1.71927 0.00436915 0.999861 0.0160872 -0.105893 0.0333115 -0.0162239 0.999313 51.4523
0.999284 -0.0100739 -0.036475 -1.81217 0.01103 0.999598 0.026106 -0.0843594 0.0361973 -0.0264896 0.998994 54.3031
0.999194 -0.00526374 -0.039801 -1.92941 0.00592026 0.999848 0.0163954 -0.0529771 0.0397086 -0.0166178 0.999073 57.0857
0.999075 0.00361907 -0.0428588 -2.07228 -0.0029659 0.999879 0.0152939 -0.0512536 0.0429089 -0.0151526 0.998964 59.8075
0.999075 0.00361907 -0.0428588 -2.20055 -0.0029659 0.999879 0.0152939 -0.0510802 0.0429089 -0.0151526 0.998964 62.4289
0.999075 0.00361907 -0.0428588 -2.32676 -0.0029659 0.999879 0.0152939 -0.0541708 0.0429089 -0.0151526 0.998964 64.9169
0.998751 0.0135753 -0.0480939 -2.48767 -0.0126557 0.999732 0.0193727 -0.0468649 0.048344 -0.0187399 0.998655 68.0269
0.998585 0.0137343 -0.0513825 -2.6051 -0.0134837 0.999895 0.00522131 -0.0529769 0.0514488 -0.00452109 0.998665 70.149
0.998585 0.0137343 -0.0513825 -2.71296 -0.0134837 0.999895 0.00522131 -0.0831665 0.0514488 -0.00452109 0.998665 72.0891
0.999051 0.00952161 -0.0424954 -2.82587 -0.00961663 0.999952 -0.00203222 -0.114295 0.042474 0.00243896 0.999095 74.4706
0.999905 0.00283844 -0.0135222 -2.86398 -0.00272218 0.999959 0.00860863 -0.145794 0.0135461 -0.008571 0.999872 76.627
0.997612 0.00773284 0.0686261 -2.76653 -0.00847603 0.999908 0.010545 -0.158981 -0.0685383 -0.0111015 0.997587 78.5899
0.977752 0.00603109 0.209677 -2.40966 -0.00924569 0.999854 0.0143544 -0.170167 -0.209559 -0.0159737 0.977665 80.371
0.885443 0.0100459 0.464639 -1.52538 -0.0141254 0.999886 0.00529976 -0.187247 -0.464533 -0.0112559 0.885484 82.2351
0.641849 0.00613378 0.766807 0.139251 -0.0119284 0.999927 0.001986 -0.21238 -0.766738 -0.0104215 0.641875 83.8087
0.357988 0.00737302 0.933697 2.20212 -0.00364913 0.999972 -0.00649725 -0.248624 -0.933719 -0.00108124 0.358005 84.6459
0.216137 0.00779221 0.976332 3.69391 0.00140744 0.999965 -0.0082924 -0.276812 -0.976362 0.00316642 0.216118 84.9473
0.11723 0.0215722 0.99287 5.28932 0.011152 0.999672 -0.0230367 -0.319175 -0.993042 0.0137731 0.116951 85.1054
0.0640161 0.0248044 0.99764 6.61246 0.00866721 0.99964 -0.0254103 -0.349027 -0.997911 0.0102734 0.0637781 85.188
0.0246381 0.0187416 0.999521 8.06688 0.0144977 0.999712 -0.0191026 -0.396238 -0.999592 0.0149614 0.0243593 85.21
0.000977567 0.0205507 0.999788 9.65944 0.0214697 0.999558 -0.0205669 -0.436416 -0.999769 0.0214852 0.000535919 85.2003
-0.0149334 0.022439 0.999638 11.3994 0.0257526 0.999425 -0.0220495 -0.481665 -0.999558 0.025414 -0.0155027 85.1636
-0.0149306 0.0224388 0.999636 12.6582 0.0257524 0.999425 -0.0220494 -0.51329 -0.999556 0.0254138 -0.0154998 85.1309
-0.0169371 0.0212738 0.999629 14.6813 0.0357868 0.999146 -0.0206572 -0.566801 -0.999215 0.0354237 -0.0176839 85.0839
-0.00618723 0.0208036 0.999764 16.8515 0.0409228 0.998951 -0.0205334 -0.620603 -0.999143 0.0407862 -0.00703209 85.0537
0.00961684 0.0140804 0.999854 19.9507 0.038267 0.999163 -0.0144387 -0.697171 -0.999221 0.0384003 0.00906998 85.0889
0.0181415 0.0237668 0.999552 22.3549 0.0278347 0.999318 -0.0242664 -0.766728 -0.999447 0.0282625 0.0174675 85.1464
0.0181387 0.0237668 0.999554 24.804 0.0278348 0.999318 -0.0242664 -0.844551 -0.999449 0.0282625 0.0174647 85.2213
0.0181415 0.0237668 0.999552 27.2666 0.0278347 0.999318 -0.0242664 -0.939918 -0.999447 0.0282625 0.0174675 85.2741
0.010106 0.023908 0.999664 30.5266 0.0158642 0.999584 -0.0240665 -1.06063 -0.999824 0.0161021 0.00972253 85.3504
-0.00839847 0.0195103 0.999774 32.949 0.0120953 0.999738 -0.019408 -1.14284 -0.999891 0.0119295 -0.00863226 85.3511
-0.0373226 0.0199668 0.999103 35.3502 0.0138006 0.999715 -0.0194635 -1.21833 -0.999207 0.0130618 -0.0375875 85.2865
-0.0589394 0.0181631 0.998096 36.93 0.0138539 0.999753 -0.0173751 -1.27358 -0.998166 0.0128035 -0.0591765 85.1957
-0.0805975 0.0190062 0.996566 38.4845 0.0141674 0.999739 -0.017921 -1.32165 -0.996646 0.0126743 -0.0808457 85.0714
-0.110687 0.0219364 0.993611 40.7665 0.0157069 0.99967 -0.0203203 -1.39718 -0.993729 0.0133573 -0.110995 84.8294
-0.138349 0.0222485 0.990135 43.0147 0.0183151 0.999634 -0.0199028 -1.47007 -0.990215 0.0153809 -0.138706 84.5368
-0.154895 0.0185633 0.987755 45.1557 0.026282 0.999547 -0.0146635 -1.53933 -0.98758 0.0236889 -0.155313 84.1976
-0.154895 0.0185633 0.987755 46.5266 0.026282 0.999547 -0.0146635 -1.58314 -0.98758 0.0236889 -0.155313 83.9792
-0.154895 0.0185633 0.987755 47.8253 0.026282 0.999547 -0.0146635 -1.62181 -0.98758 0.0236889 -0.155313 83.765
-0.138689 0.0211202 0.990111 49.6442 0.02698 0.999482 -0.0175409 -1.6925 -0.989969 0.0242804 -0.139187 83.5027
-0.0759615 0.0247857 0.996802 51.828 0.022028 0.999489 -0.0231738 -1.7811 -0.996866 0.0201972 -0.0764686 83.3267
0.0483426 0.0264523 0.998481 53.865 0.0144818 0.999526 -0.0271811 -1.86549 -0.998726 0.0157738 0.0479366 83.3932
0.238794 0.0130459 0.970983 55.8005 0.00186151 0.999902 -0.0138923 -1.94274 -0.971069 0.0051249 0.238746 83.8041
0.414582 0.0172276 0.909849 57.1999 0.00476288 0.999766 -0.0211004 -1.98029 -0.91 0.0130813 0.414403 84.3873
0.534771 0.0241882 0.844651 58.0029 0.00258873 0.999539 -0.0302627 -2.01695 -0.844993 0.0183702 0.534461 84.925
0.647425 0.0286758 0.761589 58.6947 -0.00321419 0.999386 -0.0348971 -2.04123 -0.762122 0.0201454 0.64712 85.5568
0.744986 0.0239635 0.666649 59.2903 -0.00597011 0.999554 -0.0292584 -2.06932 -0.667053 0.0178172 0.744797 86.283
0.859935 0.0126557 0.510247 59.9725 -0.00958118 0.999917 -0.00865348 -2.10292 -0.510314 0.00255266 0.859984 87.5142
0.949324 0.0269586 0.313141 60.6668 -0.0291504 0.999572 0.00231892 -2.14143 -0.312945 -0.0113296 0.949704 89.7188
0.968437 0.0418311 0.245722 61.3782 -0.042824 0.999082 -0.00130359 -2.16058 -0.24555 -0.00926032 0.96934 92.6706
0.966063 0.0414495 0.25496 61.9458 -0.0379213 0.999105 -0.0187404 -2.18948 -0.255509 0.00843601 0.96677 94.8062
0.961094 0.0406746 0.273209 62.5933 -0.0410982 0.999146 -0.00417498 -2.23265 -0.273146 -0.00721585 0.961946 97.1712
0.95962 0.0291913 0.279782 63.3346 -0.0279227 0.999574 -0.00852007 -2.26603 -0.279911 0.000363767 0.960026 99.6826
0.961143 0.0331006 0.274061 63.8949 -0.0301886 0.999434 -0.0148373 -2.29081 -0.274397 0.00598728 0.961598 101.685
0.962699 0.0321645 0.268658 64.4828 -0.0328977 0.999457 -0.0017736 -2.33123 -0.268569 -0.00713077 0.963234 103.827
0.965133 0.0383391 0.258938 65.0639 -0.0356762 0.999251 -0.0149773 -2.35652 -0.259318 0.00521723 0.965778 106.045
0.968163 0.0272664 0.248832 65.858 -0.0266152 0.999628 -0.00598154 -2.41333 -0.248902 -0.000831591 0.968528 109.15
0.968163 0.0272664 0.248832 66.4699 -0.0266152 0.999628 -0.00598154 -2.44424 -0.248902 -0.000831591 0.968528 111.544
0.964704 0.050743 0.258401 67.4965 -0.0501178 0.998703 -0.00901076 -2.52645 -0.258523 -0.00425779 0.965996 115.659
0.964433 0.0367148 0.261764 68.1788 -0.0347797 0.999323 -0.0120231 -2.57788 -0.262028 0.00249145 0.965057 118.134
0.962549 0.0440586 0.267505 69.0569 -0.0459809 0.998942 0.000922857 -2.65501 -0.267181 -0.0131884 0.963556 121.456
0.963117 0.034834 0.266817 69.9725 -0.0306981 0.999335 -0.0196572 -2.73439 -0.267325 0.0107414 0.963547 124.702
0.96409 0.0276905 0.264127 70.6316 -0.0315631 0.999447 0.0104286 -2.7764 -0.263692 -0.0183908 0.964432 127.143
0.966018 0.0330981 0.256348 71.4628 -0.031005 0.999445 -0.0122034 -2.84234 -0.25661 0.00384064 0.966508 130.32
0.968671 0.0385173 0.24534 72.0496 -0.035957 0.999242 -0.0149083 -2.90754 -0.245729 0.00561949 0.969322 132.719
0.969681 0.0440948 0.240364 72.6129 -0.0434141 0.999024 -0.00812898 -2.97227 -0.240488 -0.0025527 0.970649 135.092
0.969681 0.0440948 0.240364 72.9917 -0.0434141 0.999024 -0.00812898 -3.01262 -0.240488 -0.0025527 0.970649 136.66
0.972659 0.0370344 0.229268 73.3681 -0.034978 0.999303 -0.0130282 -3.04089 -0.229591 0.00465265 0.973276 138.218
0.9757 0.032207 0.21673 73.7232 -0.03304 0.999454 0.000220203 -3.0601 -0.216605 -0.00737562 0.976232 139.788
0.977987 0.0385942 0.205068 74.1921 -0.0410635 0.999126 0.00779749 -3.0827 -0.204587 -0.0160466 0.978717 142.164
0.983151 0.042657 0.177746 74.7499 -0.0429047 0.999076 -0.00245132 -3.12139 -0.177686 -0.00521612 0.984073 145.307
0.988381 0.0500733 0.143515 75.2132 -0.0492752 0.998744 -0.00911225 -3.1666 -0.143791 0.00193464 0.989606 148.53
0.991905 0.0549219 0.114493 75.588 -0.0563599 0.998367 0.00935822 -3.19802 -0.113792 -0.0157353 0.99338 151.802
0.992678 0.0656378 0.101397 75.8194 -0.0655287 0.997841 -0.00440976 -3.21847 -0.101468 -0.00226696 0.994836 154.238
0.993203 0.0694815 0.0933829 76.0288 -0.0706752 0.997454 0.00953289 -3.23816 -0.0924827 -0.0160679 0.995585 156.736
0.996029 0.0526421 0.0717975 76.3011 -0.0527364 0.998608 -0.000582833 -3.25296 -0.0717282 -0.00320582 0.997419 160.003
0.998207 0.0397144 0.0447826 76.4651 -0.0404275 0.999068 0.0151316 -3.26197 -0.0441399 -0.0169149 0.998882 163.319
0.999785 0.0172846 0.011435 76.5879 -0.0173059 0.999849 0.00176652 -3.28496 -0.0114027 -0.00196404 0.999933 167.502
0.999429 0.0335157 -0.0042003 76.5426 -0.033476 0.999397 0.00918145 -3.28172 0.00450549 -0.0090356 0.999949 170.865
0.999429 0.0335157 -0.0042003 76.4987 -0.033476 0.999397 0.00918145 -3.2993 0.00450549 -0.0090356 0.999949 174.247
0.99969 0.0225203 -0.0106528 76.4791 -0.0225924 0.999722 -0.00669836 -3.3153 0.010499 0.00693695 0.999921 177.616
0.999661 0.0204236 -0.0161466 76.4239 -0.0202983 0.999763 0.00788408 -3.35923 0.0163038 -0.00755366 0.999839 181.026
0.999418 0.0293787 -0.017309 76.3416 -0.029368 0.999568 0.000872445 -3.39473 0.0173272 -0.000363608 0.99985 184.399
0.999039 0.0398296 -0.0182824 76.2644 -0.0397133 0.999189 0.00667651 -3.42112 0.0185335 -0.00594404 0.999811 186.894
0.99898 0.0405531 -0.0198435 76.2235 -0.0406093 0.999172 -0.00244094 -3.43764 0.019728 0.00324428 0.9998 188.523
0.998859 0.0418145 -0.0230785 76.1789 -0.0416572 0.999106 0.00725358 -3.44561 0.0233612 -0.00628392 0.999707 190.138
0.998859 0.0418145 -0.0230785 76.1005 -0.0416572 0.999106 0.00725358 -3.46504 0.0233612 -0.00628392 0.999707 193.231
