1 0 0 0 0 1 0 0 0 0 1 0
0.989714 0.00604235 -0.14293 -0.246313 -0.00611027 0.999981 -3.62937e-05 -0.0085 0.142928 0.000909265 0.989733 1.51117
0.949435 0.0441532 -0.310844 -1.04019 -0.0419488 0.999025 0.013777 -0.022199 0.311149 -4.08536e-05 0.950361 3.88219
0.936477 0.0581509 -0.345874 -2.14079 -0.0576728 0.998267 0.0116831 -0.017577 0.345954 0.0090066 0.938208 6.74641
0.970806 0.0514399 -0.234284 -2.95536 -0.048755 0.998662 0.0172415 -0.030056 0.234858 -0.00531563 0.972015 9.56681
0.992252 0.0410988 0.117251 -2.90106 -0.0407382 0.999155 -0.00547154 -0.047913 -0.117377 0.000652555 0.993087 12.4198
0.914195 0.0157484 0.404968 -2.13363 -0.0158825 0.999869 -0.00302892 -0.088739 -0.404963 -0.00366287 0.914326 14.1689
0.843764 0.0201712 0.536336 -1.50231 -0.0180618 0.999795 -0.00918675 -0.090999 -0.536411 -0.00193573 0.843955 15.0668
0.742199 0.0146292 0.670019 -0.427636 -0.0162228 0.999861 -0.00386044 -0.121266 -0.669983 -0.00800441 0.742333 16.2381
0.666337 0.0183415 0.745426 0.891177 -0.0100857 0.999828 -0.0155855 -0.159372 -0.745583 0.00286702 0.666407 17.376
0.619078 0.028957 0.784795 2.45032 -0.0105966 0.999537 -0.0285214 -0.209019 -0.785258 0.0093408 0.619098 18.6238
0.601436 0.0201641 0.798666 3.80171 -0.000959461 0.999699 -0.0245171 -0.258653 -0.79892 0.0139792 0.601274 19.6224
0.598763 0.0158112 0.80077 5.25469 -0.00267416 0.999839 -0.0177423 -0.312737 -0.800922 0.00848202 0.598708 20.7149
0.592463 0.0212374 0.805318 7.38432 -0.00462416 0.999726 -0.0229623 -0.370204 -0.805585 0.00988041 0.592399 22.3017
0.584725 0.0253481 0.810835 9.73064 -0.00801983 0.999643 -0.0254672 -0.446141 -0.811192 0.00838855 0.58472 24.0191
0.578414 0.021939 0.815449 11.6133 -0.0071558 0.999736 -0.0218214 -0.523327 -0.815712 0.00678662 0.578418 25.3694
0.571736 0.0185816 0.820227 14.2363 -0.00191302 0.999771 -0.0213156 -0.620707 -0.820435 0.0106178 0.57164 27.1981
0.569045 0.0216335 0.822022 15.5749 -0.00288203 0.9997 -0.0243144 -0.676897 -0.822301 0.0114669 0.568937 28.1362
0.564669 0.0301956 0.824765 17.644 -0.00747328 0.999477 -0.0314755 -0.763957 -0.825284 0.0116095 0.564599 29.5763
0.564032 0.0234052 0.825422 19.7876 -0.0038864 0.999662 -0.0256903 -0.863114 -0.825744 0.0112822 0.563932 31.0528
0.571768 0.0159791 0.82026 21.959 0.00393423 0.999745 -0.022218 -0.952436 -0.820406 0.0159307 0.57156 32.5473
0.578599 0.0214808 0.815329 24.102 0.00212587 0.99961 -0.0278446 -1.05134 -0.815609 0.0178441 0.578328 34.081
0.581679 0.0240063 0.813064 25.5265 -0.0011511 0.999588 -0.02869 -1.1242 -0.813418 0.0157524 0.581467 35.1025
0.583582 0.0219296 0.811759 26.9438 -0.00360324 0.999695 -0.0244163 -1.19161 -0.812047 0.011324 0.583483 36.1348
0.587999 0.0122915 0.808768 29.0523 -0.000407643 0.999889 -0.0148997 -1.27768 -0.808862 0.00843132 0.587938 37.6729
0.590367 0.0277787 0.806656 31.0999 -7.48948e-05 0.999409 -0.0343617 -1.36556 -0.807134 0.0202256 0.590021 39.1853
0.589219 0.012328 0.807879 33.149 0.000522574 0.999878 -0.015639 -1.46354 -0.807973 0.00963699 0.589141 40.6837
0.590385 0.0148243 0.806986 35.1563 0.0075734 0.999686 -0.0239048 -1.54706 -0.807086 0.0202247 0.590087 42.1492
0.592109 0.0116814 0.805774 36.482 0.005604 0.999811 -0.0186125 -1.60982 -0.805839 0.0155362 0.591932 43.1347
0.595233 0.0165626 0.803383 38.4149 0.00545355 0.999681 -0.0246501 -1.69141 -0.803535 0.0190538 0.594953 44.5592
0.598786 0.0121584 0.800817 40.9418 0.0057786 0.999793 -0.0195002 -1.80702 -0.800888 0.016304 0.598592 46.4596
0.602114 0.0145775 0.798277 43.337 0.000494149 0.999826 -0.0186308 -1.91226 -0.79841 0.0116123 0.602002 48.2897
0.603266 0.0242461 0.797171 45.5703 -0.0109252 0.999695 -0.0221381 -2.00916 -0.797465 0.00464591 0.603347 50.0217
0.601032 0.0264899 0.798786 47.2087 -0.016087 0.999649 -0.0210467 -2.07693 -0.799064 -0.000200277 0.601247 51.2784
0.597705 0.0211966 0.801436 48.8203 -0.0122484 0.999775 -0.0173076 -2.14856 -0.801623 0.000528558 0.59783 52.479
0.592168 0.0263144 0.805385 50.3317 -0.0127677 0.999648 -0.023274 -2.21581 -0.805714 0.00349923 0.592295 53.6042
0.578145 0.0251361 0.815547 52.1584 -0.0149324 0.999684 -0.0202258 -2.30103 -0.815797 -0.000484651 0.578338 54.9286
0.546027 0.0235362 0.837437 54.1624 -0.0142272 0.999722 -0.0188208 -2.40008 -0.837647 -0.00163771 0.54621 56.2621
0.504381 0.0213282 0.863217 55.8735 -0.0130404 0.999769 -0.0170825 -2.46983 -0.863382 -0.00264058 0.504543 57.2809
0.430284 0.00953036 0.902643 57.7384 0.00355 0.999919 -0.0122497 -2.5508 -0.902686 0.00847522 0.430215 58.1782
0.284743 0.015561 0.958477 59.568 0.0134645 0.999705 -0.0202303 -2.61292 -0.958509 0.0186659 0.28445 58.7381
0.0370465 0.0340003 0.998734 61.5852 0.0169485 0.999256 -0.0346467 -2.68789 -0.999169 0.0182105 0.0364426 58.9124
-0.15376 0.0369392 0.987417 62.9497 0.0102565 0.999307 -0.0357869 -2.74464 -0.988055 0.00462482 -0.154033 58.71
-0.313045 0.0417082 0.948822 64.0956 0.0182724 0.999115 -0.0378903 -2.78085 -0.949562 0.0054759 -0.31353 58.2831
-0.423347 0.0480593 0.904692 64.8785 0.0233741 0.998839 -0.0421228 -2.80933 -0.905666 0.00331376 -0.423979 57.8647
-0.576316 0.0492391 0.815743 66.0489 0.0298461 0.998785 -0.0392017 -2.87335 -0.816682 0.00175416 -0.577086 57.0112
-0.691085 0.0520862 0.720896 67.1519 0.0436503 0.998587 -0.0303048 -2.92229 -0.721456 0.0105242 -0.692382 55.8394
-0.762964 0.0480322 0.644654 68.3232 0.0463883 0.998733 -0.0195124 -2.96718 -0.644774 0.0150171 -0.764226 54.436
-0.800444 0.0495713 0.597354 69.522 0.048584 0.998661 -0.0177719 -3.00694 -0.597435 0.0147965 -0.801781 52.8488
-0.828814 0.0512051 0.557176 71.2154 0.0541538 0.99847 -0.0112052 -3.058 -0.556897 0.0208862 -0.830319 50.379
-0.835144 0.0526697 0.547504 72.5562 0.0567869 0.998342 -0.00941935 -3.09528 -0.547092 0.0232245 -0.83675 48.3275
-0.835893 0.0554672 0.54608 73.4878 0.0602619 0.998141 -0.00914067 -3.11823 -0.545571 0.0252672 -0.837681 46.8954
-0.834188 0.0585207 0.548364 74.973 0.0628203 0.997965 -0.0109372 -3.15176 -0.547888 0.0253248 -0.836167 44.6414
-0.832592 0.0626985 0.550329 76.0155 0.0656584 0.997739 -0.0143372 -3.18554 -0.549984 0.0241967 -0.834826 43.0592
-0.83039 0.0675497 0.553073 77.1017 0.0704382 0.997387 -0.0160593 -3.22708 -0.552713 0.025622 -0.832978 41.4254
-0.826155 0.0675015 0.559388 78.23 0.0697115 0.997415 -0.0174024 -3.27333 -0.559117 0.0246187 -0.828725 39.7589
-0.822117 0.0640938 0.565701 79.4061 0.0656523 0.997687 -0.0176273 -3.31804 -0.565522 0.0226479 -0.824423 38.0629
-0.818628 0.0612889 0.571044 80.617 0.0626421 0.997886 -0.0172994 -3.37428 -0.570897 0.0216096 -0.820737 36.3357
-0.815693 0.0618484 0.575171 81.8687 0.0640899 0.997809 -0.0164043 -3.42363 -0.574925 0.0234818 -0.81787 34.5617
-0.812433 0.0630908 0.579633 83.1456 0.0664277 0.997671 -0.0154855 -3.47518 -0.57926 0.0259227 -0.814732 32.7576
-0.80984 0.0623819 0.583324 84.4493 0.0652595 0.997738 -0.0160992 -3.53122 -0.583009 0.0250297 -0.81208 30.9406
-0.808611 0.0605548 0.585221 85.7787 0.0633308 0.997868 -0.0157475 -3.58946 -0.584927 0.0243289 -0.810722 29.1125
-0.807438 0.0605831 0.586834 87.1087 0.0636577 0.997853 -0.0154275 -3.6448 -0.586508 0.0248997 -0.80956 27.2693
-0.806881 0.0606837 0.587586 88.4613 0.0640815 0.997831 -0.0150546 -3.70092 -0.587225 0.0255062 -0.80902 25.3979
-0.807534 0.0587871 0.586883 89.8265 0.0627873 0.997935 -0.0135679 -3.76142 -0.586468 0.0258923 -0.809557 23.5353
-0.80865 0.0555049 0.585665 91.2037 0.0592753 0.99816 -0.0127544 -3.81174 -0.585295 0.0244017 -0.810452 21.6425
-0.810577 0.0553081 0.583018 92.5862 0.0573948 0.99824 -0.0149018 -3.86671 -0.582816 0.0213832 -0.812325 19.7412
-0.81212 0.053433 0.581041 93.9639 0.0581217 0.998254 -0.0105638 -3.92631 -0.580591 0.025192 -0.813807 17.8054
-0.813931 0.0513301 0.578689 95.3645 0.0592767 0.998228 -0.00517028 -3.96886 -0.577929 0.0300945 -0.815532 15.8446
-0.815783 0.0529261 0.575932 96.7697 0.060093 0.998171 -0.00660931 -3.99942 -0.575228 0.0292177 -0.817472 13.8641
-0.817375 0.0563656 0.57334 98.1715 0.0627927 0.99799 -0.00859348 -4.04162 -0.572671 0.0289775 -0.819271 11.8512
-0.81869 0.0618186 0.570897 99.5905 0.0677314 0.997644 -0.0108985 -4.09342 -0.570225 0.0297451 -0.820948 9.80568
-0.819179 0.0647795 0.569867 101.014 0.0691872 0.997506 -0.0139352 -4.14731 -0.569348 0.0280121 -0.821619 7.7444
-0.820503 0.0600688 0.568475 102.475 0.0660119 0.997767 -0.0101528 -4.20324 -0.567816 0.0291958 -0.822636 5.6438
-0.821162 0.0577983 0.567762 103.934 0.0634311 0.997938 -0.00984908 -4.25494 -0.56716 0.0279261 -0.823135 3.54888
-0.82073 0.0621686 0.567925 105.387 0.0652379 0.997758 -0.0149432 -4.31188 -0.567581 0.0247859 -0.822946 1.44074
-0.819756 0.0630441 0.569235 106.856 0.0677539 0.997618 -0.0129163 -4.3767 -0.568694 0.0279797 -0.822075 -0.689793
-0.818971 0.0626036 0.570412 108.33 0.0690998 0.997557 -0.0102733 -4.43409 -0.569662 0.0310019 -0.821296 -2.8188
-0.818454 0.0637672 0.571026 109.819 0.0694818 0.997513 -0.0118053 -4.49131 -0.570359 0.0300138 -0.820849 -4.93877
-0.817455 0.0647175 0.572345 111.308 0.0702033 0.997454 -0.0125181 -4.54863 -0.571698 0.0299475 -0.819917 -7.07734
-0.817092 0.0633331 0.573019 112.81 0.0699188 0.997497 -0.0105486 -4.61587 -0.572253 0.0314457 -0.819475 -9.23252
-0.816433 0.0611585 0.574192 114.312 0.0685846 0.997607 -0.00873829 -4.6795 -0.573353 0.0322465 -0.818674 -11.3663
-0.815498 0.0607053 0.575566 115.813 0.0684515 0.99762 -0.00823319 -4.73597 -0.574696 0.0326842 -0.817713 -13.4965
-0.814701 0.0619536 0.576562 117.307 0.0689243 0.997574 -0.00980058 -4.79427 -0.57577 0.0317545 -0.816994 -15.6039
-0.813845 0.0626641 0.577691 118.804 0.070091 0.997496 -0.0094582 -4.85506 -0.576837 0.0327935 -0.816199 -17.7107
-0.813152 0.0617798 0.578765 120.297 0.068258 0.997612 -0.0105884 -4.91565 -0.578037 0.0308954 -0.815427 -19.7916
-0.812894 0.0549042 0.579818 121.777 0.0659277 0.997822 -0.0020565 -4.96638 -0.578668 0.0365543 -0.814743 -21.8621
-0.811405 0.0540711 0.581976 123.264 0.0674433 0.997722 0.00133342 -5.00441 -0.580578 0.0403323 -0.813203 -23.9387
-0.810202 0.056468 0.583428 124.751 0.0684249 0.997655 -0.00153865 -5.03937 -0.582146 0.0386743 -0.812166 -26.0041
-0.80946 0.0573219 0.584373 126.225 0.070975 0.997478 0.000468911 -5.0793 -0.582872 0.0418554 -0.811487 -28.0562
-0.808778 0.0585648 0.585188 127.686 0.0737035 0.997278 0.0020583 -5.11492 -0.583474 0.0447951 -0.810893 -30.0805
-0.809105 0.0597926 0.584614 129.141 0.0728671 0.997341 -0.00115708 -5.14938 -0.583128 0.0416629 -0.81131 -32.0824
-0.809609 0.0585704 0.584038 130.56 0.0696738 0.997564 -0.00345714 -5.19914 -0.582818 0.0378933 -0.811717 -34.0375
-0.810468 0.0575225 0.58295 131.933 0.0684499 0.997649 -0.00327774 -5.25047 -0.581768 0.0372464 -0.8125 -35.9468
-0.812656 0.0578924 0.57986 133.925 0.0686056 0.997638 -0.00345395 -5.32681 -0.57869 0.0369748 -0.814709 -38.725
-0.814057 0.0571263 0.577968 135.178 0.0672118 0.997731 -0.00394899 -5.38278 -0.576882 0.0356316 -0.816049 -40.487
-0.815774 0.0597686 0.575273 136.962 0.0694802 0.99757 -0.00511629 -5.45451 -0.574181 0.0357964 -0.817944 -43.036
-0.817379 0.0596966 0.573 138.101 0.0700662 0.997534 -0.00397701 -5.49992 -0.571824 0.0368972 -0.819547 -44.6607
-0.818754 0.0586483 0.571139 139.178 0.0696905 0.997565 -0.00253188 -5.54462 -0.569897 0.03773 -0.820848 -46.1925
-0.820792 0.0558334 0.568492 140.671 0.0683241 0.997663 0.000662991 -5.60541 -0.567126 0.0393858 -0.822688 -48.3355
-0.821565 0.0551578 0.567441 141.593 0.0697638 0.997555 0.00404017 -5.63704 -0.565831 0.0429061 -0.823405 -49.6618
-0.813953 0.063061 0.577495 142.872 0.0802029 0.99677 0.00419786 -5.67487 -0.575365 0.0497337 -0.816382 -51.5258
-0.796249 0.0672437 0.601218 143.702 0.0867515 0.996224 0.00346978 -5.69954 -0.598715 0.0549194 -0.799075 -52.6483
-0.724443 0.0690826 0.685865 145.371 0.0912659 0.995819 -0.00390283 -5.7569 -0.683267 0.0597687 -0.727719 -54.5274
-0.639678 0.0591678 0.766361 146.695 0.0777442 0.9969 -0.0120741 -5.81051 -0.7647 0.0518566 -0.642295 -55.6401
-0.526647 0.041566 0.849065 148.095 0.0543618 0.998406 -0.0151581 -5.86465 -0.848342 0.0381738 -0.528067 -56.4802
-0.332868 0.0166088 0.942827 150.062 0.0225956 0.999698 -0.00963322 -5.92321 -0.942703 0.0180971 -0.333143 -57.2291
-0.0970156 0.0112904 0.99522 152.088 0.0179311 0.999793 -0.00959438 -5.97598 -0.995122 0.0169146 -0.097198 -57.5391
0.0828599 0.0104884 0.996506 153.612 0.0104472 0.999881 -0.0113926 -6.00116 -0.996507 0.0113547 0.0827404 -57.3955
0.298747 0.0158387 0.954201 155.558 0.00309741 0.999841 -0.017566 -6.0588 -0.954328 0.00820336 0.29865 -56.7987
0.412176 0.0215485 0.910849 156.932 -0.0115315 0.999764 -0.0184338 -6.09141 -0.911031 -0.00290548 0.412327 -56.1147
0.476257 0.0295453 0.878809 158.295 -0.0109559 0.999557 -0.0276674 -6.15459 -0.879238 0.00354867 0.47637 -55.3483
0.507117 0.0316688 0.861294 159.709 -0.00739772 0.999448 -0.0323929 -6.20139 -0.861845 0.0100554 0.507072 -54.5156
0.517902 0.0253573 0.855064 161.186 -0.0078154 0.999659 -0.0249116 -6.2632 -0.855404 0.00621913 0.517924 -53.6125
0.519363 0.0226165 0.854255 162.777 0.00103782 0.999632 -0.0270964 -6.32429 -0.854554 0.0149594 0.519148 -52.6529
0.518848 0.0214381 0.854598 163.901 0.00443279 0.999605 -0.0277669 -6.36533 -0.854855 0.0181951 0.518548 -51.9724
0.52094 0.0153645 0.853455 165.687 0.0147856 0.999526 -0.0270192 -6.43187 -0.853465 0.0266942 0.520466 -50.9026
0.532152 0.00961148 0.846595 167.591 0.0250653 0.999318 -0.0271009 -6.49968 -0.846278 0.0356419 0.531548 -49.7376
