0.833578 -0.018266 0.5521 -91.9629 0.0260513 0.999641 -0.00626027 0.921727 -0.551787 0.0196013 0.833755 219.36
0.904026 -0.0127269 0.427287 -91.3338 0.01878 0.999774 -0.00995496 0.897353 -0.427064 0.017024 0.904061 220.755
0.96398 0.018534 0.265328 -90.6862 -0.019147 0.999817 -0.00027607 0.848134 -0.265284 -0.00481412 0.964158 223.17
0.972682 0.0352118 0.229457 -90.0224 -0.035422 0.999367 -0.00320391 0.806151 -0.229425 -0.00501144 0.973314 226.166
0.939798 0.0217027 0.34104 -89.1441 -0.0249173 0.999677 0.00504801 0.7548 -0.34082 -0.0132419 0.940035 228.966
0.76306 0.0163681 0.646121 -87.5234 -0.014139 0.999863 -0.00863154 0.720504 -0.646173 -0.0025491 0.763187 231.315
0.538763 -0.00715917 0.842427 -85.9172 0.0104742 0.999944 0.00179914 0.688736 -0.842393 0.00785444 0.538808 232.349
0.407521 -0.00251696 0.913192 -84.8952 0.00728419 0.999973 -0.000494487 0.697302 -0.913166 0.00685338 0.407529 232.749
0.249078 -0.0104893 0.968427 -83.3522 0.00731302 0.999933 0.00894969 0.687712 -0.968456 0.00485295 0.249138 233.132
0.14399 -0.00139117 0.989578 -81.6239 0.0119437 0.999929 -0.000332168 0.676852 -0.989507 0.011867 0.143996 233.352
0.0827027 0.0110364 0.996513 -79.6344 0.0104516 0.999874 -0.011941 0.66003 -0.996519 0.0114027 0.082577 233.531
0.0602767 0.0062653 0.998162 -77.9557 0.0197115 0.999778 -0.00746577 0.639369 -0.997987 0.0201253 0.0601398 233.617
0.0602767 0.00626529 0.998162 -76.1403 0.0197115 0.999778 -0.00746575 0.616318 -0.997987 0.0201253 0.0601398 233.725
0.0524718 0.0115677 0.998556 -73.4887 0.017681 0.999765 -0.0125108 0.586251 -0.998467 0.0183119 0.052255 233.88
0.0429694 0.014184 0.998975 -70.5839 0.0141854 0.99979 -0.0148057 0.540866 -0.998975 0.0148071 0.0427592 234.025
0.0429666 0.014184 0.998977 -68.2682 0.0141854 0.99979 -0.0148057 0.488527 -0.998977 0.0148071 0.0427564 234.118
0.0347531 0.013443 0.999306 -65.072 0.0193691 0.999713 -0.0141221 0.414147 -0.999208 0.0198465 0.0344827 234.228
0.0347531 0.013443 0.999306 -63.4382 0.0193691 0.999713 -0.0141221 0.369631 -0.999208 0.0198465 0.0344827 234.289
0.0295104 0.0207261 0.999349 -60.9182 0.0147257 0.999667 -0.0211675 0.308138 -0.999455 0.0153408 0.0291954 234.382
0.0295104 0.0207261 0.999349 -58.3157 0.0147257 0.999667 -0.0211675 0.235663 -0.999455 0.0153408 0.0291954 234.465
0.0388623 0.0169815 0.999101 -55.6808 0.0225863 0.999585 -0.0178683 0.158102 -0.99899 0.0232604 0.0384626 234.55
0.0472112 0.0226458 0.998627 -53.0485 0.0208145 0.999504 -0.0236496 0.0700506 -0.998667 0.0219024 0.0467164 234.684
0.0472085 0.0226458 0.998629 -51.2977 0.0208145 0.999504 -0.0236496 0.00438401 -0.998668 0.0219024 0.0467137 234.775
0.0472085 0.0226458 0.998629 -49.5466 0.0208145 0.999504 -0.0236496 -0.054517 -0.998668 0.0219024 0.0467137 234.871
0.0526418 0.0129873 0.998529 -46.9404 0.0240132 0.99961 -0.0142673 -0.139032 -0.998324 0.024729 0.0523094 235.011
0.0555684 0.0324005 0.99793 -44.3993 0.0243483 0.999132 -0.0337954 -0.225759 -0.998159 0.0261758 0.0547313 235.162
0.0541486 0.0136742 0.998439 -41.8645 0.0249434 0.999576 -0.0150426 -0.322282 -0.998221 0.025719 0.0537845 235.301
0.0555963 0.0215346 0.998221 -39.3827 0.0319935 0.999216 -0.0233379 -0.404341 -0.99794 0.0332341 0.0548638 235.435
0.0555963 0.0215347 0.998221 -37.734 0.0319937 0.999216 -0.0233381 -0.466477 -0.99794 0.0332343 0.0548638 235.538
0.0555963 0.0215347 0.998221 -35.3371 0.0319937 0.999216 -0.0233381 -0.559497 -0.99794 0.0332343 0.0548638 235.672
0.0555963 0.0215347 0.998221 -32.1813 0.0319937 0.999216 -0.0233381 -0.671567 -0.99794 0.0332343 0.0548638 235.868
0.0555963 0.0215347 0.998221 -29.1738 0.0319937 0.999216 -0.0233381 -0.789195 -0.99794 0.0332343 0.0548638 236.064
0.0570448 0.0256866 0.998041 -26.3546 0.0205696 0.999427 -0.0268979 -0.900586 -0.998159 0.0220637 0.0564837 236.256
0.0570448 0.0256866 0.998041 -24.2942 0.0205696 0.999427 -0.026898 -0.978594 -0.998159 0.0220637 0.0564837 236.385
0.0570448 0.0256866 0.998041 -22.2876 0.0205696 0.999427 -0.0268979 -1.0616 -0.998159 0.0220637 0.0564837 236.488
0.0501655 0.0315943 0.998242 -20.4069 0.0201153 0.999265 -0.0326376 -1.14684 -0.99854 0.0217173 0.0494931 236.591
0.0328926 0.0284156 0.999054 -18.1535 0.0181086 0.999415 -0.029022 -1.25268 -0.999294 0.0190461 0.0323588 236.686
-0.00594275 0.0264458 0.999632 -15.7472 0.0191294 0.99947 -0.0263277 -1.37051 -0.999799 0.0189659 -0.00644549 236.691
-0.0548667 0.0240501 0.998205 -13.7585 0.0206448 0.999523 -0.0229471 -1.45246 -0.998281 0.0193487 -0.055337 236.596
-0.138229 0.0203308 0.990192 -11.7086 0.0376013 0.999176 -0.0152662 -1.53991 -0.989686 0.0351223 -0.138879 236.314
-0.290364 0.030976 0.956416 -9.87367 0.0475634 0.998708 -0.0179057 -1.59811 -0.955735 0.0402912 -0.291462 235.771
-0.519445 0.0461107 0.853257 -8.09488 0.049395 0.998494 -0.0238886 -1.65458 -0.853073 0.0297378 -0.52094 234.803
-0.672599 0.0410786 0.738865 -7.06817 0.0400776 0.999015 -0.0190589 -1.68854 -0.73892 0.0167929 -0.673583 233.881
-0.784255 0.0455242 0.618766 -6.34742 0.0449541 0.998853 -0.0165111 -1.69739 -0.618808 0.0148672 -0.785402 232.892
-0.852079 0.0496319 0.521052 -5.92474 0.0473328 0.998722 -0.0177277 -1.70311 -0.521265 0.00955743 -0.853339 232.111
-0.930657 0.049756 0.362492 -5.41874 0.0491258 0.998732 -0.010962 -1.7258 -0.362578 0.00760586 -0.931922 230.752
-0.973862 0.0569634 0.219887 -5.1443 0.0585035 0.998287 0.000492903 -1.72401 -0.219483 0.0133442 -0.975527 229.166
-0.991578 0.0560566 0.116759 -4.94035 0.0579254 0.99824 0.012672 -1.70994 -0.115844 0.0193286 -0.99308 227.349
-0.996757 0.0572189 0.0566092 -4.81477 0.0581563 0.998194 0.0150514 -1.68453 -0.0556457 0.0182947 -0.998284 225.364
-0.998053 0.0619347 0.00740637 -4.76269 0.0620844 0.997827 0.0220499 -1.63624 -0.00602462 0.0224668 -0.999729 222.369
-0.997911 0.0644456 -0.00419449 -4.77436 0.0643276 0.997642 0.0239252 -1.59178 0.00572647 0.0236054 -0.999704 219.919
-0.997911 0.0644454 -0.00419449 -4.78614 0.0643274 0.997642 0.0239252 -1.55773 0.00572647 0.0236054 -0.999704 218.211
-0.997911 0.0644454 -0.00419449 -4.78414 0.0643274 0.997642 0.0239252 -1.50205 0.00572647 0.0236054 -0.999704 215.512
-0.997915 0.0644455 -0.00419451 -4.78799 0.0643274 0.997642 0.0239252 -1.46976 0.00572649 0.0236054 -0.999708 213.617
-0.997911 0.0644454 -0.00419449 -4.78851 0.0643274 0.997642 0.0239252 -1.43622 0.00572647 0.0236054 -0.999704 211.655
-0.997915 0.0644457 -0.00419451 -4.7787 0.0643276 0.997642 0.0239252 -1.40186 0.00572649 0.0236054 -0.999708 209.642
-0.997915 0.0644457 -0.00419451 -4.76131 0.0643276 0.997642 0.0239252 -1.36113 0.00572649 0.0236054 -0.999708 207.578
-0.997911 0.0644456 -0.00419448 -4.74891 0.0643276 0.997642 0.0239254 -1.32966 0.00572647 0.0236056 -0.999704 205.468
-0.997911 0.0644456 -0.0041945 -4.74373 0.0643276 0.997642 0.0239254 -1.28951 0.00572649 0.0236056 -0.999704 203.297
-0.997911 0.0644456 -0.0041945 -4.74628 0.0643276 0.997642 0.0239254 -1.25191 0.00572649 0.0236056 -0.999704 201.086
-0.997911 0.0644456 -0.00419448 -4.74659 0.0643276 0.997642 0.0239254 -1.21977 0.00572647 0.0236056 -0.999704 198.85
-0.997911 0.0644458 -0.0041945 -4.74282 0.0643278 0.997642 0.0239254 -1.18749 0.0057265 0.0236056 -0.999704 196.589
-0.997911 0.0644458 -0.00419448 -4.75279 0.0643278 0.997642 0.0239254 -1.15264 0.00572648 0.0236056 -0.999704 194.315
-0.997911 0.0644456 -0.00419448 -4.76563 0.0643276 0.997642 0.0239254 -1.11786 0.00572647 0.0236056 -0.999704 192.006
-0.997911 0.0644456 -0.00419448 -4.76525 0.0643276 0.997642 0.0239254 -1.08832 0.00572647 0.0236056 -0.999704 189.696
-0.997911 0.0644456 -0.00419449 -4.77101 0.0643276 0.997642 0.0239252 -1.05085 0.00572647 0.0236054 -0.999704 187.355
-0.997915 0.0644457 -0.0041945 -4.774 0.0643276 0.997642 0.0239254 -1.01962 0.0057265 0.0236056 -0.999708 185.004
-0.997915 0.0644459 -0.0041945 -4.79362 0.0643278 0.997642 0.0239254 -0.986872 0.0057265 0.0236056 -0.999708 182.627
-0.997911 0.0644458 -0.0041945 -4.80326 0.0643278 0.997642 0.0239254 -0.946307 0.0057265 0.0236056 -0.999704 180.218
-0.997911 0.0644458 -0.0041945 -4.81365 0.0643278 0.997642 0.0239254 -0.906199 0.0057265 0.0236056 -0.999704 177.789
-0.997911 0.0644456 -0.00419448 -4.83737 0.0643276 0.997642 0.0239254 -0.873433 0.00572647 0.0236056 -0.999704 175.336
-0.997911 0.0644456 -0.00419448 -4.85806 0.0643276 0.997642 0.0239254 -0.84424 0.00572647 0.0236056 -0.999704 172.847
-0.997911 0.0644456 -0.00419448 -4.87631 0.0643276 0.997642 0.0239254 -0.810898 0.00572647 0.0236056 -0.999704 170.341
-0.997911 0.0644456 -0.00419449 -4.88353 0.0643276 0.997642 0.0239252 -0.769912 0.00572647 0.0236054 -0.999704 167.782
-0.997911 0.0644456 -0.00419451 -4.88486 0.0643276 0.997642 0.0239252 -0.73458 0.00572649 0.0236054 -0.999704 165.229
-0.997911 0.0644456 -0.0041945 -4.89686 0.0643276 0.997642 0.0239254 -0.705026 0.00572649 0.0236056 -0.999704 162.668
-0.997915 0.0644457 -0.0041945 -4.90846 0.0643276 0.997642 0.0239254 -0.669223 0.0057265 0.0236056 -0.999708 160.08
-0.997915 0.0644459 -0.0041945 -4.91936 0.0643278 0.997642 0.0239254 -0.631195 0.0057265 0.0236056 -0.999708 157.49
-0.997915 0.0644459 -0.0041945 -4.91659 0.0643278 0.997642 0.0239254 -0.59974 0.0057265 0.0236056 -0.999708 154.899
-0.997911 0.0644458 -0.0041945 -4.92627 0.0643278 0.997642 0.0239254 -0.563922 0.0057265 0.0236056 -0.999704 152.293
-0.997911 0.064446 -0.00419449 -4.93922 0.064328 0.997642 0.0239256 -0.535415 0.00572651 0.0236058 -0.999704 149.665
-0.997911 0.064446 -0.00419449 -4.94145 0.064328 0.997642 0.0239256 -0.508998 0.00572651 0.0236058 -0.999704 147.055
-0.997911 0.0644458 -0.00419447 -4.94671 0.0643278 0.997642 0.0239256 -0.480311 0.00572648 0.0236058 -0.999704 144.449
-0.997911 0.0644458 -0.00419448 -4.94867 0.0643278 0.997642 0.0239254 -0.455489 0.00572648 0.0236056 -0.999704 141.865
-0.997911 0.0644458 -0.00419448 -4.95115 0.0643278 0.997642 0.0239254 -0.429056 0.00572648 0.0236056 -0.999704 139.28
-0.997911 0.0644458 -0.0041945 -4.94509 0.0643278 0.997642 0.0239254 -0.404034 0.0057265 0.0236056 -0.999704 136.718
-0.997911 0.0644458 -0.0041945 -4.94731 0.0643278 0.997642 0.0239254 -0.366881 0.0057265 0.0236056 -0.999704 134.173
-0.997911 0.0644458 -0.00419448 -4.95019 0.0643278 0.997642 0.0239254 -0.338514 0.00572648 0.0236056 -0.999704 131.619
-0.997915 0.0644459 -0.0041945 -4.95373 0.0643278 0.997642 0.0239254 -0.315953 0.0057265 0.0236056 -0.999708 129.074
-0.997915 0.0644461 -0.00419449 -4.96436 0.064328 0.997642 0.0239256 -0.291546 0.00572651 0.0236058 -0.999708 126.547
-0.997911 0.0644458 -0.00419448 -4.97131 0.0643278 0.997642 0.0239254 -0.268562 0.00572648 0.0236056 -0.999704 124.05
-0.997911 0.0644458 -0.00419448 -4.97332 0.0643278 0.997642 0.0239254 -0.248832 0.00572648 0.0236056 -0.999704 121.575
-0.997911 0.0644458 -0.00419448 -4.97468 0.0643278 0.997642 0.0239254 -0.237907 0.00572648 0.0236056 -0.999704 119.159
-0.997911 0.0644458 -0.00419448 -4.98452 0.0643278 0.997642 0.0239254 -0.224809 0.00572648 0.0236056 -0.999704 116.807
-0.997911 0.0644456 -0.00419448 -5.00008 0.0643276 0.997642 0.0239254 -0.208154 0.00572647 0.0236056 -0.999704 113.388
-0.997911 0.0644456 -0.00419448 -5.00928 0.0643276 0.997642 0.0239254 -0.204894 0.00572647 0.0236056 -0.999704 111.224
-0.997911 0.0644456 -0.00419448 -5.03993 0.0643276 0.997642 0.0239254 -0.18994 0.00572647 0.0236056 -0.999704 108.113
-0.997911 0.0644456 -0.0041945 -5.05083 0.0643276 0.997642 0.0239254 -0.177724 0.00572649 0.0236056 -0.999704 106.128
-0.997911 0.0644456 -0.00419448 -5.054 0.0643276 0.997642 0.0239254 -0.170145 0.00572647 0.0236056 -0.999704 104.255
-0.997911 0.0644456 -0.00419448 -5.06294 0.0643276 0.997642 0.0239254 -0.161808 0.00572647 0.0236056 -0.999704 101.643
-0.997911 0.0644456 -0.00419448 -5.0647 0.0643276 0.997642 0.0239254 -0.155829 0.00572647 0.0236056 -0.999704 100.027
-0.997164 0.074837 0.00806698 -5.07888 0.0750118 0.99689 0.0241477 -0.148722 -0.00623475 0.0246844 -0.999676 97.7664
-0.995989 0.0812337 0.0374304 -5.03744 0.0821478 0.996342 0.0235651 -0.145375 -0.0353792 0.0265454 -0.999018 96.3702
-0.985327 0.0855145 0.147704 -4.73972 0.0889172 0.995901 0.0165778 -0.151457 -0.145681 0.029468 -0.988892 93.8741
-0.962147 0.07285 0.262604 -4.28774 0.0778148 0.996931 0.00854146 -0.169404 -0.261176 0.0286527 -0.964863 92.2042
-0.916971 0.0505803 0.395733 -3.61715 0.057331 0.998341 0.00524218 -0.190297 -0.394811 0.0274947 -0.91835 90.7142
-0.811569 0.0186216 0.583962 -2.42977 0.0298792 0.999507 0.00965219 -0.207909 -0.583494 0.0252817 -0.811726 88.976
-0.647822 0.0135799 0.761673 -0.943014 0.0296287 0.999534 0.0073792 -0.22463 -0.761217 0.0273478 -0.647922 87.5643
-0.500891 0.00974579 0.865456 0.390338 0.0249974 0.999682 0.00321016 -0.227702 -0.86515 0.0232421 -0.500976 86.8119
-0.299521 0.0123406 0.954009 2.32901 0.0204893 0.999769 -0.00649972 -0.262599 -0.953869 0.0176002 -0.299705 86.1903
-0.1816 0.0106872 0.983316 3.84762 0.00707539 0.999929 -0.00956104 -0.282659 -0.983348 0.00522106 -0.181663 85.9672
-0.11084 0.0209378 0.993619 5.40459 0.00823826 0.999763 -0.0201483 -0.334537 -0.993805 0.00595246 -0.110987 85.8173
-0.0755927 0.0263969 0.996789 7.04161 0.0120514 0.999601 -0.0255574 -0.370106 -0.997066 0.0100808 -0.0758806 85.6927
-0.0630595 0.0190243 0.997829 8.76978 0.011718 0.999763 -0.0183206 -0.420646 -0.997941 0.0105372 -0.0632676 85.5901
-0.061422 0.0217624 0.997875 10.6243 0.0205806 0.999577 -0.0205327 -0.46941 -0.9979 0.0192757 -0.0618439 85.4687
-0.061422 0.0217624 0.997875 11.9353 0.0205806 0.999577 -0.0205327 -0.501789 -0.9979 0.0192757 -0.0618439 85.3855
-0.0589751 0.0216221 0.998026 14.013 0.0309489 0.999324 -0.0198215 -0.553074 -0.997781 0.0297189 -0.0596044 85.2446
-0.0457323 0.0220015 0.998712 16.2418 0.0413173 0.998944 -0.0201146 -0.60486 -0.998099 0.0403442 -0.046593 85.1147
