1 1.62366e-16 1.5484e-15 4.13282e-16 -1.62366e-16 1 -1.39929e-16 2.21444e-17 -1.5484e-15 1.39929e-16 1 -2.59262e-15
1 0.000121833 0.000650255 -0.0149857 -0.000121781 1 -8.06088e-05 0.000666144 -0.000650265 8.05296e-05 1 0.721768
0.999969 0.0010454 -0.0078442 -0.0309354 -0.00105796 0.999998 -0.00159724 -0.0059135 0.00784252 0.00160549 0.999968 2.21997
0.999849 0.00396599 -0.0169123 -0.0683861 -0.00397895 0.999992 -0.000732856 -0.0129724 0.0169093 0.000800038 0.999857 3.76946
0.999604 0.00452905 -0.0277591 -0.145001 -0.00442092 0.999982 0.00395537 -0.0252319 0.0277765 -0.00383108 0.999607 6.18743
0.999584 0.00465772 -0.0284565 -0.236702 -0.00455042 0.999982 0.00383408 -0.0303691 0.0284739 -0.003703 0.999588 8.6758
0.999551 0.00478975 -0.0295732 -0.324625 -0.00468225 0.999982 0.00370327 -0.0439274 0.0295904 -0.00356314 0.999556 11.2561
0.999504 0.00492533 -0.0311202 -0.420541 -0.00481672 0.999982 0.00356411 -0.0590262 0.0311372 -0.00341245 0.999509 13.919
0.999497 0.00484553 -0.0313315 -0.529218 -0.00469992 0.999978 0.00471934 -0.0682055 0.0313537 -0.00456971 0.999498 16.6343
0.999495 0.00475371 -0.0314056 -0.588591 -0.00458251 0.999974 0.00552092 -0.0773666 0.031431 -0.00537422 0.999491 18.4762
0.999497 0.00464994 -0.0313572 -0.654079 -0.00446427 0.999972 0.00598853 -0.0786614 0.0313842 -0.00584553 0.99949 20.3377
0.999506 0.00452774 -0.0310956 -0.746192 -0.00434557 0.999973 0.00592354 -0.0875997 0.0311216 -0.00578548 0.999499 23.1616
0.999523 0.00438657 -0.030586 -0.82993 -0.00422689 0.999977 0.0052832 -0.108324 0.0306085 -0.00515139 0.999518 26.0167
0.99953 -0.00142447 -0.0306371 -0.890851 0.00180053 0.999923 0.0122505 -0.104177 0.0306173 -0.0122999 0.999455 27.9806
0.999535 -0.011361 -0.0282812 -0.938271 0.0115604 0.999909 0.00689559 -0.106542 0.0282003 -0.00721933 0.999576 29.9363
0.999598 -0.0113371 -0.0259988 -1.0441 0.0115058 0.999914 0.00634732 -0.120721 0.0259245 -0.0066439 0.999642 32.8895
0.999607 -0.011276 -0.025647 -1.08923 0.0114394 0.999915 0.00623271 -0.135391 0.0255745 -0.00652365 0.999652 34.8332
0.999561 -0.00349213 -0.0294281 -1.17933 0.00392785 0.999883 0.0147616 -0.152954 0.0293731 -0.0148707 0.999458 37.7424
0.999388 -0.00330267 -0.0348131 -1.27986 0.0038574 0.999866 0.0158794 -0.141301 0.034756 -0.016004 0.999268 40.727
0.999381 -0.00318819 -0.0350471 -1.3578 0.00375798 0.999862 0.0162039 -0.141152 0.0349906 -0.0163255 0.999254 42.6993
0.999376 -0.00307243 -0.0351851 -1.48699 0.00365796 0.999856 0.0165891 -0.136424 0.0351291 -0.0167074 0.999243 45.6404
0.999374 -0.00295718 -0.0352534 -1.60828 0.00355744 0.99985 0.0169764 -0.114555 0.0351978 -0.0170912 0.999234 48.5617
0.999372 -0.00283951 -0.0353277 -1.70628 0.0034571 0.999842 0.0174328 -0.110733 0.0352726 -0.017544 0.999224 51.4246
0.99912 -0.00906495 -0.040945 -1.8064 0.0102172 0.999555 0.0280203 -0.0850146 0.0406728 -0.028414 0.998768 54.2754
0.998998 -0.00436032 -0.0445455 -1.93776 0.00518429 0.999817 0.0183986 -0.0479389 0.0444572 -0.0186111 0.998838 57.0576
0.998947 0.00439404 -0.0456576 -2.09524 -0.00362512 0.99985 0.0169101 -0.0403825 0.0457251 -0.0167268 0.998814 59.779
0.999126 0.00421793 -0.0415799 -2.23252 -0.00355252 0.999865 0.0160641 -0.035608 0.0416421 -0.0159023 0.999006 62.4003
0.999248 0.00389293 -0.0385831 -2.35492 -0.00337887 0.999905 0.0133797 -0.0378662 0.0386315 -0.0132393 0.999166 64.9104
0.998956 0.0136331 -0.0435933 -2.50187 -0.0129217 0.999779 0.0165593 -0.037608 0.0438094 -0.0159788 0.998912 68.0431
0.998722 0.0137296 -0.0486427 -2.60909 -0.0136191 0.999904 0.00260277 -0.0507942 0.0486738 -0.00193698 0.998813 70.1877
0.998541 0.0136792 -0.0522327 -2.71098 -0.0135131 0.999902 0.00353109 -0.0871685 0.0522759 -0.00282011 0.998629 72.1499
0.998755 0.00945867 -0.0489839 -2.82526 -0.00955963 0.999953 -0.00182716 -0.123425 0.0489643 0.00229315 0.998798 74.5532
0.999797 0.00267574 -0.0199768 -2.87835 -0.00249654 0.999956 0.00898966 -0.154403 0.02 -0.00893796 0.99976 76.7086
0.997977 0.0074013 0.0631496 -2.79455 -0.0081156 0.999906 0.0110622 -0.166738 -0.0630617 -0.0115524 0.997943 78.6715
0.97854 0.0055321 0.205983 -2.44843 -0.00880912 0.999849 0.0149955 -0.176832 -0.205869 -0.0164882 0.978441 80.4538
0.886128 0.00936104 0.463347 -1.57215 -0.0137432 0.999887 0.00608237 -0.192343 -0.463238 -0.0117576 0.886156 82.3205
0.641061 0.00533018 0.767472 0.0892324 -0.0117612 0.999927 0.00287937 -0.21542 -0.7674 -0.0108722 0.641077 83.8958
0.354996 0.00654583 0.934845 2.15203 -0.00368724 0.999978 -0.00560171 -0.249579 -0.934861 -0.00145841 0.355012 84.7301
0.211261 0.00699626 0.977404 3.64383 0.00132329 0.999971 -0.00744382 -0.276355 -0.977428 0.00286598 0.211245 85.0261
0.110979 0.0208988 0.993604 5.23909 0.0110586 0.999691 -0.0222621 -0.317304 -0.993762 0.0134585 0.110714 85.1755
0.0568781 0.0242049 0.998088 6.5618 0.00860143 0.999657 -0.0247332 -0.346058 -0.998344 0.00999176 0.0566504 85.2491
0.0171327 0.0183003 0.999686 8.01544 0.0144615 0.999723 -0.0185489 -0.39221 -0.999749 0.0147748 0.0168633 85.26
-0.00630978 0.0203132 0.999773 9.60697 0.0214648 0.999566 -0.0201735 -0.431426 -0.999749 0.0213327 -0.00674306 85.2376
-0.0213578 0.0224116 0.999521 11.3457 0.0257718 0.999429 -0.0218589 -0.475909 -0.99944 0.0252926 -0.0219232 85.1876
-0.0200316 0.0226134 0.999544 12.6034 0.0257902 0.999423 -0.0220938 -0.507214 -0.999467 0.0253359 -0.0206032 85.146
-0.0199599 0.0217115 0.999564 14.6252 0.035823 0.999138 -0.0209868 -0.560734 -0.999158 0.0353885 -0.0207204 85.0881
-0.00633945 0.0214816 0.99975 16.7943 0.0409301 0.998937 -0.0212046 -0.615173 -0.999143 0.0407854 -0.00721195 85.0506
0.0134677 0.0153718 0.999791 19.9096 0.0377675 0.999161 -0.0158709 -0.69492 -0.999196 0.0379734 0.0128759 85.0882
0.0227497 0.0250837 0.999427 22.3296 0.0269106 0.999308 -0.0256933 -0.769006 -0.999379 0.0274797 0.0220589 85.1579
0.0203656 0.0244408 0.999494 24.7944 0.0265922 0.999334 -0.0249788 -0.851403 -0.999439 0.0270874 0.0197021 85.2472
0.0146339 0.0233043 0.999622 27.2729 0.0263981 0.999371 -0.023685 -0.949615 -0.999545 0.0267347 0.0140095 85.3086
0.0035448 0.0222503 0.999746 30.5485 0.0144332 0.999647 -0.0222992 -1.06809 -0.99989 0.0145086 0.0032224 85.371
-0.0147753 0.0176256 0.999736 32.9863 0.0105241 0.999792 -0.0174711 -1.14574 -0.999836 0.0102632 -0.0149577 85.3534
-0.0408163 0.0188045 0.998989 35.4026 0.0119904 0.99976 -0.0183291 -1.21632 -0.999094 0.0112301 -0.041032 85.2709
-0.0581369 0.0183667 0.998139 36.9975 0.0118021 0.999774 -0.0177094 -1.26953 -0.998239 0.0107506 -0.0583405 85.1721
-0.07991 0.0188453 0.996624 38.5521 0.0120144 0.999767 -0.0179414 -1.31818 -0.99673 0.0105402 -0.0801178 85.0491
-0.110104 0.0214204 0.99369 40.8342 0.0134357 0.999708 -0.0200615 -1.39387 -0.99383 0.0111421 -0.110359 84.8088
-0.137852 0.0213862 0.990222 43.0826 0.0159075 0.999686 -0.0193761 -1.46625 -0.990325 0.0130809 -0.138149 84.5177
-0.154486 0.0173619 0.987842 45.2238 0.0237305 0.999622 -0.0138578 -1.53445 -0.98771 0.0213012 -0.154839 84.1798
-0.154553 0.0170324 0.987839 46.5948 0.0235941 0.99963 -0.0135443 -1.57715 -0.987704 0.0212139 -0.154898 83.9621
-0.154612 0.0167085 0.987834 47.8938 0.0234577 0.999637 -0.0132367 -1.61436 -0.987697 0.0211257 -0.154947 83.7485
-0.138451 0.0189491 0.990187 49.7128 0.0240475 0.999586 -0.0157665 -1.68235 -0.990077 0.0216286 -0.13885 83.487
-0.075748 0.0223085 0.996878 51.8969 0.0190997 0.999599 -0.0209181 -1.76668 -0.996944 0.0174556 -0.0761437 83.3118
0.0485582 0.0236777 0.99854 53.934 0.0117802 0.999636 -0.0242765 -1.84585 -0.998751 0.0129418 0.0482616 83.3791
0.239033 0.00998257 0.970961 55.8696 -0.000250528 0.999948 -0.0102189 -1.91656 -0.971012 0.00219941 0.239023 83.7906
0.414796 0.0138783 0.909808 57.2691 0.00340721 0.999853 -0.0168052 -1.9481 -0.909907 0.0100706 0.414688 84.3743
0.534979 0.0205573 0.844615 58.072 0.0019102 0.999672 -0.0255412 -1.98045 -0.844863 0.0152774 0.534764 84.9123
0.64764 0.0247671 0.761545 58.7637 -0.00310941 0.999549 -0.0298633 -2.00025 -0.761941 0.0169727 0.647425 85.5444
0.745195 0.0197793 0.666553 59.3592 -0.00502928 0.999698 -0.0240424 -2.02369 -0.666827 0.014564 0.74507 86.2708
0.860123 0.00820209 0.510021 60.0413 -0.00745189 0.999966 -0.00351412 -2.05041 -0.510033 -0.000778048 0.860155 87.5022
0.94955 0.0222417 0.312825 60.7351 -0.0257292 0.999644 0.00702438 -2.07847 -0.312557 -0.0147187 0.949785 89.7072
0.968721 0.0368496 0.245401 61.4456 -0.0388377 0.99924 0.00326522 -2.08423 -0.245094 -0.0126939 0.969416 92.6592
0.966339 0.0361984 0.254714 62.0127 -0.0337371 0.999332 -0.0140263 -2.10292 -0.255051 0.00496082 0.966915 94.7952
0.961408 0.0351683 0.272871 62.6596 -0.0367596 0.999324 0.000719697 -2.13442 -0.272662 -0.0107226 0.96205 97.1605
0.959873 0.0234224 0.279454 63.4002 -0.0233746 0.999721 -0.0035037 -2.15486 -0.279458 -0.00316902 0.960153 99.6722
0.961419 0.0270748 0.273751 63.9598 -0.02537 0.99963 -0.00976657 -2.1693 -0.273914 0.0024447 0.961751 101.675
0.963001 0.0258914 0.268251 64.5472 -0.0278062 0.999608 0.00334082 -2.19855 -0.268059 -0.0106762 0.963343 103.818
0.965462 0.0318118 0.258595 65.1275 -0.0302931 0.999492 -0.00985621 -2.21229 -0.258777 0.00168216 0.965936 106.036
0.968438 0.0204928 0.248411 65.9206 -0.0209316 0.999781 -0.000874899 -2.25287 -0.248374 -0.00435235 0.968654 109.141
0.968448 0.0202486 0.248391 66.5316 -0.0206874 0.999786 -0.000843594 -2.27118 -0.248355 -0.0043216 0.968659 111.535
0.965175 0.0434934 0.257966 67.5567 -0.0440034 0.999024 -0.00379891 -2.33176 -0.257879 -0.00768477 0.966147 115.651
0.964807 0.0292207 0.26133 68.2381 -0.028436 0.999573 -0.00678461 -2.36968 -0.261417 -0.00088533 0.965226 118.127
0.963024 0.0363433 0.266954 69.1151 -0.0394248 0.999203 0.00619093 -2.42893 -0.266516 -0.0164866 0.963689 121.45
0.963486 0.0268731 0.266405 70.0296 -0.0238946 0.999611 -0.0144161 -2.49044 -0.266689 0.00752412 0.963753 124.697
0.964476 0.0195203 0.263447 70.6876 -0.0244963 0.999578 0.0156159 -2.51929 -0.263031 -0.0215147 0.964548 127.137
0.966406 0.0246914 0.255832 71.5174 -0.0236565 0.999695 -0.00712242 -2.56845 -0.25593 0.000831071 0.966695 130.316
0.969106 0.0298907 0.244825 72.1033 -0.0283098 0.999549 -0.00997454 -2.62145 -0.245013 0.00273544 0.969516 132.715
0.970191 0.0352576 0.239765 72.6656 -0.0354999 0.999364 -0.00330956 -2.67441 -0.239729 -0.00530073 0.970825 135.088
0.970204 0.0350417 0.239742 73.0437 -0.0352571 0.999373 -0.00339138 -2.70705 -0.23971 -0.00516228 0.970831 136.657
0.973109 0.0277592 0.228668 73.4193 -0.0265236 0.999612 -0.0084755 -2.72778 -0.228815 0.00218248 0.973467 138.215
0.976133 0.0227266 0.215982 73.7735 -0.0242845 0.999695 0.00456171 -2.73977 -0.215812 -0.00969783 0.976387 139.785
0.978498 0.0289126 0.204218 74.2408 -0.0320182 0.999416 0.0119188 -2.75235 -0.203755 -0.0182012 0.978853 142.161
0.983671 0.0327588 0.17697 74.7965 -0.0335144 0.999437 0.00128158 -2.77876 -0.176829 -0.00719172 0.984215 145.306
0.988947 0.0399658 0.142783 75.2577 -0.0395335 0.999201 -0.00586481 -2.8129 -0.142903 0.000155276 0.989737 148.529
0.992529 0.0446282 0.113552 75.6301 -0.0463014 0.998854 0.0121392 -2.83457 -0.11288 -0.0173061 0.993458 151.802
0.9934 0.0551335 0.100581 75.8597 -0.0552172 0.998472 -0.00195314 -2.84869 -0.100535 -0.00361354 0.994927 154.238
0.993985 0.0587904 0.0924025 76.0672 -0.0601228 0.998122 0.0117004 -2.86267 -0.0915411 -0.0171855 0.995653 156.736
0.996609 0.0417266 0.0709132 76.3368 -0.0419123 0.999121 0.00113161 -2.87071 -0.0708036 -0.00409991 0.997482 160.003
0.998634 0.0286057 0.0437156 76.498 -0.0293425 0.999436 0.0163066 -2.8748 -0.0432245 -0.0175671 0.998911 163.319
0.999927 0.00595433 0.0105144 76.6173 -0.00597885 0.999979 0.00230205 -2.89356 -0.0105005 -0.00236474 0.999942 167.502
0.999745 0.021995 -0.00520388 76.5689 -0.0219462 0.999716 0.00925158 -2.88945 0.00540589 -0.00913502 0.999944 170.865
0.999749 0.0217936 -0.0051988 76.5221 -0.0217465 0.999723 0.00894904 -2.90711 0.00539239 -0.00883374 0.999946 174.247
0.999878 0.0105796 -0.0114513 76.4998 -0.0106639 0.999916 -0.00732387 -2.92392 0.0113729 0.0074451 0.999908 177.616
0.999819 0.0082935 -0.0171033 76.442 -0.00817722 0.999943 0.00685764 -2.9702 0.0171592 -0.00671655 0.99983 181.026
0.99969 0.017042 -0.0181585 76.3572 -0.0170541 0.999854 -0.000516777 -3.00947 0.0181471 0.000826295 0.999835 184.399
0.999443 0.0272991 -0.0191785 76.2783 -0.0272096 0.999618 0.00491467 -3.03972 0.0193054 -0.00439009 0.999804 186.893
0.999401 0.0278127 -0.0205958 76.2362 -0.0279128 0.9996 -0.00458917 -3.05924 0.0204599 0.0051613 0.999777 188.523
0.999297 0.0288792 -0.0239243 76.1904 -0.028775 0.999575 0.00468825 -3.07082 0.0240495 -0.00399653 0.999703 190.138
0.999303 0.0286758 -0.0238895 76.1098 -0.028581 0.999582 0.00429951 -3.09825 0.0240028 -0.00361373 0.999705 193.23
0.999561 0.0213041 -0.0205943 76.0704 -0.0215142 0.999718 -0.0100355 -3.14023 0.0203747 0.0104742 0.999738 195.305
0.999523 0.030798 0.00220718 76.0172 -0.0308119 0.999504 0.00653901 -3.18789 -0.00200469 -0.0066039 0.999976 198.022
0.998773 0.0334183 0.0365414 76.09 -0.0328148 0.999317 -0.0169925 -3.23978 -0.0370843 0.0157726 0.999188 201.247
0.998069 0.0204875 0.0586332 76.2823 -0.020376 0.999789 -0.00249862 -3.30915 -0.0586721 0.00129908 0.998276 204.478
0.997749 0.0356889 0.0567793 76.4383 -0.0351962 0.999334 -0.00965433 -3.3542 -0.057086 0.00763418 0.99834 207.733
0.99839 0.0360637 0.04379 76.5496 -0.0358724 0.999343 -0.00514676 -3.39811 -0.0439468 0.00356762 0.999028 210.38
0.999194 0.0265758 0.0300724 76.6369 -0.0268943 0.999586 0.0102377 -3.4178 -0.0297879 -0.0110382 0.999495 213.092
0.999806 -0.00130829 0.0196495 76.7431 0.00114503 0.999965 0.00831768 -3.43865 -0.0196597 -0.00829357 0.999772 216.584
0.9997 -0.0189461 0.0155545 76.8255 0.0189138 0.999819 0.00221757 -3.45574 -0.0155937 -0.00192271 0.999877 219.348
0.999695 -0.0191466 0.0156247 76.8527 0.0191221 0.999816 0.00171431 -3.47951 -0.0156546 -0.001415 0.999876 221.434
0.999609 -0.0230435 0.0158394 76.8758 0.0232917 0.999606 -0.0156631 -3.50416 -0.0154722 0.0160259 0.999752 222.788
0.999603 -0.0232426 0.0159176 76.896 0.0235 0.999593 -0.0161807 -3.55104 -0.015535 0.0165484 0.999742 224.792
0.999577 -0.0252901 0.0143621 76.9357 0.0253029 0.99968 -0.000711228 -3.60532 -0.0143395 0.00107433 0.999897 226.653
0.998758 -0.0422022 -0.0264675 76.9117 0.0419705 0.999076 -0.00924911 -3.66152 0.0268334 0.00812677 0.999607 229.454
0.987213 -0.0470654 -0.152302 76.5947 0.0462377 0.99889 -0.00897368 -3.73152 0.152555 0.00181685 0.988293 231.917
0.931312 -0.0216988 -0.363575 75.8199 0.0131306 0.999575 -0.0260218 -3.79472 0.363985 0.0194605 0.931202 234.034
0.755163 0.0385243 -0.654404 74.2403 -0.0472593 0.998874 0.0042671 -3.84992 0.653832 0.0277044 0.756133 236.03
0.590026 0.0655415 -0.804719 72.8564 -0.0597923 0.99751 0.0374035 -3.82987 0.805167 0.026047 0.592476 236.983
0.339048 0.0412863 -0.939863 70.9414 -0.0372054 0.998843 0.0304556 -3.73729 0.940034 0.0246421 0.340192 237.746
0.201863 0.0429262 -0.978473 69.594 -0.0341931 0.998739 0.0367611 -3.69653 0.978817 0.0260363 0.203076 237.989
0.0971655 0.0393608 -0.994489 68.1218 -0.0332295 0.998789 0.0362843 -3.65245 0.994713 0.0295208 0.0983558 238.102
0.0323217 0.0358217 -0.998835 66.5604 -0.0368227 0.998722 0.034626 -3.60363 0.998799 0.0356607 0.0335994 238.112
-0.00279041 0.0320158 -0.999484 64.2582 -0.0421962 0.998593 0.0321051 -3.53098 0.999106 0.0422639 -0.00143555 238.092
-0.00288214 0.0330121 -0.99945 61.6532 -0.0417578 0.998579 0.0331038 -3.45844 0.999123 0.0418303 -0.00149953 238.069
-0.00296987 0.0339734 -0.999418 59.5116 -0.0413196 0.998565 0.0340672 -3.39399 0.999141 0.0413968 -0.00156184 238.067
-0.0030506 0.0348959 -0.999387 57.1614 -0.0408815 0.998551 0.0349915 -3.31782 0.99916 0.0409631 -0.00161958 238.057
-0.00312136 0.0357767 -0.999356 54.6234 -0.0404435 0.998538 0.0358737 -3.23498 0.999178 0.0405293 -0.00166986 238.052
0.000133883 0.0479312 -0.998851 51.972 -0.0356992 0.998214 0.0478959 -3.14595 0.999363 0.0356518 0.00184475 238.04
8.20364e-05 0.0487246 -0.998813 49.3138 -0.035264 0.998191 0.0486914 -3.05682 0.999378 0.0352181 0.00180011 238.032
-0.00776017 0.0594907 -0.9982 46.6556 -0.02796 0.997826 0.0596858 -2.95169 0.99958 0.0283728 -0.00607994 238.024
-0.0160215 0.0621776 -0.997936 44.0042 -0.022778 0.997783 0.0625338 -2.81997 0.999612 0.0237329 -0.0145697 237.986
-0.0160394 0.0628399 -0.997895 41.3878 -0.0223309 0.997752 0.0631898 -2.69416 0.999622 0.0232974 -0.0146001 237.906
-0.0191645 0.055986 -0.998247 38.7771 -0.0328759 0.997856 0.0565952 -2.57281 0.999275 0.0339029 -0.0172828 237.844
-0.0191767 0.0565766 -0.998213 37.0574 -0.0324269 0.997837 0.0571782 -2.49596 0.999289 0.0334656 -0.0173006 237.808
-0.0191848 0.0571394 -0.998183 35.3598 -0.0319783 0.99782 0.0577332 -2.4246 0.999305 0.0330277 -0.0173157 237.778
-0.0153422 0.0608806 -0.998028 33.677 -0.0234741 0.997848 0.0612305 -2.35523 0.999607 0.0243672 -0.01388 237.753
-0.0153334 0.061388 -0.997996 32.0147 -0.023028 0.997827 0.0617314 -2.27986 0.999617 0.0239285 -0.0138865 237.737
-0.0153206 0.061868 -0.997966 30.3554 -0.022582 0.997808 0.0622048 -2.20215 0.999627 0.0234892 -0.01389 237.714
-0.0172644 0.0727728 -0.997199 27.8801 -0.0238516 0.997034 0.0731737 -2.0781 0.999566 0.0250481 -0.0154774 237.656
-0.0306173 0.0630749 -0.997539 24.6295 -0.026547 0.997604 0.0638938 -1.88471 0.999178 0.0284379 -0.0288695 237.558
-0.0446271 0.0649262 -0.996892 22.2407 -0.0308832 0.997319 0.0663366 -1.7629 0.998526 0.0337476 -0.0425024 237.441
-0.0535776 0.0691773 -0.996165 20.6575 -0.0375381 0.996753 0.0712371 -1.67806 0.997858 0.0412108 -0.0508068 237.345
-0.0605078 0.0669403 -0.995921 18.3526 -0.0503202 0.996276 0.0700214 -1.5477 0.996899 0.0543517 -0.056914 237.176
-0.0604564 0.0671861 -0.995907 16.1369 -0.0498586 0.996283 0.0702382 -1.42704 0.996925 0.0539009 -0.0568819 237.026
-0.0560109 0.0697643 -0.99599 13.3518 -0.0568335 0.995716 0.0729412 -1.27881 0.996811 0.0606911 -0.051806 236.85
-0.0469873 0.068365 -0.996552 11.4437 -0.0588583 0.995732 0.0710839 -1.17802 0.997159 0.0619955 -0.042763 236.739
-0.0469173 0.0685146 -0.996547 10.239 -0.0583999 0.99575 0.0712093 -1.11268 0.99719 0.0615391 -0.0427167 236.689
-0.0468433 0.0686451 -0.996541 9.08729 -0.0579417 0.995769 0.0713156 -1.04658 0.997221 0.0610819 -0.0426677 236.643
-0.0467652 0.068758 -0.996537 8.01155 -0.0574839 0.99579 0.071404 -0.99156 0.997251 0.060624 -0.0426158 236.607
-0.0378467 0.0699016 -0.996836 7.00704 -0.0558009 0.995846 0.0719507 -0.936723 0.997725 0.0583474 -0.0337889 236.576
-0.013505 0.0753506 -0.997066 4.77679 -0.0539426 0.99565 0.0759742 -0.814875 0.998454 0.0548103 -0.00938165 236.532
0.0297959 0.0729402 -0.996891 2.12321 -0.0484625 0.996266 0.071446 -0.664287 0.998381 0.046183 0.0332195 236.613
0.104449 0.0382871 -0.993793 -0.491077 -0.0465002 0.998354 0.0335756 -0.551337 0.993443 0.0427046 0.106058 236.816
0.313234 0.0490471 -0.948408 -2.50491 -0.0402377 0.998454 0.0383458 -0.509732 0.948823 0.0261506 0.314724 237.424
0.579111 0.0665456 -0.812528 -4.16524 -0.0528832 0.99763 0.044014 -0.467773 0.813532 0.0174801 0.581258 238.522
0.761425 0.0551134 -0.645906 -5.14513 -0.0571541 0.998207 0.0177983 -0.441019 0.645729 0.0233641 0.763209 239.707
0.900726 0.0474073 -0.431793 -5.89809 -0.0490243 0.99877 0.00739117 -0.438292 0.431613 0.014511 0.901942 241.306
0.959337 0.0406226 -0.279325 -6.2707 -0.0440347 0.999012 -0.00594895 -0.450794 0.278807 0.018007 0.960178 242.735
0.987171 0.039805 -0.154627 -6.49366 -0.042086 0.999048 -0.0115051 -0.480757 0.154022 0.0178652 0.987906 244.371
0.996662 0.033442 -0.0744711 -6.62339 -0.0344776 0.999325 -0.0126638 -0.514211 0.0739973 0.0151891 0.997143 246.168
0.99914 0.0309815 -0.0275725 -6.71134 -0.0314139 0.999388 -0.0153905 -0.564369 0.0270788 0.0162434 0.999501 248.805
0.999481 0.028836 -0.014334 -6.74106 -0.0290815 0.999429 -0.0172221 -0.612485 0.0138292 0.01763 0.999749 250.933
0.999485 0.0287019 -0.014349 -6.76404 -0.0289449 0.999436 -0.017027 -0.643213 0.0138522 0.0174335 0.999752 252.454
0.999488 0.0285674 -0.0143842 -6.8087 -0.0288088 0.999443 -0.0168696 -0.69924 0.0138943 0.0172754 0.999754 254.796
0.99942 0.0290121 -0.0178263 -6.84612 -0.0294755 0.999219 -0.0263099 -0.740793 0.0170491 0.0268201 0.999495 256.434
0.999423 0.0288753 -0.0178965 -6.91787 -0.0293392 0.999226 -0.0262207 -0.799857 0.0171255 0.0267306 0.999496 258.998
0.999602 0.0220631 -0.0175711 -6.97369 -0.0222979 0.999663 -0.013284 -0.881626 0.0172721 0.0136705 0.999757 261.678
0.999599 0.017222 -0.022469 -7.02973 -0.0179404 0.999321 -0.0321742 -0.951683 0.0218996 0.0325644 0.99923 264.449
0.999598 0.0170818 -0.0226105 -7.10139 -0.0178059 0.999322 -0.03222 -1.06496 0.0220448 0.0326097 0.999225 267.35
0.999653 0.015602 -0.0212448 -7.1789 -0.0160934 0.999602 -0.0231607 -1.174 0.020875 0.0234945 0.999506 270.337
0.999651 0.0154616 -0.0214308 -7.22811 -0.0159601 0.999601 -0.0232868 -1.23947 0.0210622 0.0236207 0.999499 272.359
0.999649 0.0153208 -0.0216343 -7.25932 -0.0158275 0.9996 -0.0234462 -1.29847 0.0212665 0.0237804 0.999491 274.414
0.999646 0.0151792 -0.021856 -7.31895 -0.0156953 0.999597 -0.0236391 -1.36279 0.0214883 0.0239737 0.999482 276.492
0.999593 0.0110122 -0.026308 -7.3663 -0.0118305 0.999445 -0.0311559 -1.44332 0.0259503 0.0314545 0.999168 278.58
0.999588 0.0108672 -0.0265646 -7.44314 -0.0117005 0.999438 -0.0314167 -1.53312 0.0262082 0.0317145 0.999153 280.678
0.999582 0.0107213 -0.0268391 -7.51053 -0.0115711 0.99943 -0.0317112 -1.61844 0.0264838 0.0320085 0.999137 282.785
0.999464 0.0142836 -0.0294501 -7.59382 -0.0149852 0.999606 -0.0237426 -1.69897 0.0290994 0.0241712 0.999284 284.888
0.999457 0.0141378 -0.0297619 -7.66879 -0.0148576 0.999599 -0.0241051 -1.77648 0.0294092 0.0245342 0.999266 286.993
0.999449 0.0139912 -0.0300913 -7.73081 -0.0147308 0.999591 -0.024501 -1.86563 0.0297362 0.0249308 0.999247 289.055
0.999441 0.0138432 -0.0304472 -7.83666 -0.0146051 0.999582 -0.0249465 -1.98497 0.0300891 0.0253773 0.999225 292.133
0.999431 0.0136934 -0.0308293 -7.94986 -0.0144801 0.999571 -0.0254415 -2.09079 0.0304677 0.0258734 0.999201 295.205
0.999251 0.0180645 -0.0342117 -8.02944 -0.0186289 0.999694 -0.0162504 -2.16347 0.0339077 0.0168755 0.999282 297.269
0.999144 0.0182905 -0.0371094 -8.11757 -0.0189051 0.999689 -0.0162791 -2.23114 0.0368001 0.0169668 0.999179 299.309
0.999028 0.0236603 -0.0371793 -8.22257 -0.0245822 0.999397 -0.0245401 -2.28202 0.0365762 0.0254302 0.999007 301.34
0.99909 0.0237791 -0.0353999 -8.35586 -0.0246918 0.999368 -0.0255719 -2.39678 0.0347694 0.0264227 0.999046 304.37
0.999213 0.0238711 -0.0316928 -8.44148 -0.0247304 0.999329 -0.0270044 -2.46467 0.0310269 0.0277669 0.999133 306.406
0.999375 0.0239341 -0.0260238 -8.52009 -0.0246839 0.999278 -0.0288798 -2.54271 0.0253138 0.0295041 0.999244 308.472
0.999641 0.0235838 -0.0126979 -8.56708 -0.0239968 0.999153 -0.0334187 -2.62324 0.011899 0.0337114 0.999361 310.491
0.999702 0.0233718 -0.00708572 -8.59558 -0.0236077 0.999099 -0.0352707 -2.71062 0.006255 0.0354274 0.999353 312.527
0.999685 0.0232899 -0.00936243 -8.61049 -0.0235975 0.999136 -0.034218 -2.81138 0.0085574 0.0344281 0.999371 314.596
0.999536 0.0233487 -0.0195666 -8.63225 -0.0239354 0.999254 -0.0303061 -2.90784 0.0188444 0.0307604 0.999349 316.686
0.999003 0.023594 -0.0378998 -8.6703 -0.0245021 0.999419 -0.0236783 -2.98926 0.0373191 0.0245833 0.999001 318.796
0.998947 0.0230395 -0.039681 -8.77262 -0.0239875 0.999434 -0.0235824 -3.06507 0.0391153 0.0245094 0.998934 320.998
0.998972 0.0224384 -0.0393844 -8.87211 -0.0233952 0.999438 -0.0240033 -3.14273 0.0388237 0.0249 0.998936 323.181
0.999085 0.0217801 -0.0368139 -8.96147 -0.0227117 0.999427 -0.0250785 -3.22829 0.0362466 0.0258917 0.999007 325.355
0.999264 0.0210841 -0.0320477 -9.04765 -0.0219409 0.999405 -0.0266232 -3.30878 0.0314673 0.0273068 0.999132 327.516
0.999478 0.0203625 -0.0250777 -9.12234 -0.021077 0.99937 -0.0285632 -3.39008 0.0244803 0.0290769 0.999277 329.665
0.99952 0.0202292 -0.0234642 -9.17247 -0.0208324 0.999451 -0.0257519 -3.47612 0.0229304 0.0262283 0.999393 331.71
0.999548 0.020052 -0.0224002 -9.22388 -0.0206047 0.999482 -0.0247208 -3.55208 0.0218929 0.0251712 0.999443 333.743
0.999565 0.0198344 -0.0218363 -9.27447 -0.0203871 0.99947 -0.02539 -3.62524 0.0213211 0.0258242 0.999439 335.743
0.999592 0.0141158 -0.0248288 -9.3528 -0.014644 0.999668 -0.0212217 -3.74317 0.024521 0.0215767 0.999466 338.712
0.999583 0.0137732 -0.0253699 -9.43792 -0.0144483 0.999541 -0.0266235 -3.85495 0.0249915 0.0269789 0.999324 341.591
0.999537 0.0135326 -0.0272387 -9.52082 -0.0141812 0.999617 -0.0237583 -3.9687 0.0269068 0.0241336 0.999347 344.413
0.999491 0.0132615 -0.0290314 -9.62428 -0.0138962 0.999666 -0.0217727 -4.07644 0.028733 0.022165 0.999341 347.15
0.999445 0.0129644 -0.0306743 -9.70633 -0.0136005 0.999695 -0.0206207 -4.17497 0.0303976 0.0210265 0.999317 349.746
0.999404 0.0126451 -0.0321141 -9.7706 -0.0132996 0.999706 -0.0202506 -4.26642 0.0318486 0.0206656 0.999279 352.179
0.999365 0.0123113 -0.0334264 -9.81181 -0.0129966 0.999708 -0.0203617 -4.32262 0.0331659 0.0207832 0.999234 353.687
0.99927 0.0131258 -0.0358803 -9.86402 -0.0139386 0.99965 -0.0224981 -4.41284 0.0355724 0.0229818 0.999103 355.745
0.999197 0.0139505 -0.0375707 -9.93699 -0.014853 0.999605 -0.0238506 -4.49199 0.0372232 0.0243894 0.999009 357.64
0.999154 0.0148001 -0.0383604 -10.0405 -0.015739 0.999581 -0.0242901 -4.58086 0.0379849 0.0248734 0.998969 359.858
0.99661 0.0174778 -0.0803873 -10.1869 -0.0199705 0.999341 -0.0303102 -4.66694 0.0798045 0.0318128 0.996303 361.743
0.984379 0.0260173 -0.174129 -10.5395 -0.0300164 0.999342 -0.0203722 -4.74091 0.173484 0.0252807 0.984512 363.472
0.943599 0.034503 -0.329287 -11.1255 -0.0385713 0.999239 -0.00582813 -4.77809 0.328835 0.0182005 0.944212 365.032
0.865729 0.0557125 -0.497403 -11.9415 -0.0509898 0.998432 0.0230835 -4.78317 0.497909 0.00537844 0.867213 366.379
0.728287 0.0711117 -0.681572 -13.0605 -0.0458509 0.997429 0.055073 -4.73504 0.683736 -0.00885827 0.729675 367.617
0.466617 0.0622089 -0.882269 -15.043 -0.00907331 0.997808 0.0655568 -4.58211 0.884413 -0.0225848 0.466158 368.888
0.271374 0.0526018 -0.961035 -16.5289 0.0127318 0.998222 0.0582323 -4.47614 0.96239 -0.0280384 0.270221 369.327
0.0903812 0.0735412 -0.993187 -18.1795 0.00226404 0.997252 0.0740481 -4.36605 0.995904 -0.00894111 0.0899664 369.421
-0.0322689 0.07941 -0.996319 -19.9156 -0.011669 0.996741 0.0798215 -4.2286 0.999411 0.0142018 -0.0312371 369.342
-0.0798643 0.0731605 -0.994118 -21.7383 -0.0195041 0.996997 0.0749394 -4.09409 0.996615 0.0253743 -0.0781976 369.154
-0.0871409 0.0442926 -0.995211 -23.6314 -0.020607 0.998717 0.046253 -3.96914 0.995983 0.0245388 -0.0861164 368.962
-0.0836797 0.0553023 -0.994957 -25.6559 -0.0160211 0.998255 0.0568331 -3.88021 0.996364 0.020696 -0.0826476 368.795
-0.0775892 0.0524888 -0.995602 -27.7816 -0.0271857 0.99813 0.0547408 -3.77543 0.996614 0.0313135 -0.0760172 368.601
-0.0678784 0.0523152 -0.996322 -29.2687 -0.0326899 0.997971 0.054629 -3.70135 0.997159 0.0362778 -0.0660305 368.492
-0.0582827 0.0602204 -0.996482 -30.8206 -0.0373397 0.997349 0.0624567 -3.61904 0.997601 0.0408485 -0.0558796 368.392
-0.0569382 0.0621662 -0.99644 -32.4401 -0.0369214 0.997246 0.0643262 -3.53058 0.997695 0.0404526 -0.0544861 368.297
-0.0451704 0.0672697 -0.996713 -35.0056 -0.033183 0.997079 0.0687982 -3.36818 0.998429 0.0361814 -0.0428062 368.173
-0.0377274 0.0788745 -0.996171 -37.7259 -0.0298818 0.996345 0.0800201 -3.18392 0.998841 0.0327863 -0.0352326 368.066
-0.0336126 0.0705251 -0.996944 -40.5084 -0.0325837 0.9969 0.0716206 -2.99798 0.998904 0.0348914 -0.0312104 367.964
-0.0345792 0.0718075 -0.996819 -43.3234 -0.0323988 0.996811 0.0729308 -2.82507 0.998876 0.0348176 -0.0321424 367.866
-0.035723 0.0733141 -0.996669 -45.2192 -0.0322038 0.996703 0.0744709 -2.71233 0.998843 0.0347568 -0.0332442 367.788
-0.0364051 0.0726638 -0.996692 -47.0313 -0.0323574 0.996744 0.0738495 -2.59995 0.998813 0.0349388 -0.0339354 367.708
-0.0370449 0.072074 -0.99671 -48.8391 -0.0325142 0.996781 0.0732876 -2.48889 0.998784 0.0351222 -0.0345822 367.638
-0.0375745 0.071569 -0.996727 -50.6364 -0.0326785 0.996811 0.0728069 -2.38084 0.998759 0.0353073 -0.0351159 367.56
-0.0456036 0.0774273 -0.995955 -52.4412 -0.0336242 0.996308 0.0789944 -2.26062 0.998394 0.0370906 -0.0428318 367.466
-0.0528096 0.0773058 -0.995608 -54.2346 -0.0399807 0.996036 0.0794597 -2.14338 0.997804 0.0440014 -0.0495095 367.359
-0.0522246 0.0768204 -0.995676 -56.0058 -0.040225 0.996066 0.0789604 -2.02808 0.997825 0.0441747 -0.048929 367.247
-0.049709 0.0786842 -0.99566 -58.6962 -0.0400487 0.995933 0.0807053 -1.84605 0.997961 0.0438866 -0.0463556 367.094
-0.0479991 0.0793837 -0.995688 -61.3475 -0.0398087 0.995893 0.0813191 -1.66251 0.998054 0.0435403 -0.0446418 366.944
-0.0468508 0.0793035 -0.99575 -63.115 -0.0395261 0.995916 0.0811765 -1.53795 0.99812 0.0431612 -0.0435249 366.857
-0.0316858 0.0817688 -0.996147 -65.7717 -0.0409412 0.995705 0.0830348 -1.35119 0.998659 0.0434145 -0.028202 366.751
-0.0169228 0.0768356 -0.996901 -68.3977 -0.0403958 0.996176 0.0774655 -1.17092 0.999041 0.0415814 -0.0137542 366.693
-0.00514189 0.0720737 -0.997386 -70.9797 -0.041902 0.996508 0.0722262 -1.00259 0.999109 0.0421639 -0.0021039 366.688
0.00674195 0.076307 -0.997062 -73.5701 -0.0428907 0.996189 0.0759502 -0.847809 0.999057 0.0422526 0.00998911 366.692
0.0156761 0.0767622 -0.996926 -76.0867 -0.0368492 0.996416 0.0761435 -0.696964 0.999198 0.0355424 0.0184486 366.724
0.0158745 0.0791934 -0.996733 -78.4375 -0.0371565 0.996217 0.0785606 -0.562932 0.999183 0.035788 0.018757 366.769
0.0143017 0.0799853 -0.996693 -80.6102 -0.0295817 0.996393 0.0795367 -0.434448 0.99946 0.0283464 0.0166162 366.801
0.00115871 0.0871343 -0.996197 -82.5964 -0.0227216 0.995942 0.0870856 -0.309212 0.999742 0.0225342 0.00313383 366.803
-0.025043 0.0833164 -0.996208 -85.0269 -0.0186218 0.996309 0.0837929 -0.13742 0.999513 0.0206496 -0.0233991 366.764
-0.0576384 0.0743941 -0.995561 -87.9806 -0.0179972 0.99698 0.0755421 0.0668189 0.998174 0.0222715 -0.0561255 366.572
-0.0837664 0.0635255 -0.994458 -90.9546 -0.0195525 0.997669 0.0653775 0.257774 0.996293 0.0249206 -0.0823291 366.33
-0.0963005 0.0594117 -0.993579 -94.0597 -0.0280254 0.997659 0.062372 0.42655 0.994959 0.0338517 -0.09441 365.995
-0.0962754 0.0697557 -0.992908 -96.7104 -0.0304135 0.996869 0.0729829 0.587402 0.994891 0.0372242 -0.0938525 365.724
-0.0925069 0.0946875 -0.991199 -98.866 -0.0378321 0.994415 0.0985255 0.755398 0.994993 0.0466135 -0.088408 365.528
-0.0864779 0.0701895 -0.993778 -100.341 -0.0450738 0.996218 0.0742841 0.868276 0.995233 0.0512173 -0.0829872 365.388
-0.0817375 0.0766726 -0.9937 -101.886 -0.0455782 0.995706 0.0805765 1.00848 0.99561 0.0518772 -0.0778919 365.264
-0.0754141 0.0995897 -0.992166 -103.482 -0.0439423 0.993702 0.103084 1.13074 0.996183 0.0513721 -0.0705629 365.145
-0.0654566 0.061573 -0.995954 -105.925 -0.0475707 0.996767 0.0647497 1.33959 0.996721 0.0516165 -0.0623159 364.975
-0.055844 0.075735 -0.995564 -107.656 -0.0599122 0.995068 0.079058 1.45591 0.996641 0.0640613 -0.0510312 364.844
-0.041899 0.0698577 -0.996677 -109.435 -0.0663742 0.995154 0.0725412 1.57545 0.996915 0.069193 -0.0370593 364.751
-0.0251787 0.0480704 -0.998527 -111.256 -0.0571662 0.99714 0.0494451 1.68168 0.998047 0.0583269 -0.0223587 364.701
-0.00999107 0.0654316 -0.997807 -113.157 -0.0505153 0.99655 0.0658549 1.78679 0.998673 0.0510625 -0.0066513 364.692
0.00266357 0.0770682 -0.997021 -115.09 -0.0468204 0.995942 0.0768597 1.90687 0.998899 0.0464763 0.00626114 364.697
0.0108489 0.06844 -0.997596 -117.059 -0.0447091 0.99669 0.0678916 2.03843 0.998941 0.0438651 0.0138729 364.718
0.012163 0.0675934 -0.997639 -119.054 -0.044873 0.996744 0.0669857 2.16487 0.998919 0.0439523 0.0151565 364.747
0.012768 0.0672194 -0.997657 -121.065 -0.0449986 0.996766 0.0665835 2.28328 0.998906 0.044043 0.0157514 364.762
0.0126235 0.0672999 -0.997653 -123.077 -0.0450866 0.996756 0.0666689 2.39764 0.998904 0.0441391 0.0156169 364.772
0.00169855 0.0511857 -0.998689 -126.058 -0.0325127 0.998164 0.0511035 2.54275 0.999471 0.0323832 0.00335961 364.801
-0.00957313 0.0657846 -0.997789 -129.034 -0.0303938 0.997353 0.0660476 2.67813 0.999493 0.0309588 -0.00754835 364.784
-0.0215001 0.0605086 -0.997936 -130.957 -0.0381066 0.997392 0.0612966 2.78036 0.999042 0.0393458 -0.0191383 364.734
-0.0253616 0.0616435 -0.997776 -132.878 -0.0379119 0.99732 0.062579 2.87543 0.998959 0.0394147 -0.0229566 364.68
-0.0299246 0.0695892 -0.997128 -134.79 -0.0317387 0.997004 0.0705331 2.97873 0.999049 0.0337581 -0.0276263 364.62
-0.0344036 0.0796672 -0.996227 -136.691 -0.0290597 0.996317 0.0806779 3.09975 0.998985 0.0317257 -0.0319618 364.554
-0.0362344 0.0687234 -0.996977 -138.575 -0.033296 0.996996 0.0699348 3.21947 0.998788 0.0357295 -0.0338374 364.465
-0.028864 0.0663174 -0.997381 -139.505 -0.0337408 0.997163 0.0672794 3.27844 0.999013 0.0355945 -0.0265445 364.423
-0.0274528 0.0669676 -0.997377 -141.415 -0.0337909 0.997121 0.0678805 3.38913 0.999052 0.0355658 -0.0251109 364.359
-0.0267413 0.0675158 -0.99736 -143.318 -0.0338015 0.997085 0.0684035 3.49601 0.999071 0.0355414 -0.0243812 364.301
-0.0267173 0.0679626 -0.997329 -145.204 -0.033773 0.997055 0.0688486 3.60176 0.999072 0.0355224 -0.0243433 364.246
-0.0273834 0.0683046 -0.997288 -147.068 -0.0337068 0.997032 0.0692126 3.70103 0.999056 0.0355108 -0.0249998 364.183
-0.0287232 0.0685416 -0.997235 -148.921 -0.0336053 0.997016 0.0694945 3.79739 0.999022 0.0355085 -0.0263341 364.139
-0.0310709 0.0686311 -0.997157 -151.698 -0.0334453 0.99701 0.0696631 3.95625 0.998956 0.0355149 -0.0286826 364.062
-0.0311383 0.0775355 -0.996503 -154.397 -0.0308343 0.996438 0.0784939 4.11931 0.999039 0.0331707 -0.0286366 363.984
-0.0335423 0.0767405 -0.996486 -157.048 -0.0300367 0.99652 0.0777542 4.28494 0.998985 0.0325392 -0.0311205 363.91
-0.0336011 0.076369 -0.996513 -159.534 -0.0293859 0.99657 0.0773641 4.43891 0.999003 0.031883 -0.0312417 363.824
-0.0312821 0.0707966 -0.997001 -161.84 -0.021214 0.997217 0.0714776 4.57336 0.999286 0.0233863 -0.0296932 363.75
-0.0304914 0.0818445 -0.996178 -163.285 -0.0150808 0.996491 0.0823318 4.64905 0.99942 0.0175337 -0.0291501 363.705
-0.0333036 0.0629774 -0.997458 -165.276 -0.0181777 0.997809 0.0636065 4.76119 0.999279 0.0202499 -0.0320859 363.626
-0.045813 0.0695218 -0.996528 -167.093 -0.025443 0.997171 0.0707363 4.85379 0.998626 0.0285953 -0.0439145 363.522
-0.0724619 0.0723382 -0.994744 -168.831 -0.0206087 0.997045 0.0740067 4.95589 0.997158 0.0258631 -0.070757 363.426
-0.165749 0.0681882 -0.983808 -170.956 -0.0104847 0.997428 0.0708987 5.08013 0.986113 0.0220663 -0.164608 363.092
-0.331363 0.0704186 -0.940873 -172.933 0.00408044 0.997309 0.0732055 5.20104 0.943495 0.0204184 -0.330759 362.447
-0.589004 0.0748144 -0.80466 -174.977 0.0208086 0.996779 0.0774453 5.35208 0.807862 0.0288718 -0.588664 361.133
-0.785058 0.0730453 -0.615103 -176.299 0.0335167 0.996577 0.0755691 5.50209 0.618518 0.0387097 -0.784819 359.56
-0.861752 0.0669583 -0.502893 -176.782 0.0344534 0.996688 0.0736663 5.58914 0.506159 0.0461557 -0.861205 358.578
-0.945067 0.0748126 -0.318198 -177.342 0.0543644 0.995873 0.0726774 5.6912 0.322322 0.0513864 -0.945234 357.004
-0.984145 0.0678933 -0.163861 -177.638 0.0580786 0.996261 0.0639666 5.79176 0.167592 0.0534356 -0.984408 355.262
-0.993336 0.0587248 -0.0991829 -177.712 0.0527513 0.996693 0.0618142 5.86007 0.102485 0.0561702 -0.993149 354.021
-0.99636 0.0600155 -0.0605094 -177.772 0.0563475 0.99657 0.0606059 5.9277 0.0639391 0.0569759 -0.996325 352.746
-0.997461 0.0690577 -0.0174401 -177.811 0.0683783 0.996976 0.0369347 6.01526 0.019938 0.0356484 -0.999166 350.787
-0.997704 0.0636983 0.0230432 -177.754 0.0644437 0.997369 0.0331961 6.08342 -0.020868 0.0346048 -0.999185 348.702
-0.997425 0.0582709 0.0418615 -177.654 0.0595856 0.997746 0.030875 6.14836 -0.039968 0.0332898 -0.998648 346.503
-0.996783 0.057721 0.0556369 -177.528 0.0595411 0.997725 0.031629 6.21417 -0.0536847 0.0348399 -0.997952 344.164
-0.996269 0.0504739 0.0699802 -177.334 0.0531419 0.997909 0.0368007 6.28909 -0.0679763 0.0403823 -0.996868 341.717
-0.99601 0.046952 0.0758814 -177.191 0.0494302 0.998293 0.0311175 6.33681 -0.0742909 0.0347442 -0.99663 340.029
-0.99601 0.046952 0.0758814 -177.042 0.0494302 0.998293 0.0311175 6.37725 -0.0742909 0.0347442 -0.99663 338.3
-0.99601 0.046952 0.0758814 -176.901 0.0494302 0.998293 0.0311175 6.42642 -0.0742909 0.0347442 -0.99663 336.505
-0.99601 0.046952 0.0758814 -176.828 0.0494302 0.998293 0.0311175 6.44582 -0.0742909 0.0347442 -0.99663 335.599
-0.99601 0.046952 0.0758814 -176.753 0.0494302 0.998293 0.0311175 6.46836 -0.0742909 0.0347442 -0.99663 334.683
-0.99601 0.046952 0.0758814 -176.683 0.0494302 0.998293 0.0311175 6.49605 -0.0742909 0.0347442 -0.99663 333.761
-0.99601 0.046952 0.0758814 -176.604 0.0494302 0.998293 0.0311175 6.50957 -0.0742909 0.0347442 -0.99663 332.832
-0.996318 0.0473588 0.0714758 -176.458 0.0502624 0.997959 0.0393862 6.55757 -0.0694647 0.0428337 -0.996665 330.967
-0.99693 0.0436226 0.0650138 -176.253 0.0468373 0.997711 0.0487712 6.64988 -0.0627375 0.0516666 -0.996691 328.183
-0.99693 0.0436226 0.0650138 -176.13 0.0468373 0.997711 0.0487712 6.72019 -0.0627375 0.0516666 -0.996691 326.307
-0.99693 0.0436226 0.0650138 -176.006 0.0468373 0.997711 0.0487712 6.79366 -0.0627375 0.0516666 -0.996691 324.443
-0.99693 0.0436226 0.0650138 -175.896 0.0468373 0.997711 0.0487712 6.85948 -0.0627375 0.0516666 -0.996691 322.582
-0.997499 0.0356357 0.0610065 -175.756 0.0384962 0.998182 0.0463737 6.93085 -0.059243 0.0486064 -0.997058 320.732
-0.997499 0.0356357 0.0610065 -175.633 0.0384962 0.998182 0.0463737 7.00288 -0.059243 0.0486064 -0.997058 318.868
-0.997499 0.0356357 0.0610065 -175.498 0.0384962 0.998182 0.0463737 7.07759 -0.059243 0.0486064 -0.997058 316.975
-0.9972 0.049264 0.0562539 -175.407 0.0517151 0.997737 0.0429791 7.1535 -0.0540092 0.045768 -0.997491 315.057
-0.9972 0.049264 0.0562539 -175.298 0.0517151 0.997737 0.0429791 7.22781 -0.0540092 0.045768 -0.997491 313.137
-0.997049 0.0520898 0.0563602 -175.186 0.055075 0.997086 0.0527765 7.29628 -0.0534469 0.0557249 -0.997013 311.221
-0.99724 0.0447538 0.0592648 -174.992 0.0469333 0.998252 0.0359082 7.38915 -0.0575542 0.0385906 -0.997598 308.399
-0.99724 0.0447538 0.0592648 -174.87 0.0469333 0.998252 0.0359082 7.43231 -0.0575542 0.0385906 -0.997598 306.506
-0.99724 0.0447538 0.0592648 -174.748 0.0469333 0.998252 0.0359082 7.4805 -0.0575542 0.0385906 -0.997598 304.618
-0.99724 0.0447538 0.0592648 -174.634 0.0469333 0.998252 0.0359082 7.51975 -0.0575542 0.0385906 -0.997598 302.75
-0.99724 0.0447538 0.0592648 -174.526 0.0469333 0.998252 0.0359082 7.56077 -0.0575542 0.0385906 -0.997598 300.896
-0.99724 0.0447538 0.0592648 -174.421 0.0469333 0.998252 0.0359082 7.60633 -0.0575542 0.0385906 -0.997598 299.043
-0.99724 0.0447538 0.0592648 -174.299 0.0469333 0.998252 0.0359082 7.65957 -0.0575542 0.0385906 -0.997598 297.177
-0.99724 0.0447538 0.0592648 -174.19 0.0469333 0.998252 0.0359082 7.70544 -0.0575542 0.0385906 -0.997598 295.332
-0.996106 0.0560943 0.0680078 -174.014 0.0584629 0.997732 0.0333523 7.77305 -0.0659827 0.0371983 -0.997127 292.543
-0.995486 0.0511158 0.079992 -173.778 0.0535067 0.998174 0.0280354 7.82913 -0.0784129 0.0321889 -0.996403 289.775
-0.995317 0.0501552 0.0826184 -173.613 0.0534261 0.997854 0.0378667 7.86793 -0.0805418 0.0421034 -0.995861 287.9
-0.995317 0.0501552 0.0826184 -173.452 0.0534261 0.997854 0.0378667 7.92453 -0.0805418 0.0421034 -0.995861 286
-0.994738 0.0596427 0.0832841 -173.296 0.0620634 0.997713 0.026783 7.97247 -0.0814962 0.031811 -0.996165 284.133
-0.994906 0.0562245 0.0836488 -173.137 0.0596908 0.997434 0.0395293 8.01352 -0.0812116 0.0443211 -0.995709 282.231
-0.994906 0.0562245 0.0836488 -172.896 0.0596908 0.997434 0.0395293 8.1071 -0.0812116 0.0443211 -0.995709 279.348
-0.994906 0.0562245 0.0836488 -172.732 0.0596908 0.997434 0.0395293 8.16663 -0.0812116 0.0443211 -0.995709 277.422
-0.995044 0.0597807 0.0794699 -172.585 0.0637096 0.99682 0.0478569 8.23172 -0.0763563 0.0526827 -0.995689 275.465
