0.82994 -0.0183744 0.55755 -91.0803 0.0278211 0.999577 -0.00847138 0.53531 -0.557158 0.0225424 0.8301 220.059
0.901205 -0.0128533 0.433203 -90.442 0.0202171 0.999719 -0.0123961 0.507156 -0.432922 0.0199295 0.901211 221.45
0.962226 0.0182638 0.27164 -89.7786 -0.0181514 0.999831 -0.0029267 0.451284 -0.271647 -0.00211449 0.962394 223.861
0.971166 0.0349405 0.235831 -89.0952 -0.0345252 0.999386 -0.00589134 0.401014 -0.235892 -0.00242063 0.971776 226.852
0.937551 0.0213767 0.34719 -88.1985 -0.0237141 0.999716 0.00248458 0.341979 -0.347038 -0.0105627 0.937791 229.646
0.758815 0.0161134 0.651107 -86.5623 -0.0121208 0.99987 -0.0106186 0.301469 -0.651194 0.000165644 0.758911 231.984
0.533233 -0.00734594 0.845937 -84.9494 0.0129881 0.999916 0.000496045 0.267196 -0.845869 0.0107226 0.533283 233.008
0.401529 -0.00270915 0.915842 -83.9247 0.0099647 0.999949 -0.00141084 0.274895 -0.915792 0.00969259 0.401536 233.401
0.24273 -0.0106949 0.970035 -82.3792 0.0101091 0.999913 0.00849469 0.264622 -0.970041 0.00774426 0.242817 233.774
0.137508 -0.00155126 0.9905 -80.6495 0.0147714 0.999891 -0.00048469 0.253587 -0.990391 0.0146977 0.137516 233.983
0.0761722 0.0108727 0.997034 -78.6588 0.0132845 0.999841 -0.0119182 0.236772 -0.997005 0.0141529 0.0760156 234.149
0.0537354 0.00615957 0.998535 -76.9795 0.0225419 0.999719 -0.00737992 0.216302 -0.9983 0.0229055 0.0535814 234.224
0.0537354 0.00615957 0.998535 -75.1634 0.0225419 0.999719 -0.00737992 0.193415 -0.9983 0.0229055 0.0535814 234.32
0.0459303 0.01145 0.998879 -72.5107 0.0205115 0.999713 -0.0124027 0.163594 -0.998734 0.0210582 0.0456822 234.458
0.0364233 0.014043 0.999237 -69.605 0.0170142 0.999748 -0.0146703 0.11855 -0.999191 0.0175356 0.0361751 234.583
0.0364233 0.014043 0.999237 -67.2886 0.0170142 0.999748 -0.0146703 0.066547 -0.999191 0.0175356 0.0361751 234.661
0.0282068 0.0133347 0.999513 -64.0917 0.0221956 0.999656 -0.013963 -0.007319 -0.999356 0.0225786 0.0279011 234.75
0.0282068 0.0133347 0.999513 -62.4574 0.0221956 0.999656 -0.013963 -0.051582 -0.999356 0.0225786 0.0279011 234.799
0.0229635 0.0205872 0.999524 -59.9369 0.0175525 0.999626 -0.0209925 -0.112687 -0.999582 0.0180262 0.0225935 234.875
0.0229635 0.0205872 0.999524 -57.3338 0.0175525 0.999626 -0.0209925 -0.184724 -0.999582 0.0180262 0.0225935 234.941
0.0323166 0.016896 0.999335 -54.6982 0.0254148 0.99952 -0.017721 -0.261847 -0.999155 0.0259706 0.0318716 235.01
0.0406656 0.0225509 0.998918 -52.0651 0.0236442 0.999444 -0.0235253 -0.349596 -0.998893 0.0245753 0.0401098 235.126
0.0406656 0.0225509 0.998918 -50.3136 0.0236442 0.999444 -0.0235253 -0.415066 -0.998893 0.0245753 0.0401098 235.205
0.0406656 0.0225509 0.998918 -48.5619 0.0236442 0.999444 -0.0235253 -0.473788 -0.998893 0.0245753 0.0401098 235.29
0.0460996 0.0129107 0.998854 -45.9547 0.026843 0.999539 -0.0141584 -0.558024 -0.998577 0.0274649 0.0457318 235.412
0.049027 0.0323342 0.998275 -43.4126 0.027177 0.999063 -0.0336944 -0.644522 -0.998428 0.0287821 0.0481023 235.547
0.0476058 0.0136053 0.998774 -40.8769 0.0277731 0.999503 -0.014939 -0.740781 -0.99848 0.0284502 0.0472043 235.668
0.0490518 0.0215141 0.998565 -38.3942 0.0348233 0.999123 -0.0232368 -0.822578 -0.99819 0.0359131 0.0482596 235.786
0.0490518 0.0215141 0.998565 -36.7448 0.0348233 0.999123 -0.0232368 -0.884578 -0.99819 0.0359131 0.0482596 235.878
0.0490518 0.0215141 0.998565 -34.347 0.0348233 0.999123 -0.0232368 -0.97736 -0.99819 0.0359131 0.0482596 235.996
0.0490518 0.0215141 0.998565 -31.1899 0.0348233 0.999123 -0.0232368 -1.08917 -0.99819 0.0359131 0.0482596 236.171
0.0490518 0.0215141 0.998565 -28.181 0.0348233 0.999123 -0.0232368 -1.20657 -0.99819 0.0359131 0.0482596 236.347
0.0505045 0.0255929 0.998396 -25.3605 0.0233991 0.999367 -0.0268015 -1.31778 -0.99845 0.0247151 0.0498737 236.52
0.0505045 0.0255929 0.998396 -23.2992 0.0233991 0.999367 -0.0268015 -1.39562 -0.99845 0.0247151 0.0498737 236.636
0.0505045 0.0255929 0.998396 -21.2919 0.0233991 0.999367 -0.0268015 -1.4784 -0.99845 0.0247151 0.0498737 236.725
0.0436214 0.0314981 0.998552 -19.4106 0.0229456 0.999208 -0.0325212 -1.56344 -0.998785 0.024331 0.0428641 236.816
0.0263464 0.0283024 0.999252 -17.1565 0.0209347 0.999364 -0.0288575 -1.66897 -0.999434 0.0216793 0.0257372 236.896
-0.012495 0.0263318 0.999576 -14.7501 0.0219484 0.99942 -0.0260533 -1.78619 -0.999682 0.0216135 -0.0130657 236.885
-0.0614042 0.0239386 0.997826 -12.762 0.0234455 0.999471 -0.0225353 -1.86735 -0.997837 0.0220108 -0.0619329 236.776
-0.144711 0.0203227 0.989264 -10.7139 0.0403579 0.999078 -0.0146206 -1.95348 -0.988649 0.0378089 -0.145398 236.481
-0.296622 0.0310021 0.954491 -8.8825 0.0501847 0.998598 -0.016839 -2.00967 -0.953674 0.0429061 -0.297762 235.925
-0.525029 0.0460665 0.849837 -7.11003 0.0516673 0.998418 -0.0222005 -2.06294 -0.849515 0.0322529 -0.526578 234.945
-0.677428 0.0409502 0.734447 -6.08935 0.0419895 0.998974 -0.0169696 -2.09404 -0.734389 0.0193434 -0.678452 234.016
-0.788294 0.0453833 0.613622 -5.37508 0.0464981 0.998818 -0.0141382 -2.09991 -0.613538 0.0173872 -0.789472 233.023
-0.855479 0.0494564 0.51547 -4.95751 0.048585 0.998704 -0.0151876 -2.10332 -0.515553 0.0120515 -0.856773 232.239
-0.933015 0.0495664 0.356406 -4.4604 0.0499087 0.99872 -0.00824184 -2.12204 -0.356358 0.010098 -0.934294 230.877
-0.975283 0.0568121 0.213537 -4.19635 0.058873 0.99826 0.00329936 -2.1157 -0.212978 0.0157894 -0.976931 229.289
-0.992318 0.0559443 0.110337 -4.00431 0.0579992 0.998196 0.0155011 -2.09644 -0.109271 0.0217815 -0.993773 227.47
-0.997104 0.0570969 0.0502644 -3.89174 0.0580582 0.998153 0.0178759 -2.0654 -0.0491509 0.0207423 -0.998577 225.484
-0.990433 0.06007 0.124241 -3.8593 0.0631447 0.997784 0.0209563 -2.00864 -0.122707 0.0286009 -0.992031 222.49
-0.997857 0.0643724 -0.0116105 -3.88703 0.0640435 0.997588 0.026772 -1.95726 0.0133059 0.0259711 -0.999573 220.04
-0.997857 0.0643724 -0.0116105 -3.91002 0.0640435 0.997588 0.026772 -1.91838 0.0133059 0.0259711 -0.999573 218.331
-0.997857 0.0643724 -0.0116105 -3.92572 0.0640435 0.997588 0.026772 -1.85508 0.0133059 0.0259711 -0.999573 215.633
-0.997857 0.0643724 -0.0116105 -3.94199 0.0640435 0.997588 0.026772 -1.81745 0.0133059 0.0259711 -0.999573 213.738
-0.997857 0.0643724 -0.0116105 -3.95537 0.0640435 0.997588 0.026772 -1.77836 0.0133059 0.0259711 -0.999573 211.776
-0.997857 0.0643724 -0.0116105 -3.95876 0.0640435 0.997588 0.026772 -1.73832 0.0133059 0.0259711 -0.999573 209.763
-0.997857 0.0643724 -0.0116105 -3.9549 0.0640435 0.997588 0.026772 -1.69175 0.0133059 0.0259711 -0.999573 207.699
-0.997857 0.0643724 -0.0116105 -3.95634 0.0640435 0.997588 0.026772 -1.65432 0.0133059 0.0259711 -0.999573 205.589
-0.997857 0.0643724 -0.0116105 -3.96539 0.0640435 0.997588 0.026772 -1.60804 0.0133059 0.0259711 -0.999573 203.418
-0.997857 0.0643724 -0.0116105 -3.98243 0.0640435 0.997588 0.026772 -1.56419 0.0133059 0.0259711 -0.999573 201.208
-0.997857 0.0643724 -0.0116105 -3.99741 0.0640435 0.997588 0.026772 -1.52574 0.0133059 0.0259711 -0.999573 198.971
-0.997857 0.0643724 -0.0116105 -4.00846 0.0640435 0.997588 0.026772 -1.48708 0.0133059 0.0259711 -0.999573 196.71
-0.997857 0.0643724 -0.0116105 -4.03333 0.0640435 0.997588 0.026772 -1.4458 0.0133059 0.0259711 -0.999573 194.437
-0.997857 0.0643724 -0.0116105 -4.06131 0.0640435 0.997588 0.026772 -1.4045 0.0133059 0.0259711 -0.999573 192.128
-0.997857 0.0643724 -0.0116105 -4.07608 0.0640435 0.997588 0.026772 -1.36844 0.0133059 0.0259711 -0.999573 189.818
-0.997857 0.0643724 -0.0116105 -4.09718 0.0640435 0.997588 0.026772 -1.32436 0.0133059 0.0259711 -0.999573 187.477
-0.997857 0.0643724 -0.0116105 -4.11559 0.0640435 0.997588 0.026772 -1.28649 0.0133059 0.0259711 -0.999573 185.126
-0.997857 0.0643724 -0.0116105 -4.15078 0.0640435 0.997588 0.026772 -1.24704 0.0133059 0.0259711 -0.999573 182.75
-0.997857 0.0643724 -0.0116105 -4.17622 0.0640435 0.997588 0.026772 -1.19967 0.0133059 0.0259711 -0.999573 180.34
-0.997857 0.0643724 -0.0116105 -4.20254 0.0640435 0.997588 0.026772 -1.15271 0.0133059 0.0259711 -0.999573 177.912
-0.997857 0.0643724 -0.0116105 -4.24234 0.0640435 0.997588 0.026772 -1.11302 0.0133059 0.0259711 -0.999573 175.46
-0.997857 0.0643724 -0.0116105 -4.27935 0.0640435 0.997588 0.026772 -1.0768 0.0133059 0.0259711 -0.999573 172.97
-0.997857 0.0643724 -0.0116105 -4.31402 0.0640435 0.997588 0.026772 -1.03639 0.0133059 0.0259711 -0.999573 170.465
-0.997857 0.0643724 -0.0116105 -4.33802 0.0640435 0.997588 0.026772 -0.98818 0.0133059 0.0259711 -0.999573 167.906
-0.997857 0.0643724 -0.0116105 -4.35609 0.0640435 0.997588 0.026772 -0.945638 0.0133059 0.0259711 -0.999573 165.353
-0.997857 0.0643724 -0.0116105 -4.38488 0.0640435 0.997588 0.026772 -0.908857 0.0133059 0.0259711 -0.999573 162.792
-0.997857 0.0643724 -0.0116105 -4.41344 0.0640435 0.997588 0.026772 -0.865746 0.0133059 0.0259711 -0.999573 160.204
-0.997857 0.0643724 -0.0116105 -4.44132 0.0640435 0.997588 0.026772 -0.820407 0.0133059 0.0259711 -0.999573 157.614
-0.997857 0.0643724 -0.0116105 -4.45554 0.0640435 0.997588 0.026772 -0.781635 0.0133059 0.0259711 -0.999573 155.023
-0.997857 0.0643724 -0.0116105 -4.48231 0.0640435 0.997588 0.026772 -0.738459 0.0133059 0.0259711 -0.999573 152.417
-0.997857 0.0643724 -0.0116105 -4.51247 0.0640435 0.997588 0.026772 -0.702536 0.0133059 0.0259711 -0.999573 149.79
-0.997857 0.0643724 -0.0116105 -4.53181 0.0640435 0.997588 0.026772 -0.668749 0.0133059 0.0259711 -0.999573 147.18
-0.997857 0.0643724 -0.0116105 -4.55416 0.0640435 0.997588 0.026772 -0.632704 0.0133059 0.0259711 -0.999573 144.574
-0.997857 0.0643724 -0.0116105 -4.57305 0.0640435 0.997588 0.026772 -0.600586 0.0133059 0.0259711 -0.999573 141.99
-0.997857 0.0643724 -0.0116105 -4.59248 0.0640435 0.997588 0.026772 -0.566854 0.0133059 0.0259711 -0.999573 139.405
-0.997857 0.0643724 -0.0116105 -4.60321 0.0640435 0.997588 0.026772 -0.534596 0.0133059 0.0259711 -0.999573 136.844
-0.997857 0.0643724 -0.0116105 -4.62212 0.0640435 0.997588 0.026772 -0.490257 0.0133059 0.0259711 -0.999573 134.298
-0.997857 0.0643724 -0.0116105 -4.64174 0.0640435 0.997588 0.026772 -0.454677 0.0133059 0.0259711 -0.999573 131.744
-0.997857 0.0643724 -0.0116105 -4.66197 0.0640435 0.997588 0.026772 -0.42493 0.0133059 0.0259711 -0.999573 129.199
-0.997857 0.0643724 -0.0116105 -4.68916 0.0640435 0.997588 0.026772 -0.393391 0.0133059 0.0259711 -0.999573 126.673
-0.997857 0.0643724 -0.0116105 -4.71247 0.0640435 0.997588 0.026772 -0.363357 0.0133059 0.0259711 -0.999573 124.176
-0.997857 0.0643724 -0.0116105 -4.73071 0.0640435 0.997588 0.026772 -0.336639 0.0133059 0.0259711 -0.999573 121.701
-0.997857 0.0643724 -0.0116105 -4.7479 0.0640435 0.997588 0.026772 -0.318891 0.0133059 0.0259711 -0.999573 119.285
-0.997857 0.0643724 -0.0116105 -4.77315 0.0640435 0.997588 0.026772 -0.299153 0.0133059 0.0259711 -0.999573 116.932
-0.997857 0.0643724 -0.0116105 -4.81112 0.0640435 0.997588 0.026772 -0.272847 0.0133059 0.0259711 -0.999573 113.514
-0.997857 0.0643724 -0.0116105 -4.8345 0.0640435 0.997588 0.026772 -0.263481 0.0133059 0.0259711 -0.999573 111.351
-0.997857 0.0643724 -0.0116105 -4.88554 0.0640435 0.997588 0.026772 -0.239748 0.0133059 0.0259711 -0.999573 108.239
-0.997857 0.0643724 -0.0116105 -4.90944 0.0640435 0.997588 0.026772 -0.221929 0.0133059 0.0259711 -0.999573 106.254
-0.997857 0.0643724 -0.0116105 -4.92488 0.0640435 0.997588 0.026772 -0.209062 0.0133059 0.0259711 -0.999573 104.382
-0.997857 0.0643724 -0.0116105 -4.95095 0.0640435 0.997588 0.026772 -0.193349 0.0133059 0.0259711 -0.999573 101.769
-0.997857 0.0643724 -0.0116105 -4.9633 0.0640435 0.997588 0.026772 -0.182808 0.0133059 0.0259711 -0.999573 100.154
-0.99699 0.0744826 0.0214531 -4.99229 0.0750351 0.996836 0.0262198 -0.169321 -0.0194323 0.0277506 -0.999425 97.8931
-0.996212 0.0811646 0.0312131 -4.96 0.081997 0.996283 0.0263794 -0.16202 -0.028956 0.0288389 -0.999165 96.4967
-0.986274 0.0854676 0.141288 -4.67863 0.0890758 0.995836 0.0194022 -0.160976 -0.139042 0.0317212 -0.98978 93.9986
-0.963847 0.0727982 0.256312 -4.23759 0.0783044 0.996865 0.0113285 -0.174091 -0.254684 0.0309893 -0.966526 92.3257
-0.919541 0.0505215 0.389729 -3.57676 0.0582097 0.998273 0.00793398 -0.190602 -0.388655 0.0299817 -0.920894 90.8312
-0.81537 0.0185495 0.578639 -2.40075 0.0313169 0.999436 0.0120901 -0.202999 -0.578089 0.0279791 -0.815491 89.0852
-0.652794 0.0135209 0.757417 -0.923238 0.0316091 0.999456 0.0094013 -0.215349 -0.756878 0.0300783 -0.652866 87.6637
-0.506548 0.00965924 0.862159 0.405193 0.0273085 0.999615 0.00484538 -0.215952 -0.861781 0.0259986 -0.506617 86.9026
-0.305764 0.0122183 0.952029 2.33981 0.0231042 0.999718 -0.0054099 -0.248594 -0.951827 0.0203417 -0.30596 86.2682
-0.188034 0.010483 0.982107 3.85697 0.00980251 0.999913 -0.00879625 -0.267632 -0.982114 0.00797312 -0.188121 86.035
-0.117345 0.0207378 0.992875 5.41298 0.0110133 0.999748 -0.0195797 -0.318684 -0.99303 0.00863723 -0.117544 85.8748
-0.0821206 0.0262245 0.996277 7.0492 0.014843 0.999575 -0.0250878 -0.353479 -0.996512 0.0127276 -0.0824749 85.7394
-0.0695927 0.0188553 0.997397 8.77672 0.0145152 0.999735 -0.0178867 -0.403283 -0.99747 0.0132327 -0.069848 85.6254
-0.0679569 0.0216515 0.997453 10.6305 0.0233795 0.999525 -0.0201036 -0.451225 -0.997414 0.0219538 -0.0684307 85.4917
-0.0679569 0.0216515 0.997453 11.9409 0.0233795 0.999525 -0.0201036 -0.483031 -0.997414 0.0219538 -0.0684307 85.3998
-0.0655126 0.0215787 0.997619 14.0177 0.0337468 0.999242 -0.0193978 -0.533382 -0.997282 0.0323956 -0.0661912 85.2451
-0.0522752 0.0220276 0.99839 16.2457 0.0441206 0.998831 -0.0197272 -0.584225 -0.997658 0.0430183 -0.053186 85.1005
-0.0273302 0.0190123 0.999445 18.5924 0.0512586 0.99853 -0.0175932 -0.635522 -0.998311 0.0507493 -0.0282646 85.0263
0.00481319 0.0183536 0.99982 21.0562 0.0450706 0.998812 -0.018552 -0.688421 -0.998972 0.0451518 0.00398027 85.0491
0.0350186 0.0289874 0.998966 23.6257 0.0313718 0.999055 -0.0300897 -0.762985 -0.998894 0.0323931 0.0340761 85.1387
0.0427308 0.0249132 0.998775 26.2261 0.0179138 0.999509 -0.0256979 -0.865978 -0.998925 0.0189899 0.0422635 85.2833
0.0304198 0.0279761 0.999145 28.7951 0.00717801 0.999576 -0.0282067 -0.964836 -0.999511 0.00802991 0.0302061 85.3876
0.000170334 0.025168 0.999683 31.3582 0.00297077 0.999679 -0.0251683 -1.07032 -0.999996 0.00297411 9.5511e-05 85.4197
-0.0369205 0.0258413 0.998985 33.8891 0.00676072 0.999649 -0.0256086 -1.16658 -0.999296 0.00580839 -0.0370822 85.3608
-0.0638959 0.0251138 0.997641 35.568 0.0112389 0.999638 -0.0244443 -1.2258 -0.997894 0.00965053 -0.0641551 85.2693
-0.0898335 0.0229525 0.995692 37.2303 0.0157842 0.999642 -0.0216195 -1.28206 -0.995832 0.0137741 -0.0901636 85.1342
-0.102717 0.0251042 0.994393 38.9035 0.0192784 0.999544 -0.0232429 -1.34078 -0.994523 0.0167828 -0.103154 84.9567
-0.102717 0.0251042 0.994393 40.5795 0.0192784 0.999544 -0.0232429 -1.39784 -0.994523 0.0167828 -0.103154 84.7722
-0.102717 0.0251042 0.994393 42.3015 0.0192784 0.999544 -0.0232429 -1.4524 -0.994523 0.0167828 -0.103154 84.5963
-0.102717 0.0251042 0.994393 44.937 0.0192784 0.999544 -0.0232429 -1.52467 -0.994523 0.0167828 -0.103154 84.3589
-0.102717 0.0251042 0.994393 46.7246 0.0192784 0.999544 -0.0232429 -1.58304 -0.994523 0.0167828 -0.103154 84.1965
-0.102717 0.0251042 0.994393 48.5036 0.0192784 0.999544 -0.0232429 -1.64069 -0.994523 0.0167828 -0.103154 84.0155
-0.123456 0.0256756 0.992017 51.1632 0.00414914 0.99967 -0.0253573 -1.73758 -0.992341 0.000985491 -0.123522 83.7375
-0.172103 0.0331028 0.984522 53.795 -0.00322124 0.999411 -0.0341665 -1.84187 -0.985073 -0.00905157 -0.171895 83.3565
-0.211873 0.0259582 0.976952 55.5473 0.00227458 0.999658 -0.0260682 -1.91168 -0.977294 -0.00330099 -0.211859 82.9873
-0.273997 0.0282856 0.961315 58.0971 0.0140967 0.999578 -0.0253936 -2.01262 -0.961627 0.00659358 -0.27428 82.305
-0.312475 0.0271432 0.94954 59.7551 0.022194 0.999527 -0.0212686 -2.08314 -0.949668 0.0144282 -0.312929 81.7665
-0.354915 0.0290494 0.934446 62.1884 0.0321941 0.999304 -0.0188379 -2.16131 -0.934343 0.0233978 -0.355604 80.849
-0.3714 0.00972341 0.928421 63.8255 0.0328195 0.999458 0.00266158 -2.19027 -0.927892 0.0314589 -0.371518 80.1967
-0.377941 0.0256698 0.925472 66.293 0.0376511 0.999215 -0.0123393 -2.21805 -0.925062 0.0301815 -0.37861 79.1993
-0.377941 0.0256698 0.925472 68.7723 0.0376511 0.999215 -0.0123393 -2.2905 -0.925062 0.0301815 -0.37861 78.1946
-0.384546 0.0168939 0.922952 70.4621 0.038399 0.99926 -0.00229185 -2.32042 -0.922308 0.0345591 -0.38491 77.4894
-0.399271 0.0150808 0.916707 72.1645 0.0381529 0.999272 0.000178487 -2.34415 -0.916037 0.0350463 -0.399556 76.7631
-0.423437 0.0206462 0.90569 73.8589 0.0395589 0.999208 -0.00428311 -2.36188 -0.905061 0.0340145 -0.423918 75.9861
-0.450341 0.0268403 0.892453 75.5555 0.0397779 0.999159 -0.00997707 -2.39319 -0.89197 0.0310069 -0.45103 75.1385
-0.479773 0.0382723 0.876558 78.0895 0.0439007 0.998844 -0.019583 -2.45681 -0.876294 0.0290861 -0.480898 73.7743
-0.4869 0.0324357 0.872857 79.8112 0.0458184 0.998883 -0.0115604 -2.50045 -0.872256 0.0343641 -0.487842 72.8199
-0.4869 0.0324357 0.872857 81.5364 0.0458184 0.998883 -0.0115604 -2.54028 -0.872256 0.0343641 -0.487842 71.8503
-0.4869 0.0324357 0.872857 83.2653 0.0458184 0.998883 -0.0115604 -2.58372 -0.872256 0.0343641 -0.487842 70.8858
-0.4869 0.0324357 0.872857 84.9764 0.0458184 0.998883 -0.0115604 -2.62922 -0.872256 0.0343641 -0.487842 69.947
-0.498416 0.0282387 0.866477 86.6971 0.0373946 0.999239 -0.0110553 -2.68072 -0.86613 0.0268915 -0.499093 68.9962
-0.52759 0.0184457 0.849298 89.1821 0.0303966 0.999534 -0.00282606 -2.74043 -0.848954 0.0243248 -0.527905 67.5156
-0.563043 0.0157873 0.826278 91.5676 0.0263344 0.999653 -0.00115511 -2.7913 -0.82601 0.0211092 -0.563263 65.9483
-0.600185 0.0184575 0.799648 93.8633 0.0243126 0.999693 -0.00482688 -2.84343 -0.799491 0.0165445 -0.60045 64.2831
-0.623938 0.0164008 0.781303 95.3353 0.025157 0.999683 -0.000894989 -2.877 -0.78107 0.0190968 -0.624153 63.1255
-0.644946 0.018894 0.763995 96.7518 0.0292505 0.999572 -2.74802e-05 -2.90311 -0.763669 0.0223295 -0.645222 61.9357
-0.658587 0.0240385 0.752121 98.1308 0.0371333 0.99931 0.000576483 -2.92447 -0.751588 0.0283084 -0.659025 60.7231
-0.664789 0.0271431 0.746539 99.4777 0.0422107 0.999108 0.00126216 -2.94925 -0.745839 0.032351 -0.665341 59.5241
-0.664789 0.0271431 0.746539 100.792 0.0422107 0.999108 0.00126216 -2.97278 -0.745839 0.032351 -0.665341 58.3495
-0.664789 0.0271431 0.746539 102.071 0.0422107 0.999108 0.00126216 -2.99075 -0.745839 0.032351 -0.665341 57.2365
-0.654938 0.0289183 0.755129 103.275 0.0455378 0.998962 0.00123969 -3.01796 -0.754309 0.0351988 -0.655575 56.1903
-0.64547 0.0276448 0.763286 104.437 0.0450993 0.998981 0.00195688 -3.04715 -0.762453 0.0356868 -0.646059 55.2231
-0.635577 0.0280754 0.771528 106.062 0.0446926 0.999001 0.0004643 -3.07785 -0.770744 0.0347767 -0.636196 53.888
-0.643048 0.0425087 0.764646 108.155 0.0511986 0.998611 -0.0124588 -3.13408 -0.764113 0.0311371 -0.644331 52.1397
-0.660333 0.0229727 0.750622 110.182 0.0455114 0.998919 0.00946519 -3.17758 -0.749593 0.040412 -0.660665 50.3908
-0.670425 0.0291986 0.741402 112.193 0.0383812 0.999252 -0.00464669 -3.19446 -0.740984 0.0253406 -0.671044 48.609
-0.670425 0.0291986 0.741402 113.755 0.0383812 0.999252 -0.00464669 -3.22569 -0.740984 0.0253406 -0.671044 47.1973
-0.660313 0.0178405 0.75078 115.393 0.0410843 0.999079 0.0123931 -3.23376 -0.749867 0.0390285 -0.660438 45.7333
-0.64095 0.0149367 0.767437 117.124 0.0337193 0.999393 0.00871057 -3.22968 -0.766842 0.0314605 -0.641065 44.3056
-0.62995 0.00588609 0.776615 118.349 0.0204625 0.99975 0.00902085 -3.23782 -0.776367 0.0215741 -0.629913 43.3511
-0.624249 0.00585161 0.781205 119.602 0.00212922 0.999981 -0.00578893 -3.23726 -0.781224 -0.00195038 -0.62425 42.3933
-0.620667 0.00272826 0.784067 120.891 -0.00728311 0.999931 -0.00924469 -3.25555 -0.784038 -0.0114483 -0.620604 41.412
-0.620667 0.00272826 0.784067 122.217 -0.00728311 0.999931 -0.00924469 -3.27552 -0.784038 -0.0114483 -0.620604 40.3793
-0.620667 0.00272826 0.784067 123.58 -0.00728311 0.999931 -0.00924469 -3.30357 -0.784038 -0.0114483 -0.620604 39.3041
-0.620667 0.00272826 0.784067 124.977 -0.00728311 0.999931 -0.00924469 -3.33489 -0.784038 -0.0114483 -0.620604 38.2135
-0.620667 0.00272826 0.784067 126.383 -0.00728311 0.999931 -0.00924469 -3.35871 -0.784038 -0.0114483 -0.620604 37.0728
-0.620667 0.00272826 0.784067 127.859 -0.00728311 0.999931 -0.00924469 -3.38636 -0.784038 -0.0114483 -0.620604 35.9269
-0.624712 -0.00663179 0.780828 130.111 -0.0106913 0.999943 -6.09149e-05 -3.4347 -0.780783 -0.00838612 -0.624748 34.1506
-0.626802 -0.0153023 0.779028 133.145 -0.0220391 0.999755 0.00190544 -3.4594 -0.778867 -0.0159748 -0.626986 31.7505
-0.626802 -0.0153023 0.779028 134.661 -0.0220391 0.999755 0.00190544 -3.47847 -0.778867 -0.0159748 -0.626986 30.5635
-0.618417 -0.00493954 0.785834 136.931 -0.00609266 0.99998 0.00149095 -3.51451 -0.785826 -0.00386579 -0.618435 28.7544
-0.613183 0.00793404 0.789902 138.45 0.012284 0.999924 -0.000507785 -3.52872 -0.789847 0.0093918 -0.613234 27.5541
-0.613183 0.00793404 0.789902 139.957 0.012284 0.999924 -0.000507785 -3.55409 -0.789847 0.0093918 -0.613234 26.4087
-0.614868 -0.00319094 0.788623 141.463 0.0047149 0.999959 0.00772212 -3.5778 -0.788616 0.00846637 -0.614828 25.2528
-0.614868 -0.00319094 0.788623 142.969 0.0047149 0.999959 0.00772212 -3.58577 -0.788616 0.00846637 -0.614828 24.0892
-0.614868 -0.00319094 0.788623 144.449 0.0047149 0.999959 0.00772212 -3.59516 -0.788616 0.00846637 -0.614828 22.9564
-0.618483 0.00401567 0.78579 145.929 0.00105794 0.99999 -0.00427763 -3.60868 -0.7858 -0.00181431 -0.618482 21.8155
-0.62014 0.00170009 0.784491 147.405 0.00682863 0.999971 0.00323096 -3.62859 -0.784463 0.00736064 -0.620134 20.6582
-0.62014 0.00170009 0.784491 148.861 0.00682863 0.999971 0.00323096 -3.63974 -0.784463 0.00736064 -0.620134 19.5142
-0.618335 0.00833588 0.785868 150.291 0.00395536 0.999964 -0.00749468 -3.65751 -0.785902 -0.00152585 -0.618346 18.3938
-0.618335 0.00833588 0.785868 151.705 0.00395536 0.999964 -0.00749468 -3.69129 -0.785902 -0.00152585 -0.618346 17.3002
-0.618335 0.00833588 0.785868 153.743 0.00395536 0.999964 -0.00749468 -3.75 -0.785902 -0.00152585 -0.618346 15.6996
-0.627991 0.0167121 0.778042 155.653 0.0134832 0.999853 -0.0105936 -3.81216 -0.778105 0.00383784 -0.628124 14.1767
-0.640684 0.0060062 0.767781 157.416 0.0137131 0.999899 0.003621 -3.85794 -0.767682 0.0128485 -0.640702 12.744
-0.6452 0.0237995 0.763641 158.462 0.0198403 0.9997 -0.0143934 -3.88163 -0.763754 0.00586423 -0.645479 11.8539
-0.637063 0.0347935 0.770028 159.892 0.0401138 0.999124 -0.0119581 -3.92896 -0.769769 0.0232707 -0.637901 10.6329
-0.583577 0.0474594 0.810669 161.281 0.0620096 0.99798 -0.0137863 -3.99035 -0.809686 0.0422239 -0.585341 9.56657
-0.442754 0.0436762 0.895579 163.27 0.0599321 0.998021 -0.0190432 -4.05888 -0.894638 0.0452425 -0.444495 8.49857
-0.281738 0.0568132 0.957808 165.365 0.0563131 0.997504 -0.0426034 -4.16013 -0.957837 0.0419341 -0.284234 7.81111
-0.16432 0.0435731 0.985445 167.089 0.0425811 0.998406 -0.0370459 -4.23911 -0.985488 0.035874 -0.165913 7.54698
-0.0782786 0.031738 0.996425 168.884 0.0259864 0.999218 -0.0297855 -4.31133 -0.996592 0.0235619 -0.0790422 7.4381
-0.0405635 0.0281735 0.99878 170.74 -0.00314146 0.999594 -0.028324 -4.39225 -0.999173 -0.00428654 -0.0404585 7.42203
-0.0367579 0.030857 0.998847 172.668 -0.0107969 0.999453 -0.0312731 -4.459 -0.999266 -0.011934 -0.0364047 7.36571
-0.050231 0.0259632 0.998399 174.652 -0.0107685 0.99959 -0.0265359 -4.5399 -0.998679 -0.0120842 -0.0499308 7.27884
-0.0755946 0.0458234 0.996086 177.371 -0.00992109 0.99886 -0.046704 -4.65961 -0.99709 -0.0134128 -0.0750538 7.10477
-0.0957352 0.0309713 0.994924 179.507 -0.0188451 0.99928 -0.0329203 -4.76324 -0.995228 -0.0219011 -0.0950826 6.93339
-0.106104 0.039639 0.993565 181.67 -0.0107343 0.999101 -0.0410063 -4.86315 -0.994297 -0.0150161 -0.105583 6.70606
-0.106104 0.039639 0.993565 183.149 -0.0107343 0.999101 -0.0410063 -4.92913 -0.994297 -0.0150161 -0.105583 6.55937
-0.106104 0.039639 0.993565 184.647 -0.0107343 0.999101 -0.0410063 -4.9992 -0.994297 -0.0150161 -0.105583 6.41321
-0.106104 0.039639 0.993565 186.156 -0.0107343 0.999101 -0.0410063 -5.07938 -0.994297 -0.0150161 -0.105583 6.25968
-0.106104 0.039639 0.993565 186.916 -0.0107343 0.999101 -0.0410063 -5.11424 -0.994297 -0.0150161 -0.105583 6.1873
-0.106104 0.039639 0.993565 188.455 -0.0107343 0.999101 -0.0410063 -5.18748 -0.994297 -0.0150161 -0.105583 6.04902
-0.104744 0.0465513 0.993409 189.985 -0.00433851 0.998873 -0.0472648 -5.27543 -0.994489 -0.00926065 -0.104424 5.8904
-0.10533 0.0515835 0.993098 191.517 -0.0111024 0.99853 -0.0530432 -5.3534 -0.994375 -0.0166128 -0.104603 5.73794
-0.10533 0.0515835 0.993098 193.091 -0.0111024 0.99853 -0.0530432 -5.44969 -0.994375 -0.0166128 -0.104603 5.5783
-0.108466 0.0581194 0.992399 194.642 -0.0156693 0.998066 -0.0601638 -5.54799 -0.993976 -0.022076 -0.107345 5.41709
-0.108466 0.0581194 0.992399 196.232 -0.0156693 0.998066 -0.0601638 -5.65126 -0.993976 -0.022076 -0.107345 5.25026
-0.114083 0.0562743 0.991875 198.665 -0.0085929 0.998301 -0.0576271 -5.82596 -0.993433 -0.0150974 -0.113405 4.97503
-0.114405 0.0482413 0.992261 201.111 0.000807988 0.998824 -0.0484672 -5.98225 -0.993433 -0.00474318 -0.114309 4.68403
-0.112154 0.0518886 0.992335 203.605 0.0110238 0.998639 -0.0509723 -6.13209 -0.993629 0.00522248 -0.112574 4.39959
-0.112154 0.0518886 0.992335 205.279 0.0110238 0.998639 -0.0509723 -6.23432 -0.993629 0.00522248 -0.112574 4.23007
-0.112154 0.0518886 0.992335 206.944 0.0110238 0.998639 -0.0509723 -6.33614 -0.993629 0.00522248 -0.112574 4.05746
-0.109281 0.0691799 0.9916 208.592 0.00935178 0.997603 -0.068568 -6.45242 -0.993966 0.00178004 -0.109666 3.89142
-0.106638 0.0579454 0.992609 210.258 0.00292916 0.998314 -0.0579638 -6.571 -0.994294 -0.00327359 -0.106628 3.72757
-0.106638 0.0579454 0.992609 212.781 0.00292916 0.998314 -0.0579638 -6.72892 -0.994294 -0.00327359 -0.106628 3.4721
-0.106638 0.0579454 0.992609 215.298 0.00292916 0.998314 -0.0579638 -6.9015 -0.994294 -0.00327359 -0.106628 3.21745
-0.106888 0.0546905 0.992765 217.859 0.0112007 0.998489 -0.0537998 -7.07344 -0.994207 0.00536912 -0.107339 2.94203
-0.103565 0.0612654 0.992734 220.423 0.0196576 0.998032 -0.0595416 -7.24205 -0.994429 0.0133483 -0.104566 2.66246
-0.103565 0.0612654 0.992734 223.065 0.0196576 0.998032 -0.0595416 -7.41205 -0.994429 0.0133483 -0.104566 2.40101
-0.105885 0.0616812 0.992463 225.718 0.00973063 0.998091 -0.0609928 -7.60418 -0.994331 0.00319906 -0.106283 2.14248
-0.105885 0.0616812 0.992463 227.516 0.00973063 0.998091 -0.0609928 -7.7181 -0.994331 0.00319906 -0.106283 1.95171
-0.109813 0.0699098 0.991491 230.174 0.0202928 0.997473 -0.0680841 -7.91819 -0.993746 0.0126436 -0.110954 1.65716
-0.115039 0.0547841 0.991849 232.844 0.0110146 0.998487 -0.0538732 -8.13283 -0.9933 0.00472726 -0.115469 1.38399
-0.115039 0.0547841 0.991849 234.623 0.0110146 0.998487 -0.0538732 -8.25457 -0.9933 0.00472726 -0.115469 1.18861
-0.115471 0.0664357 0.991086 236.391 0.00989683 0.997788 -0.0657319 -8.38673 -0.993261 0.00221846 -0.115873 0.997922
-0.115471 0.0664357 0.991086 238.157 0.00989683 0.997788 -0.0657319 -8.52516 -0.993261 0.00221846 -0.115873 0.791445
-0.115471 0.0664357 0.991086 239.926 0.00989683 0.997788 -0.0657319 -8.6666 -0.993261 0.00221846 -0.115873 0.601905
-0.111635 0.0767495 0.990782 241.665 0.0100649 0.997049 -0.076101 -8.80838 -0.993699 0.00147665 -0.112078 0.417079
-0.10737 0.0638887 0.992164 243.402 0.0117424 0.997945 -0.0629902 -8.9567 -0.994149 0.00488706 -0.1079 0.234758
-0.103561 0.0743656 0.991839 245.117 0.0111223 0.997225 -0.0736081 -9.09216 -0.994561 0.00340862 -0.1041 0.058539
-0.103561 0.0743656 0.991839 246.839 0.0111223 0.997225 -0.0736081 -9.24016 -0.994561 0.00340862 -0.1041 -0.120381
-0.098238 0.0641874 0.993091 249.35 0.00964734 0.997932 -0.063546 -9.44721 -0.995116 0.00333804 -0.0986541 -0.343315
-0.098238 0.0641874 0.993091 250.98 0.00964734 0.997932 -0.063546 -9.58816 -0.995116 0.00333804 -0.0986541 -0.500333
-0.098238 0.0641874 0.993091 252.548 0.00964734 0.997932 -0.063546 -9.70728 -0.995116 0.00333804 -0.0986541 -0.649435
-0.0990646 0.0532878 0.993653 254.091 0.00761065 0.998576 -0.052793 -9.8292 -0.995051 0.00233239 -0.0993291 -0.793987
-0.0998089 0.0625308 0.993039 255.548 0.00639751 0.998043 -0.0622028 -9.94129 -0.994985 0.000144525 -0.100014 -0.934511
-0.0998089 0.0625308 0.993039 256.959 0.00639751 0.998043 -0.0622028 -10.0495 -0.994985 0.000144525 -0.100014 -1.07533
-0.107721 0.061117 0.992302 258.346 0.0112846 0.99812 -0.0602504 -10.1519 -0.994118 0.00470749 -0.108208 -1.22344
-0.122923 0.0629073 0.99042 259.672 0.0115339 0.998012 -0.061958 -10.2582 -0.992349 0.0038073 -0.123404 -1.38075
-0.143829 0.0640781 0.987526 260.937 0.014965 0.997928 -0.0625735 -10.3532 -0.989489 0.00577845 -0.14449 -1.5701
-0.167876 0.0589622 0.984043 262.174 0.0247189 0.998148 -0.0555903 -10.4419 -0.985498 0.0149921 -0.169023 -1.78622
-0.19032 0.0498904 0.980453 263.337 0.0330978 0.998466 -0.0443822 -10.5283 -0.981163 0.0240039 -0.19168 -2.03667
-0.211375 0.0495076 0.976151 264.431 0.0422641 0.998245 -0.0414764 -10.6016 -0.976491 0.0324891 -0.213097 -2.29133
-0.24817 0.0601189 0.966849 266.372 0.058092 0.9972 -0.0470951 -10.7185 -0.966973 0.0444787 -0.250967 -2.8052
-0.25902 0.0603409 0.963986 268.323 0.0699143 0.9966 -0.0435967 -10.8536 -0.963339 0.056104 -0.262358 -3.36013
-0.162524 0.0692687 0.984269 270.321 0.0625901 0.996248 -0.0597766 -10.9921 -0.984717 0.0518904 -0.16625 -3.75129
0.0350691 0.0545969 0.997892 271.848 0.0389513 0.997673 -0.0559538 -11.0929 -0.998625 0.0408315 0.0328609 -3.65672
0.27311 0.0579715 0.960234 273.051 0.00616921 0.998056 -0.0620096 -11.2006 -0.961963 0.0228593 0.272222 -3.23231
0.496847 0.0568362 0.865975 274.058 0.0102622 0.997399 -0.0713498 -11.2863 -0.867778 0.0443368 0.494972 -2.62694
0.702775 0.0669637 0.708254 274.963 -0.0223027 0.997145 -0.0721474 -11.3844 -0.711063 0.0349074 0.702261 -1.58222
0.820639 0.0691575 0.567247 275.559 -0.0449277 0.997385 -0.0566019 -11.4542 -0.569679 0.0209646 0.8216 -0.529519
0.896719 0.0844522 0.434469 276.071 -0.0689379 0.996297 -0.0513767 -11.5171 -0.437199 0.016119 0.89922 0.695466
0.94578 0.0957735 0.310367 276.697 -0.0849383 0.995216 -0.0482731 -11.6079 -0.313505 0.0192937 0.94939 2.64713
0.966302 0.0947905 0.239324 277.116 -0.0870224 0.995285 -0.0428444 -11.6828 -0.242256 0.0205742 0.969994 4.37161
0.980657 0.0977934 0.169552 277.428 -0.0915447 0.994815 -0.0443073 -11.7655 -0.173006 0.0279287 0.984525 6.29031
0.986618 0.108188 0.121984 277.673 -0.102987 0.993515 -0.0481809 -11.8375 -0.126406 0.0349733 0.991362 8.39888
0.990818 0.0992978 0.0917592 277.891 -0.0969949 0.994855 -0.0292356 -11.9389 -0.0941901 0.020067 0.995352 10.6863
0.990724 0.110181 0.0795421 278.057 -0.107653 0.993557 -0.0354179 -12.0149 -0.082932 0.0265264 0.996202 13.1311
0.990724 0.110181 0.0795421 278.18 -0.107653 0.993557 -0.0354179 -12.0841 -0.082932 0.0265264 0.996202 14.8509
0.990724 0.110181 0.0795421 278.321 -0.107653 0.993557 -0.0354179 -12.1553 -0.082932 0.0265264 0.996202 16.6399
0.990938 0.103307 0.085841 278.479 -0.10148 0.994513 -0.0254019 -12.2205 -0.0879942 0.0164606 0.995985 18.4839
0.990938 0.103307 0.085841 278.642 -0.10148 0.994513 -0.0254019 -12.2834 -0.0879942 0.0164606 0.995985 20.3531
0.991047 0.0979335 0.0907426 278.812 -0.0951102 0.994853 -0.0349417 -12.3574 -0.0936975 0.0259983 0.995261 22.2387
0.991047 0.0979335 0.0907426 278.993 -0.0951102 0.994853 -0.0349417 -12.4373 -0.0936975 0.0259983 0.995261 24.1564
0.991591 0.0888539 0.0940843 279.18 -0.0873892 0.995982 -0.0195844 -12.5127 -0.0954464 0.0111978 0.995372 26.1155
0.991591 0.0888539 0.0940843 279.445 -0.0873892 0.995982 -0.0195844 -12.5996 -0.0954464 0.0111978 0.995372 29.078
0.991591 0.0888539 0.0940843 279.701 -0.0873892 0.995982 -0.0195844 -12.6946 -0.0954464 0.0111978 0.995372 32.0725
0.9908 0.0978921 0.0934439 279.948 -0.0969237 0.995181 -0.014857 -12.7659 -0.094448 0.00566338 0.995514 35.1339
0.990255 0.103782 0.0928686 280.111 -0.104013 0.994573 -0.00236136 -12.8093 -0.0926097 -0.00732123 0.995676 37.1686
0.990255 0.103782 0.0928686 280.274 -0.104013 0.994573 -0.00236136 -12.8425 -0.0926097 -0.00732123 0.995676 39.1847
0.990255 0.103782 0.0928686 280.449 -0.104013 0.994573 -0.00236136 -12.8717 -0.0926097 -0.00732123 0.995676 41.2048
0.990569 0.100426 0.0932126 280.627 -0.0997429 0.994941 -0.0119719 -12.9041 -0.0939433 0.00256166 0.995574 43.206
0.989797 0.104299 0.0970743 280.807 -0.10459 0.994513 -0.00210486 -12.9383 -0.0967612 -0.00806958 0.995275 45.2326
0.988083 0.113752 0.103693 281.087 -0.113496 0.993503 -0.008383 -12.9879 -0.103973 -0.00348566 0.994574 48.247
0.987034 0.114913 0.112063 281.389 -0.116262 0.993203 0.00555426 -13.0208 -0.110663 -0.0185109 0.993686 51.2806
0.988927 0.100249 0.10942 281.624 -0.100158 0.994951 -0.00633846 -13.0455 -0.109503 -0.00469104 0.993975 53.316
0.989509 0.101731 0.102579 281.919 -0.102823 0.994685 0.00540238 -13.0856 -0.101485 -0.0158932 0.99471 56.3596
0.989175 0.110568 0.0964744 282.084 -0.110307 0.993865 -0.00804719 -13.1062 -0.0967723 -0.00268177 0.995303 58.3801
0.989417 0.112787 0.091285 282.258 -0.111829 0.993606 -0.0155608 -13.1445 -0.0924564 0.0051878 0.995703 60.3995
0.9894 0.113984 0.0899736 282.428 -0.114153 0.993458 -0.00329175 -13.191 -0.0897601 -0.00701385 0.995939 62.4035
0.9894 0.113984 0.0899736 282.589 -0.114153 0.993458 -0.00329175 -13.2225 -0.0897601 -0.00701385 0.995939 64.4134
0.9894 0.113984 0.0899736 282.755 -0.114153 0.993458 -0.00329175 -13.2528 -0.0897601 -0.00701385 0.995939 66.4249
0.9894 0.113984 0.0899736 282.935 -0.114153 0.993458 -0.00329175 -13.2764 -0.0897601 -0.00701385 0.995939 68.4412
0.990104 0.106186 0.0917562 283.196 -0.105058 0.99432 -0.0170498 -13.3438 -0.0930454 0.00724139 0.995636 71.4197
0.990199 0.100664 0.0968145 283.381 -0.101477 0.994832 0.00350021 -13.385 -0.0959618 -0.0132904 0.995296 73.4544
0.990199 0.100664 0.0968145 283.57 -0.101477 0.994832 0.00350021 -13.406 -0.0959618 -0.0132904 0.995296 75.4456
0.989651 0.10403 0.0988344 283.752 -0.102668 0.994538 -0.0187751 -13.4338 -0.100248 0.0084336 0.994927 77.4271
0.989121 0.10141 0.106561 283.952 -0.101886 0.994796 -0.000988031 -13.4799 -0.106106 -0.00987973 0.994306 79.4397
0.988828 0.0965347 0.113583 284.173 -0.0980947 0.995143 0.00821407 -13.5016 -0.112238 -0.0192642 0.993495 81.4437
0.987966 0.0968732 0.120574 284.397 -0.0970088 0.995272 -0.0047584 -13.5213 -0.120465 -0.00699564 0.992693 83.431
0.986618 0.0958792 0.131881 284.636 -0.0958522 0.995374 -0.00656779 -13.5482 -0.1319 -0.00616115 0.991244 85.4263
0.98483 0.0952934 0.145016 284.911 -0.0958055 0.995394 -0.00346433 -13.581 -0.144678 -0.0104816 0.989423 87.4042
0.984191 0.0836699 0.156099 285.226 -0.0851808 0.996361 0.00300303 -13.6151 -0.155279 -0.0162522 0.987737 89.3778
0.982137 0.0820413 0.169339 285.708 -0.0831153 0.99654 -0.000748369 -13.6459 -0.168815 -0.0133397 0.985558 92.2884
0.98055 0.0873404 0.175767 286.031 -0.0874276 0.996144 -0.00726247 -13.6755 -0.175724 -0.00824566 0.984405 94.2167
0.98055 0.0873404 0.175767 286.352 -0.0874276 0.996144 -0.00726247 -13.7089 -0.175724 -0.00824566 0.984405 96.135
0.982777 0.0713876 0.170447 286.85 -0.0718236 0.997411 -0.0036152 -13.7711 -0.170264 -0.0086892 0.98536 98.9898
0.982777 0.0713876 0.170447 287.155 -0.0718236 0.997411 -0.0036152 -13.7996 -0.170264 -0.0086892 0.98536 100.869
0.984261 0.06994 0.162294 287.457 -0.0688099 0.99755 -0.0125814 -13.8357 -0.162777 0.00121591 0.986662 102.725
0.984261 0.06994 0.162294 287.754 -0.0688099 0.99755 -0.0125814 -13.8805 -0.162777 0.00121591 0.986662 104.565
0.985653 0.0524183 0.160441 288.08 -0.0537818 0.998544 0.00416494 -13.9191 -0.159989 -0.012734 0.987037 106.401
0.986369 0.0386011 0.159955 288.387 -0.0405304 0.999139 0.00881525 -13.9437 -0.159477 -0.0151781 0.987085 108.18
0.986 0.040738 0.161694 288.674 -0.04054 0.999168 -0.00452494 -13.9569 -0.161744 -0.00209349 0.986831 109.907
0.986 0.040738 0.161694 288.952 -0.04054 0.999168 -0.00452494 -13.9784 -0.161744 -0.00209349 0.986831 111.607
0.983206 0.0393595 0.178205 289.371 -0.0399334 0.999202 -0.000366745 -14.0261 -0.178077 -0.00675574 0.983993 114.044
0.978489 0.0366131 0.203026 289.836 -0.0357743 0.999329 -0.0078013 -14.0806 -0.203175 0.000370386 0.979142 116.352
0.971744 0.0454528 0.231619 290.32 -0.0450291 0.99896 -0.00711849 -14.1354 -0.231701 -0.00351223 0.972781 118.504
0.964537 0.060007 0.257035 290.793 -0.0552525 0.998142 -0.0256867 -14.1934 -0.258099 0.010574 0.966061 120.415
0.96019 0.046198 0.275501 291.451 -0.046937 0.99889 -0.00391407 -14.2785 -0.275376 -0.00917294 0.961293 122.699
0.963456 0.0469026 0.263727 292.044 -0.0429149 0.998861 -0.0208644 -14.3354 -0.264406 0.00878412 0.964372 124.789
0.983256 0.0355593 0.178729 292.601 -0.0360789 0.999349 -0.0003432 -14.3988 -0.178625 -0.0061109 0.983898 127.438
0.999266 0.0341935 -0.0172866 292.722 -0.0343532 0.999369 -0.00903258 -14.428 0.0169668 0.0096198 0.99981 130.07
0.957999 0.0422504 -0.283642 292.115 -0.0391876 0.999096 0.0164666 -14.436 0.284081 -0.00465974 0.958789 132.7
0.862941 0.0527702 -0.502541 291.046 -0.0370065 0.998461 0.0412992 -14.3735 0.503948 -0.0170414 0.863566 134.679
0.755361 0.0707581 -0.651478 289.893 -0.0433659 0.997372 0.0580453 -14.2942 0.653873 -0.0155933 0.756444 135.995
0.634455 0.0763774 -0.769178 288.469 -0.0355645 0.996937 0.0696581 -14.177 0.772142 -0.0168395 0.635228 137.178
0.498323 0.0694192 -0.864208 286.212 -0.0432648 0.997539 0.0551818 -14.0085 0.865911 0.00989146 0.5001 138.498
0.456563 0.0893402 -0.885195 284.311 -0.0522377 0.995921 0.0735725 -13.8924 0.888157 0.01265 0.459367 139.447
0.451156 0.0927061 -0.887617 282.331 -0.0620446 0.995442 0.0724318 -13.7409 0.890286 0.0223938 0.454851 140.43
0.456617 0.0929837 -0.884791 280.246 -0.0687633 0.995237 0.0691037 -13.5873 0.887002 0.0292873 0.460836 141.481
0.464911 0.0901212 -0.880759 278.089 -0.0802526 0.995 0.059449 -13.4381 0.881713 0.0430446 0.469819 142.586
0.475271 0.0949001 -0.874707 275.802 -0.0821536 0.994609 0.0632708 -13.2945 0.875996 0.0417896 0.480505 143.812
0.475271 0.0949001 -0.874707 273.438 -0.0821536 0.994609 0.0632708 -13.1436 0.875996 0.0417896 0.480505 145.113
0.475271 0.0949001 -0.874707 270.966 -0.0821536 0.994609 0.0632708 -12.9762 0.875996 0.0417896 0.480505 146.458
0.483432 0.0874527 -0.871003 268.454 -0.08184 0.995155 0.0544946 -12.8231 0.871548 0.0449384 0.488247 147.845
0.497371 0.0892713 -0.862933 265.927 -0.0840338 0.994972 0.0544961 -12.6972 0.863459 0.0454108 0.502371 149.262
0.531191 0.0890781 -0.842556 262.612 -0.0832541 0.995133 0.0527214 -12.527 0.843152 0.0421411 0.536022 151.284
0.566055 0.0858622 -0.819884 259.393 -0.0702464 0.995968 0.0558039 -12.3686 0.821369 0.0260057 0.569804 153.447
0.580239 0.0766754 -0.810828 257.052 -0.0547149 0.996979 0.0551239 -12.2414 0.812606 0.0123794 0.582682 155.139
0.57618 0.0739276 -0.813973 254.703 -0.0428038 0.997264 0.0602755 -12.1057 0.816201 0.000111546 0.577768 156.83
0.560128 0.0708397 -0.825372 252.277 -0.0343429 0.997466 0.0623037 -11.9534 0.827694 -0.00655236 0.561141 158.498
0.546093 0.0648656 -0.835209 250.63 -0.0309789 0.997879 0.057244 -11.8532 0.837152 -0.0053866 0.546944 159.574
0.533747 0.0557538 -0.843804 248.957 -0.0227792 0.99841 0.0515603 -11.7623 0.845337 -0.00829898 0.534168 160.643
0.519788 0.0621772 -0.85203 247.27 -0.0123754 0.997791 0.0652645 -11.672 0.854206 -0.0233795 0.519409 161.691
0.506713 0.060071 -0.86002 245.565 -0.00273814 0.997677 0.0680728 -11.5639 0.862111 -0.0321386 0.505701 162.714
0.4933 0.0534634 -0.868215 243.84 0.00482865 0.997926 0.0641943 -11.4575 0.869846 -0.0358594 0.492018 163.707
0.482028 0.0485004 -0.874812 242.118 0.010081 0.998094 0.0608899 -11.3594 0.876097 -0.0381696 0.480621 164.653
0.473323 0.0534629 -0.879265 240.384 0.0136809 0.99759 0.0680222 -11.2575 0.880782 -0.0442257 0.471451 165.585
0.467566 0.0591334 -0.881978 238.64 0.0106562 0.99731 0.0725152 -11.1486 0.883894 -0.0433042 0.465678 166.491
