0.829967 -0.0182932 0.557512 -91.0865 0.0274997 0.999589 -0.00814002 0.60522 -0.557134 0.0220874 0.830129 220.054
0.901226 -0.0127709 0.43316 -90.4483 0.0199451 0.999729 -0.0120224 0.577646 -0.432889 0.0194744 0.901237 221.445
0.962237 0.0183473 0.271593 -89.785 -0.0183546 0.999828 -0.00251346 0.522815 -0.271593 -0.00256645 0.962409 223.855
0.971174 0.0350234 0.235783 -89.1017 -0.0347129 0.999382 -0.00546908 0.473847 -0.235829 -0.00287328 0.97179 226.846
0.937566 0.0214612 0.347146 -88.2051 -0.0239502 0.999709 0.00288057 0.416009 -0.346983 -0.011015 0.937807 229.641
0.758842 0.0161962 0.651074 -86.5691 -0.0124791 0.999869 -0.0103283 0.376428 -0.651156 -0.000287277 0.758944 231.979
0.533271 -0.00726295 0.845913 -84.9563 0.0125604 0.999921 0.000667084 0.342488 -0.845851 0.0102692 0.53332 233.003
0.401571 -0.00262735 0.915824 -83.9316 0.00951555 0.999954 -0.00130367 0.350282 -0.915778 0.00923809 0.401577 233.396
0.242771 -0.0106126 0.970026 -82.3861 0.00964828 0.999917 0.0085249 0.340053 -0.970036 0.00728948 0.242853 233.769
0.137548 -0.00146897 0.990495 -80.6564 0.0143109 0.999897 -0.000504425 0.328972 -0.990392 0.0142442 0.137555 233.978
0.0762162 0.0109553 0.997031 -78.6657 0.012825 0.999846 -0.0119666 0.312071 -0.997008 0.0136989 0.076064 234.144
0.0537807 0.0062411 0.998533 -76.9864 0.0220845 0.999728 -0.00743803 0.291499 -0.998308 0.0224521 0.0536283 234.219
0.0537807 0.0062411 0.998533 -75.1703 0.0220845 0.999728 -0.00743803 0.268507 -0.998308 0.0224521 0.0536283 234.316
0.045974 0.0115316 0.998876 -72.5176 0.0200538 0.999721 -0.0124643 0.238534 -0.998741 0.0206042 0.0457299 234.453
0.0364684 0.0141249 0.999235 -69.6119 0.0165576 0.999754 -0.0147365 0.19331 -0.999198 0.0170824 0.0362256 234.579
0.0364684 0.0141249 0.999235 -67.2956 0.0165576 0.999754 -0.0147365 0.141154 -0.999198 0.0170824 0.0362256 234.657
0.0282508 0.0134168 0.999511 -64.0987 0.0217406 0.999665 -0.0140334 0.0670687 -0.999365 0.0221264 0.0279497 234.746
0.0282508 0.0134168 0.999511 -62.4644 0.0217406 0.999665 -0.0140334 0.0226945 -0.999365 0.0221264 0.0279497 234.796
0.0230046 0.0206705 0.999523 -59.9438 0.0170969 0.999632 -0.0210663 -0.0385803 -0.99959 0.0175734 0.0226427 234.872
0.0230046 0.0206705 0.999523 -57.3407 0.0170969 0.999632 -0.0210663 -0.1108 -0.99959 0.0175734 0.0226427 234.938
0.0323604 0.0169775 0.999332 -54.7052 0.0249579 0.99953 -0.017789 -0.188106 -0.999165 0.0255169 0.0319215 235.006
0.0407101 0.0226328 0.998915 -52.0721 0.0231867 0.999453 -0.0235899 -0.276016 -0.998902 0.0241219 0.0401631 235.123
0.0407101 0.0226328 0.998915 -50.3206 0.0231867 0.999453 -0.0235899 -0.341592 -0.998902 0.0241219 0.0401631 235.202
0.0407101 0.0226328 0.998915 -48.5689 0.0231867 0.999453 -0.0235899 -0.400418 -0.998902 0.0241219 0.0401631 235.287
0.0461446 0.0129929 0.998849 -45.9618 0.0263856 0.999551 -0.0142209 -0.48481 -0.998585 0.0270115 0.045781 235.41
0.0490725 0.0324151 0.998269 -43.4197 0.0267206 0.999073 -0.0337547 -0.571454 -0.998437 0.0283308 0.0481608 235.544
0.0476508 0.0136863 0.99877 -40.8839 0.0273157 0.999514 -0.0149997 -0.667865 -0.99849 0.0279969 0.0472538 235.666
0.0490992 0.0215955 0.998559 -38.4012 0.0343655 0.999138 -0.0232977 -0.749809 -0.998202 0.0354599 0.0483148 235.783
0.0490992 0.0215955 0.998559 -36.7519 0.0343655 0.999138 -0.0232977 -0.811902 -0.998202 0.0354599 0.0483148 235.876
0.0490992 0.0215955 0.998559 -34.3541 0.0343655 0.999138 -0.0232977 -0.904825 -0.998202 0.0354599 0.0483148 235.994
0.0490992 0.0215955 0.998559 -31.197 0.0343655 0.999138 -0.0232977 -1.01681 -0.998202 0.0354599 0.0483148 236.169
0.0490992 0.0215955 0.998559 -28.1882 0.0343655 0.999138 -0.0232977 -1.13438 -0.998202 0.0354599 0.0483148 236.345
0.050548 0.0256747 0.998391 -25.3677 0.0229422 0.999376 -0.0268615 -1.24573 -0.998458 0.0242631 0.0499274 236.519
0.050548 0.0256747 0.998391 -23.3064 0.0229422 0.999376 -0.0268615 -1.32369 -0.998458 0.0242631 0.0499274 236.634
0.050548 0.0256747 0.998391 -21.2991 0.0229422 0.999376 -0.0268615 -1.40659 -0.998458 0.0242631 0.0499274 236.724
0.0436689 0.0315798 0.998546 -19.4178 0.0224876 0.999216 -0.0325844 -1.49175 -0.998792 0.0238778 0.0429245 236.815
0.0263891 0.028384 0.999249 -17.1637 0.0204799 0.999372 -0.0289284 -1.59742 -0.999442 0.0212279 0.0257912 236.895
-0.0124507 0.0264138 0.999573 -14.7573 0.0214953 0.999427 -0.0261421 -1.71484 -0.999691 0.0211607 -0.0130113 236.884
-0.0613636 0.0240205 0.997826 -12.7692 0.0229987 0.999479 -0.0226459 -1.79622 -0.997851 0.0215591 -0.0618841 236.776
-0.144669 0.020404 0.98927 -10.7211 0.0399207 0.999094 -0.0147688 -1.88264 -0.988675 0.0373558 -0.145352 236.48
-0.29658 0.0310826 0.954501 -8.8897 0.0497762 0.998615 -0.0170527 -1.93924 -0.953709 0.042454 -0.297717 235.925
-0.524992 0.0461484 0.849855 -7.11718 0.0513259 0.998428 -0.0225099 -1.9931 -0.849558 0.0318021 -0.526535 234.945
-0.677398 0.0410322 0.734471 -6.09647 0.0417122 0.998979 -0.0173383 -2.0247 -0.734433 0.0188915 -0.678418 234.016
-0.78827 0.0454651 0.613647 -5.38214 0.0462852 0.998822 -0.0145462 -2.03108 -0.613585 0.0169364 -0.789446 233.023
-0.855461 0.0495383 0.515493 -4.96454 0.0484217 0.998705 -0.0156187 -2.03488 -0.515599 0.0115998 -0.856751 232.239
-0.933003 0.0496497 0.356424 -4.46737 0.0498255 0.99872 -0.00869396 -2.05426 -0.3564 0.00964753 -0.934282 230.877
-0.975275 0.0568942 0.213537 -4.20325 0.0588568 0.998262 0.00283979 -2.04866 -0.213005 0.0153377 -0.976929 229.289
-0.992318 0.0560263 0.110295 -4.01112 0.0580305 0.998201 0.0150428 -2.03025 -0.109254 0.0213278 -0.993784 227.47
-0.997107 0.0571819 0.0501122 -3.89846 0.0581179 0.998158 0.0174243 -2.00011 -0.0490236 0.0202863 -0.998593 225.484
-0.998079 0.0619249 0.000899787 -3.86587 0.0619284 0.997782 0.0244178 -1.94471 0.00061428 0.0244267 -0.9997 222.49
-0.997865 0.0644431 -0.010701 -3.89348 0.0641438 0.997594 0.0262911 -1.89445 0.0123695 0.0255485 -0.999598 220.04
-0.997865 0.0644431 -0.010701 -3.91638 0.0641438 0.997594 0.0262911 -1.85634 0.0123695 0.0255485 -0.999598 218.331
-0.997865 0.0644431 -0.010701 -3.93195 0.0641438 0.997594 0.0262911 -1.79426 0.0123695 0.0255485 -0.999598 215.633
-0.997865 0.0644431 -0.010701 -3.94813 0.0641438 0.997594 0.0262911 -1.75749 0.0123695 0.0255485 -0.999598 213.738
-0.997865 0.0644431 -0.010701 -3.96142 0.0641438 0.997594 0.0262911 -1.71929 0.0123695 0.0255485 -0.999598 211.776
-0.997865 0.0644431 -0.010701 -3.9647 0.0641438 0.997594 0.0262911 -1.68017 0.0123695 0.0255485 -0.999598 209.763
-0.997865 0.0644431 -0.010701 -3.96075 0.0641438 0.997594 0.0262911 -1.63454 0.0123695 0.0255485 -0.999598 207.699
-0.997865 0.0644431 -0.010701 -3.96208 0.0641438 0.997594 0.0262911 -1.59807 0.0123695 0.0255485 -0.999598 205.589
-0.997865 0.0644431 -0.010701 -3.97103 0.0641438 0.997594 0.0262911 -1.55277 0.0123695 0.0255485 -0.999598 203.418
-0.997865 0.0644431 -0.010701 -3.98796 0.0641438 0.997594 0.0262911 -1.50992 0.0123695 0.0255485 -0.999598 201.208
-0.997865 0.0644431 -0.010701 -4.00283 0.0641438 0.997594 0.0262911 -1.47248 0.0123695 0.0255485 -0.999598 198.971
-0.997865 0.0644431 -0.010701 -4.01377 0.0641438 0.997594 0.0262911 -1.43485 0.0123695 0.0255485 -0.999598 196.71
-0.997865 0.0644431 -0.010701 -4.03853 0.0641438 0.997594 0.0262911 -1.39461 0.0123695 0.0255485 -0.999598 194.437
-0.997865 0.0644431 -0.010701 -4.06641 0.0641438 0.997594 0.0262911 -1.35435 0.0123695 0.0255485 -0.999598 192.128
-0.997865 0.0644431 -0.010701 -4.08106 0.0641438 0.997594 0.0262911 -1.31934 0.0123695 0.0255485 -0.999598 189.818
-0.997865 0.0644431 -0.010701 -4.10205 0.0641438 0.997594 0.0262911 -1.27632 0.0123695 0.0255485 -0.999598 187.477
-0.997865 0.0644431 -0.010701 -4.12034 0.0641438 0.997594 0.0262911 -1.23952 0.0123695 0.0255485 -0.999598 185.126
-0.997865 0.0644431 -0.010701 -4.15542 0.0641438 0.997594 0.0262911 -1.20114 0.0123695 0.0255485 -0.999598 182.749
-0.997865 0.0644431 -0.010701 -4.18075 0.0641438 0.997594 0.0262911 -1.15487 0.0123695 0.0255485 -0.999598 180.34
-0.997865 0.0644431 -0.010701 -4.20695 0.0641438 0.997594 0.0262911 -1.109 0.0123695 0.0255485 -0.999598 177.912
-0.997865 0.0644431 -0.010701 -4.24663 0.0641438 0.997594 0.0262911 -1.07043 0.0123695 0.0255485 -0.999598 175.459
-0.997865 0.0644431 -0.010701 -4.28351 0.0641438 0.997594 0.0262911 -1.03534 0.0123695 0.0255485 -0.999598 172.97
-0.997865 0.0644431 -0.010701 -4.31807 0.0641438 0.997594 0.0262911 -0.996059 0.0123695 0.0255485 -0.999598 170.464
-0.997865 0.0644431 -0.010701 -4.34194 0.0641438 0.997594 0.0262911 -0.949008 0.0123695 0.0255485 -0.999598 167.905
-0.997865 0.0644431 -0.010701 -4.35988 0.0641438 0.997594 0.0262911 -0.907624 0.0123695 0.0255485 -0.999598 165.352
-0.997865 0.0644431 -0.010701 -4.38855 0.0641438 0.997594 0.0262911 -0.872003 0.0123695 0.0255485 -0.999598 162.792
-0.997865 0.0644431 -0.010701 -4.41699 0.0641438 0.997594 0.0262911 -0.830065 0.0123695 0.0255485 -0.999598 160.203
-0.997865 0.0644431 -0.010701 -4.44475 0.0641438 0.997594 0.0262911 -0.7859 0.0123695 0.0255485 -0.999598 157.614
-0.997865 0.0644431 -0.010701 -4.45884 0.0641438 0.997594 0.0262911 -0.748303 0.0123695 0.0255485 -0.999598 155.023
-0.997865 0.0644431 -0.010701 -4.48548 0.0641438 0.997594 0.0262911 -0.706309 0.0123695 0.0255485 -0.999598 152.417
-0.997865 0.0644431 -0.010701 -4.51552 0.0641438 0.997594 0.0262911 -0.671576 0.0123695 0.0255485 -0.999598 149.789
-0.997865 0.0644431 -0.010701 -4.53474 0.0641438 0.997594 0.0262911 -0.638973 0.0123695 0.0255485 -0.999598 147.179
-0.997865 0.0644431 -0.010701 -4.55695 0.0641438 0.997594 0.0262911 -0.60411 0.0123695 0.0255485 -0.999598 144.573
-0.997865 0.0644431 -0.010701 -4.57572 0.0641438 0.997594 0.0262911 -0.573164 0.0123695 0.0255485 -0.999598 141.989
-0.997865 0.0644431 -0.010701 -4.59503 0.0641438 0.997594 0.0262911 -0.540604 0.0123695 0.0255485 -0.999598 139.405
-0.997865 0.0644431 -0.010701 -4.60564 0.0641438 0.997594 0.0262911 -0.509509 0.0123695 0.0255485 -0.999598 136.843
-0.997865 0.0644431 -0.010701 -4.62442 0.0641438 0.997594 0.0262911 -0.466323 0.0123695 0.0255485 -0.999598 134.298
-0.997865 0.0644431 -0.010701 -4.64392 0.0641438 0.997594 0.0262911 -0.431902 0.0123695 0.0255485 -0.999598 131.743
-0.997865 0.0644431 -0.010701 -4.66402 0.0641438 0.997594 0.0262911 -0.40331 0.0123695 0.0255485 -0.999598 129.198
-0.997865 0.0644431 -0.010701 -4.6911 0.0641438 0.997594 0.0262911 -0.372915 0.0123695 0.0255485 -0.999598 126.672
-0.997865 0.0644431 -0.010701 -4.71428 0.0641438 0.997594 0.0262911 -0.344013 0.0123695 0.0255485 -0.999598 124.175
-0.997865 0.0644431 -0.010701 -4.7324 0.0641438 0.997594 0.0262911 -0.318418 0.0123695 0.0255485 -0.999598 121.7
-0.997865 0.0644431 -0.010701 -4.74949 0.0641438 0.997594 0.0262911 -0.301766 0.0123695 0.0255485 -0.999598 119.284
-0.997865 0.0644431 -0.010701 -4.77462 0.0641438 0.997594 0.0262911 -0.283094 0.0123695 0.0255485 -0.999598 116.932
-0.997865 0.0644431 -0.010701 -4.81243 0.0641438 0.997594 0.0262911 -0.258337 0.0123695 0.0255485 -0.999598 113.513
-0.997865 0.0644431 -0.010701 -4.8357 0.0641438 0.997594 0.0262911 -0.249952 0.0123695 0.0255485 -0.999598 111.35
-0.997865 0.0644431 -0.010701 -4.8866 0.0641438 0.997594 0.0262911 -0.227627 0.0123695 0.0255485 -0.999598 108.238
-0.997865 0.0644431 -0.010701 -4.91041 0.0641438 0.997594 0.0262911 -0.210709 0.0123695 0.0255485 -0.999598 106.254
-0.997865 0.0644431 -0.010701 -4.92576 0.0641438 0.997594 0.0262911 -0.198691 0.0123695 0.0255485 -0.999598 104.381
-0.997865 0.0644431 -0.010701 -4.9517 0.0641438 0.997594 0.0262911 -0.184162 0.0123695 0.0255485 -0.999598 101.768
-0.997865 0.0644431 -0.010701 -4.96397 0.0641438 0.997594 0.0262911 -0.174354 0.0123695 0.0255485 -0.999598 100.153
-0.997194 0.0748413 0.00156041 -4.99286 0.0748563 0.996842 0.0265154 -0.161891 0.00042897 0.0265578 -0.999647 97.8922
-0.996216 0.0812504 0.0309276 -4.96051 0.0820618 0.99629 0.0259365 -0.155227 -0.0287055 0.0283762 -0.999187 96.4958
-0.98627 0.0855502 0.141266 -4.67902 0.0890941 0.995843 0.0189441 -0.15534 -0.139058 0.0312699 -0.989792 93.9977
-0.963841 0.0728805 0.256321 -4.23789 0.0782691 0.996873 0.0108702 -0.16925 -0.254727 0.0305392 -0.966532 92.3248
-0.919528 0.0506036 0.389751 -3.577 0.0581095 0.998282 0.00748357 -0.186494 -0.388702 0.0295296 -0.920889 90.8304
-0.815349 0.0186308 0.578667 -2.40091 0.0311222 0.999447 0.0116733 -0.199779 -0.57813 0.0275273 -0.815478 89.0844
-0.652763 0.0136025 0.757439 -0.923332 0.0313203 0.999468 0.00904286 -0.212895 -0.756914 0.0296261 -0.652842 87.663
-0.506512 0.00974201 0.862178 0.405134 0.0269601 0.999626 0.00454345 -0.213952 -0.861812 0.0255457 -0.506586 86.902
-0.305725 0.0123001 0.952042 2.33978 0.0226964 0.999727 -0.00562779 -0.247039 -0.95185 0.0198874 -0.30592 86.2677
-0.187991 0.010566 0.982113 3.85695 0.00937236 0.999916 -0.00896353 -0.266306 -0.982125 0.00751964 -0.188075 86.0346
-0.117303 0.0208212 0.992878 5.41296 0.010572 0.99975 -0.0197163 -0.317558 -0.99304 0.0081839 -0.117494 85.8744
-0.0820798 0.0263071 0.996279 7.04918 0.0143989 0.999579 -0.025208 -0.352547 -0.996522 0.0122763 -0.082424 85.7391
-0.0695502 0.0189375 0.997398 8.7767 0.0140696 0.999739 -0.0180008 -0.402544 -0.997478 0.012781 -0.0697985 85.6252
-0.0679126 0.0217324 0.997453 10.6305 0.0229323 0.999533 -0.0202163 -0.450697 -0.997426 0.021501 -0.0683792 85.4916
-0.0679126 0.0217324 0.997453 11.9409 0.0229323 0.999533 -0.0202163 -0.482651 -0.997426 0.021501 -0.0683792 85.3998
-0.0654684 0.0216602 0.997619 14.0177 0.0333008 0.999255 -0.0195103 -0.533241 -0.997299 0.0319442 -0.0661409 85.2453
-0.0522285 0.0221087 0.99839 16.2456 0.0436721 0.998849 -0.0198342 -0.584332 -0.99768 0.0425659 -0.0531339 85.1008
-0.0272982 0.0190883 0.999444 18.5924 0.0507834 0.998553 -0.0176842 -0.635863 -0.998336 0.0502724 -0.0282281 85.0268
0.00481217 0.0184155 0.999818 21.0561 0.044568 0.998833 -0.0186118 -0.688949 -0.998994 0.0446495 0.00398581 85.0496
0.0349664 0.0290188 0.998968 23.6256 0.0308422 0.999071 -0.0301014 -0.763629 -0.998913 0.0318629 0.0340389 85.1393
0.0426099 0.0248998 0.998781 26.2261 0.0173626 0.99952 -0.0256589 -0.86663 -0.998941 0.0184348 0.0421571 85.2839
0.030242 0.0278969 0.999154 28.7951 0.0065944 0.999583 -0.0281085 -0.965407 -0.999522 0.0074389 0.0300454 85.3879
-6.10529e-05 0.0250017 0.999689 31.3582 0.00234925 0.999685 -0.0250015 -1.07068 -0.999999 0.00234702 -0.000119769 85.4197
-0.037201 0.025575 0.99898 33.8891 0.00609574 0.99966 -0.0253654 -1.16658 -0.999289 0.00514589 -0.0373442 85.3603
-0.0642252 0.0247345 0.997629 35.568 0.0105273 0.999654 -0.0241069 -1.22543 -0.99788 0.0089541 -0.0644634 85.2683
-0.0902155 0.0224477 0.99567 37.2302 0.0150212 0.999663 -0.0211767 -1.28116 -0.995809 0.0130457 -0.0905223 85.1326
-0.103101 0.0246007 0.994366 38.9034 0.0185099 0.999568 -0.0228102 -1.33916 -0.994498 0.0160538 -0.103512 84.9546
-0.103101 0.0246007 0.994366 40.5793 0.0185099 0.999568 -0.0228102 -1.3955 -0.994498 0.0160538 -0.103512 84.7696
-0.103101 0.0246007 0.994366 42.3013 0.0185099 0.999568 -0.0228102 -1.44932 -0.994498 0.0160538 -0.103512 84.5931
-0.103101 0.0246007 0.994366 44.9367 0.0185099 0.999568 -0.0228102 -1.52042 -0.994498 0.0160538 -0.103512 84.3547
-0.103101 0.0246007 0.994366 46.7243 0.0185099 0.999568 -0.0228102 -1.57799 -0.994498 0.0160538 -0.103512 84.1917
-0.103101 0.0246007 0.994366 48.5033 0.0185099 0.999568 -0.0228102 -1.63487 -0.994498 0.0160538 -0.103512 84.0101
-0.123831 0.0251652 0.991984 51.1629 0.00337182 0.999683 -0.0249396 -1.73061 -0.992297 0.000256489 -0.123877 83.7311
-0.172474 0.0325894 0.984474 53.7945 -0.00401809 0.999421 -0.0337882 -1.83384 -0.985005 -0.00978331 -0.172243 83.3493
-0.212245 0.0254474 0.976886 55.5467 0.00146314 0.999668 -0.025723 -1.90302 -0.977217 -0.00403022 -0.212212 82.9794
-0.274367 0.0277783 0.961225 58.0963 0.0132649 0.999597 -0.025101 -2.00316 -0.961535 0.00586369 -0.274625 82.2963
-0.312842 0.0266377 0.949432 59.7541 0.0213511 0.999551 -0.0210086 -2.07323 -0.949565 0.0136991 -0.31327 81.7572
-0.355287 0.0285487 0.934323 62.1871 0.031341 0.999335 -0.0186175 -2.15082 -0.934233 0.0226681 -0.355945 80.8388
-0.371768 0.00922429 0.928279 63.824 0.0319624 0.999485 0.00286884 -2.17942 -0.927774 0.0307366 -0.371871 80.186
-0.378309 0.0251719 0.925336 66.2911 0.0367932 0.999249 -0.0121401 -2.20666 -0.924947 0.0294534 -0.378951 79.1877
-0.378309 0.0251719 0.925336 68.7701 0.0367932 0.999249 -0.0121401 -2.27858 -0.924947 0.0294534 -0.378951 78.1821
-0.384913 0.0163984 0.922807 70.4596 0.0375397 0.999293 -0.00209935 -2.30815 -0.922189 0.0338338 -0.385256 77.4763
-0.399639 0.0145845 0.916557 72.1618 0.0372898 0.999304 0.000357909 -2.33154 -0.915914 0.0343212 -0.399905 76.7494
-0.423799 0.020149 0.905531 73.8559 0.0386914 0.999243 -0.00412612 -2.34897 -0.904928 0.0332877 -0.424257 75.9717
-0.450701 0.0263413 0.892288 75.5522 0.038906 0.999194 -0.00984564 -2.38003 -0.891828 0.0302779 -0.451363 75.1235
-0.480125 0.037773 0.876385 78.0857 0.0430248 0.998884 -0.0194817 -2.44334 -0.876143 0.0283527 -0.481214 73.7585
-0.487253 0.0319395 0.872678 79.8071 0.0449437 0.998924 -0.011466 -2.48679 -0.872104 0.0336345 -0.488165 72.8035
-0.487253 0.0319395 0.872678 81.5319 0.0449437 0.998924 -0.011466 -2.52645 -0.872104 0.0336345 -0.488165 71.8333
-0.487253 0.0319395 0.872678 83.2604 0.0449437 0.998924 -0.011466 -2.56971 -0.872104 0.0336345 -0.488165 70.8681
-0.487253 0.0319395 0.872678 84.9713 0.0449437 0.998924 -0.011466 -2.61501 -0.872104 0.0336345 -0.488165 69.9287
-0.498766 0.0277398 0.866293 86.6916 0.0365184 0.999273 -0.0109726 -2.66633 -0.865968 0.0261628 -0.499416 68.9774
-0.527928 0.0179449 0.8491 89.1761 0.0295167 0.99956 -0.00277269 -2.72584 -0.848777 0.0235989 -0.528225 67.4959
-0.563367 0.0152851 0.826065 91.561 0.0254523 0.999675 -0.00113924 -2.77663 -0.825814 0.0203835 -0.563573 65.9277
-0.600501 0.0179532 0.799421 93.8562 0.0234311 0.999714 -0.00485055 -2.8288 -0.799279 0.0158185 -0.60075 64.2617
-0.624247 0.0158982 0.781065 95.3277 0.0242765 0.999705 -0.000946029 -2.86245 -0.78085 0.018371 -0.624449 63.1035
-0.645252 0.0183937 0.763749 96.7438 0.0283724 0.999597 -0.000103428 -2.8887 -0.763444 0.0216027 -0.645514 61.9133
-0.658893 0.0235399 0.751869 98.1223 0.0362571 0.999342 0.000485566 -2.91023 -0.751363 0.0275805 -0.659313 60.7002
-0.665094 0.0266461 0.746286 99.4688 0.0413351 0.999145 0.00116366 -2.93519 -0.745617 0.0316217 -0.665627 59.5007
-0.665094 0.0266461 0.746286 100.783 0.0413351 0.999145 0.00116366 -2.9589 -0.745617 0.0316217 -0.665627 58.3257
-0.665094 0.0266461 0.746286 102.061 0.0413351 0.999145 0.00116366 -2.97703 -0.745617 0.0316217 -0.665627 57.2122
-0.655249 0.0284217 0.754878 103.265 0.044661 0.999002 0.00115347 -3.00438 -0.754091 0.0344694 -0.655864 56.1656
-0.645784 0.0271486 0.763037 104.426 0.044222 0.99902 0.00188176 -3.03367 -0.762238 0.0349583 -0.646351 55.198
-0.635894 0.0275784 0.771285 106.051 0.0438131 0.99904 0.000400071 -3.06451 -0.770533 0.0340468 -0.636491 53.8622
-0.643366 0.0420106 0.764406 108.143 0.0503197 0.998655 -0.0125327 -3.12094 -0.763904 0.0304016 -0.644615 52.1133
-0.660642 0.022479 0.750366 110.17 0.0446359 0.998959 0.0093723 -3.16467 -0.749374 0.039685 -0.660958 50.3636
-0.670727 0.0286987 0.741149 112.18 0.0375068 0.999285 -0.00475114 -3.18181 -0.740755 0.0246114 -0.671324 48.5811
-0.670727 0.0286987 0.741149 113.741 0.0375068 0.999285 -0.00475114 -3.21327 -0.740755 0.0246114 -0.671324 47.1688
-0.660618 0.0173464 0.750522 115.379 0.0402086 0.999116 0.0123001 -3.22156 -0.749645 0.0383031 -0.660731 45.7042
-0.64126 0.0144394 0.767188 117.109 0.0328412 0.999423 0.00864013 -3.21764 -0.766621 0.0307359 -0.641364 44.2759
-0.630257 0.00538439 0.776369 118.334 0.0195826 0.999768 0.00896343 -3.22584 -0.776141 0.0208526 -0.630217 43.321
-0.624547 0.00534129 0.780968 119.587 0.00124976 0.999982 -0.00583974 -3.22534 -0.780986 -0.00267117 -0.624542 42.3627
-0.620964 0.00221498 0.783837 120.876 -0.00816353 0.999923 -0.00929284 -3.24367 -0.783797 -0.0121694 -0.620898 41.3809
-0.620964 0.00221498 0.783837 122.201 -0.00816353 0.999923 -0.00929284 -3.26372 -0.783797 -0.0121694 -0.620898 40.3477
-0.620964 0.00221498 0.783837 123.564 -0.00816353 0.999923 -0.00929284 -3.29185 -0.783797 -0.0121694 -0.620898 39.272
-0.620964 0.00221498 0.783837 124.96 -0.00816353 0.999923 -0.00929284 -3.32325 -0.783797 -0.0121694 -0.620898 38.1809
-0.620964 0.00221498 0.783837 126.366 -0.00816353 0.999923 -0.00929284 -3.34717 -0.783797 -0.0121694 -0.620898 37.0398
-0.620964 0.00221498 0.783837 127.842 -0.00816353 0.999923 -0.00929284 -3.3749 -0.783797 -0.0121694 -0.620898 35.8933
-0.625003 -0.00714454 0.78059 130.093 -0.0115706 0.999933 -0.000112219 -3.42338 -0.780537 -0.00910203 -0.625044 34.1162
-0.627087 -0.0158175 0.778789 133.126 -0.022919 0.999736 0.00185053 -3.44827 -0.778613 -0.0166886 -0.627283 31.715
-0.627087 -0.0158175 0.778789 134.641 -0.022919 0.999736 0.00185053 -3.46742 -0.778613 -0.0166886 -0.627283 30.5275
-0.618713 -0.00545177 0.785597 136.911 -0.00697394 0.999975 0.00144699 -3.50362 -0.785585 -0.00458344 -0.618735 28.7175
-0.61349 0.00742635 0.789668 138.429 0.0114025 0.999935 -0.000545249 -3.51792 -0.789621 0.00866967 -0.613535 27.5166
-0.61349 0.00742635 0.789668 139.936 0.0114025 0.999935 -0.000545249 -3.54335 -0.789621 0.00866967 -0.613535 26.3707
-0.61517 -0.00369669 0.788385 141.442 0.00383421 0.999963 0.00768057 -3.56713 -0.788384 0.00774769 -0.615133 25.2143
-0.61517 -0.00369669 0.788385 142.948 0.00383421 0.999963 0.00768057 -3.57517 -0.788384 0.00774769 -0.615133 24.0502
-0.61517 -0.00369669 0.788385 144.427 0.00383421 0.999963 0.00768057 -3.58463 -0.788384 0.00774769 -0.615133 22.9168
-0.61878 0.00350436 0.785555 145.906 0.000176113 0.999991 -0.00432222 -3.59822 -0.785563 -0.00253616 -0.618775 21.7754
-0.62044 0.00119233 0.784251 147.382 0.00594669 0.999977 0.00318428 -3.61822 -0.78423 0.00663936 -0.620433 20.6176
-0.62044 0.00119233 0.784251 148.838 0.00594669 0.999977 0.00318428 -3.62945 -0.78423 0.00663936 -0.620433 19.4731
-0.618636 0.00782584 0.785637 150.267 0.00307449 0.999967 -0.00753985 -3.6473 -0.78567 -0.00224899 -0.61864 18.3521
-0.618636 0.00782584 0.785637 151.681 0.00307449 0.999967 -0.00753985 -3.68115 -0.78567 -0.00224899 -0.61864 17.258
-0.618636 0.00782584 0.785637 153.718 0.00307449 0.999967 -0.00753985 -3.73998 -0.78567 -0.00224899 -0.61864 15.6567
-0.628292 0.0162035 0.777809 155.627 0.0126026 0.999864 -0.0106493 -3.80227 -0.777876 0.00311156 -0.628411 14.1332
-0.640985 0.00550094 0.767535 157.391 0.0128341 0.999911 0.00355164 -3.84818 -0.767448 0.0121272 -0.640998 12.6998
-0.645504 0.0232925 0.763403 158.435 0.018962 0.999716 -0.0144692 -3.87199 -0.763523 0.00513572 -0.645762 11.8094
-0.637376 0.0342919 0.76979 159.866 0.0392343 0.999158 -0.0120241 -3.91947 -0.769554 0.0225383 -0.638184 10.5879
-0.583915 0.0469671 0.810456 161.254 0.0611302 0.998034 -0.0137946 -3.98092 -0.809511 0.0414885 -0.585639 9.52103
-0.443125 0.0431844 0.895419 163.242 0.0590624 0.998075 -0.0189065 -4.04921 -0.894512 0.0445077 -0.444823 8.45235
-0.282129 0.0563199 0.957721 165.337 0.0554811 0.997563 -0.0423189 -4.1499 -0.95777 0.0411961 -0.284566 7.76418
-0.164711 0.0430773 0.985401 167.061 0.0417882 0.998454 -0.036663 -4.22819 -0.985456 0.0351394 -0.166256 7.49946
-0.0786671 0.0312367 0.996412 168.856 0.0252288 0.999251 -0.0293339 -4.29958 -0.996582 0.0228307 -0.0793963 7.38997
-0.0409366 0.0276612 0.998778 170.713 -0.00388137 0.999605 -0.0278431 -4.37956 -0.999154 -0.00501644 -0.0408131 7.37327
-0.0371287 0.0303438 0.99885 172.64 -0.0115343 0.999459 -0.0307911 -4.44538 -0.999244 -0.0126643 -0.0367586 7.31629
-0.0506037 0.0254488 0.998395 174.624 -0.0115123 0.999594 -0.0260629 -4.52533 -0.998653 -0.0128127 -0.0502902 7.22873
-0.0759629 0.0453093 0.996081 177.343 -0.0106764 0.998873 -0.0462506 -4.64378 -0.997054 -0.0141479 -0.0753935 7.05374
-0.0961004 0.0304527 0.994905 179.479 -0.0196095 0.99928 -0.0324808 -4.74645 -0.995178 -0.0226311 -0.095434 6.88165
-0.106471 0.0391251 0.993546 181.643 -0.0115041 0.99911 -0.040577 -4.84543 -0.99425 -0.0157501 -0.105927 6.65359
-0.106471 0.0391251 0.993546 183.121 -0.0115041 0.99911 -0.040577 -4.91076 -0.99425 -0.0157501 -0.105927 6.5064
-0.106471 0.0391251 0.993546 184.619 -0.0115041 0.99911 -0.040577 -4.98017 -0.99425 -0.0157501 -0.105927 6.35973
-0.106471 0.0391251 0.993546 186.128 -0.0115041 0.99911 -0.040577 -5.0597 -0.99425 -0.0157501 -0.105927 6.20569
-0.106471 0.0391251 0.993546 186.889 -0.0115041 0.99911 -0.040577 -5.09422 -0.99425 -0.0157501 -0.105927 6.13305
-0.106471 0.0391251 0.993546 188.427 -0.0115041 0.99911 -0.040577 -5.16678 -0.99425 -0.0157501 -0.105927 5.99426
-0.105117 0.0460386 0.993394 189.957 -0.00510855 0.99889 -0.0468339 -5.25407 -0.994447 -0.00999785 -0.104766 5.83514
-0.105699 0.0510678 0.993086 191.489 -0.0118723 0.998544 -0.0526121 -5.33137 -0.994327 -0.0173513 -0.104939 5.68216
-0.105699 0.0510678 0.993086 193.063 -0.0118723 0.998544 -0.0526121 -5.42697 -0.994327 -0.0173513 -0.104939 5.52201
-0.108834 0.0576019 0.99239 194.615 -0.0164393 0.998079 -0.059735 -5.5246 -0.993924 -0.0228154 -0.107678 5.36029
-0.108834 0.0576019 0.99239 196.204 -0.0164393 0.998079 -0.059735 -5.62719 -0.993924 -0.0228154 -0.107678 5.19294
-0.114454 0.055761 0.991862 198.637 -0.00936585 0.998319 -0.0572047 -5.80085 -0.993384 -0.015837 -0.113739 4.91694
-0.114779 0.0477295 0.992243 201.083 3.4879e-05 0.998845 -0.048043 -5.9561 -0.993391 -0.00547975 -0.114648 4.62514
-0.112536 0.0513814 0.992319 203.577 0.0102515 0.998669 -0.0505476 -6.10488 -0.993596 0.00448438 -0.112913 4.33989
-0.112536 0.0513814 0.992319 205.251 0.0102515 0.998669 -0.0505476 -6.20638 -0.993596 0.00448438 -0.112913 4.16981
-0.112536 0.0513814 0.992319 206.916 0.0102515 0.998669 -0.0505476 -6.30748 -0.993596 0.00448438 -0.112913 3.99666
-0.109659 0.0686722 0.991595 208.564 0.00858088 0.997639 -0.0681419 -6.42305 -0.993933 0.00103641 -0.10999 3.83009
-0.107012 0.0574349 0.992596 210.23 0.0021589 0.998341 -0.0575345 -6.54089 -0.994254 -0.00401402 -0.106958 3.66571
-0.107012 0.0574349 0.992596 212.753 0.0021589 0.998341 -0.0575345 -6.69772 -0.994254 -0.00401402 -0.106958 3.40941
-0.107012 0.0574349 0.992596 215.269 0.0021589 0.998341 -0.0575345 -6.8692 -0.994254 -0.00401402 -0.106958 3.15396
-0.107266 0.0541844 0.992753 217.831 0.010431 0.99852 -0.0533721 -7.04004 -0.994176 0.00463036 -0.107673 2.8777
-0.103949 0.0607606 0.992725 220.394 0.0188888 0.998073 -0.0591101 -7.20754 -0.994403 0.012607 -0.104896 2.59731
-0.103949 0.0607606 0.992725 223.037 0.0188888 0.998073 -0.0591101 -7.3764 -0.994403 0.012607 -0.104896 2.335
-0.106262 0.061174 0.992454 225.69 0.00896118 0.998124 -0.060564 -7.56736 -0.994297 0.00245787 -0.106611 2.07562
-0.106262 0.061174 0.992454 227.488 0.00896118 0.998124 -0.060564 -7.6805 -0.994297 0.00245787 -0.106611 1.88426
-0.110196 0.0694052 0.991483 230.146 0.0195211 0.997518 -0.067658 -7.87946 -0.993717 0.0118991 -0.111278 1.58887
-0.115419 0.0542769 0.991834 232.816 0.0102424 0.998518 -0.0534508 -8.09294 -0.993265 0.00398957 -0.115804 1.31486
-0.115419 0.0542769 0.991834 234.595 0.0102424 0.998518 -0.0534508 -8.21392 -0.993265 0.00398957 -0.115804 1.11891
-0.11585 0.0659269 0.991076 236.363 0.00912338 0.997823 -0.0653092 -8.34531 -0.993225 0.00147587 -0.1162 0.927662
-0.11585 0.0659269 0.991076 238.129 0.00912338 0.997823 -0.0653092 -8.48299 -0.993225 0.00147587 -0.1162 0.720629
-0.11585 0.0659269 0.991076 239.898 0.00912338 0.997823 -0.0653092 -8.62367 -0.993225 0.00147587 -0.1162 0.530534
-0.112012 0.0762414 0.990777 241.637 0.00929331 0.997089 -0.0756764 -8.7647 -0.993662 0.000730882 -0.112394 0.345164
-0.10775 0.0633813 0.992157 243.374 0.0109719 0.997981 -0.0625618 -8.91227 -0.994119 0.00414481 -0.108228 0.162305
-0.103939 0.0738585 0.991837 245.089 0.0103543 0.997265 -0.0731776 -9.04699 -0.99453 0.00266373 -0.104419 -0.014454
-0.103939 0.0738585 0.991837 246.811 0.0103543 0.997265 -0.0731776 -9.19424 -0.99453 0.00266373 -0.104419 -0.193907
-0.0986166 0.06368 0.993086 249.322 0.00888127 0.997967 -0.0631111 -9.40017 -0.995086 0.00259606 -0.0989817 -0.417624
-0.0986166 0.06368 0.993086 250.952 0.00888127 0.997967 -0.0631111 -9.54041 -0.995086 0.00259606 -0.0989817 -0.575146
-0.0986166 0.06368 0.993086 252.52 0.00888127 0.997967 -0.0631111 -9.65884 -0.995086 0.00259606 -0.0989817 -0.724744
-0.099442 0.0527796 0.993641 254.063 0.00684347 0.998605 -0.0523583 -9.78008 -0.995018 0.00159327 -0.0996645 -0.869782
-0.100188 0.0620233 0.993035 255.52 0.00563075 0.998075 -0.0617701 -9.89153 -0.994954 -0.000597024 -0.100344 -1.01077
-0.100188 0.0620233 0.993035 256.931 0.00563075 0.998075 -0.0617701 -9.99914 -0.994954 -0.000597024 -0.100344 -1.15203
-0.108101 0.0606091 0.992291 258.318 0.0105144 0.998154 -0.0598217 -10.1009 -0.994084 0.00396653 -0.108538 -1.30058
-0.123303 0.0624002 0.990406 259.643 0.0107569 0.998047 -0.0615425 -10.2067 -0.992311 0.00306536 -0.123733 -1.45831
-0.144209 0.0635722 0.987503 260.908 0.0141793 0.997965 -0.062175 -10.3012 -0.989446 0.0050359 -0.144817 -1.64806
-0.168258 0.0584592 0.984006 262.145 0.0239234 0.998188 -0.0552109 -10.3894 -0.985451 0.014251 -0.169352 -1.86457
-0.190706 0.0493899 0.980403 263.308 0.0322935 0.998509 -0.0440202 -10.4754 -0.981115 0.0232657 -0.192017 -2.11539
-0.211763 0.0490103 0.976092 264.403 0.0414531 0.998293 -0.0411318 -10.5483 -0.976442 0.0317519 -0.213433 -2.37041
-0.248565 0.0596275 0.966778 266.344 0.0572693 0.997262 -0.0467833 -10.6646 -0.966921 0.043738 -0.2513 -2.88491
-0.259418 0.0598533 0.963909 268.294 0.0690891 0.996671 -0.0432936 -10.7991 -0.963291 0.0553645 -0.26269 -3.44047
-0.162925 0.0687801 0.984237 270.292 0.061798 0.99632 -0.0593947 -10.9369 -0.9847 0.051147 -0.166576 -3.83227
0.034673 0.0541029 0.997933 271.819 0.0382513 0.99773 -0.0554209 -11.0368 -0.998667 0.0400938 0.0325248 -3.7382
0.272748 0.0574712 0.960367 273.022 0.00561511 0.998102 -0.0613241 -11.1436 -0.962069 0.0221186 0.271907 -3.31416
0.496518 0.0563448 0.866196 274.029 0.00989038 0.997459 -0.0705526 -11.2284 -0.867971 0.0435977 0.494699 -2.7091
0.702522 0.0664671 0.708552 274.935 -0.0224557 0.997204 -0.0712801 -11.3252 -0.711308 0.0341648 0.70205 -1.66465
0.820449 0.0686561 0.567582 275.532 -0.0449183 0.997435 -0.055722 -11.394 -0.569952 0.0202223 0.821429 -0.612119
0.89659 0.0839504 0.434831 276.044 -0.0687959 0.996351 -0.050508 -11.4557 -0.437485 0.0153705 0.899095 0.61272
0.945707 0.0952737 0.310742 276.671 -0.0846823 0.995278 -0.0474321 -11.5448 -0.313794 0.0185426 0.94931 2.56422
0.966256 0.0942902 0.239706 277.091 -0.0867038 0.995347 -0.0420241 -11.6183 -0.242553 0.0198226 0.969936 4.28859
0.980639 0.0972961 0.169941 277.404 -0.0911689 0.994884 -0.0435123 -11.6994 -0.173305 0.0271766 0.984493 6.20723
0.986624 0.107695 0.122376 277.65 -0.102576 0.993595 -0.0474054 -11.7698 -0.126697 0.0342185 0.991351 8.31576
0.990832 0.0987978 0.0921427 277.868 -0.0965577 0.99492 -0.0284716 -11.8694 -0.0944875 0.0193135 0.995339 10.6032
0.990748 0.109684 0.0799292 278.035 -0.107207 0.993632 -0.0346614 -11.9435 -0.083222 0.0257717 0.996198 13.048
0.990748 0.109684 0.0799292 278.159 -0.107207 0.993632 -0.0346614 -12.0115 -0.083222 0.0257717 0.996198 14.7677
0.990748 0.109684 0.0799292 278.301 -0.107207 0.993632 -0.0346614 -12.0813 -0.083222 0.0257717 0.996198 16.5567
0.990957 0.102808 0.0862238 278.46 -0.101039 0.994577 -0.024641 -12.1451 -0.0882895 0.0157062 0.995971 18.4007
0.990957 0.102808 0.0862238 278.623 -0.101039 0.994577 -0.024641 -12.2066 -0.0882895 0.0157062 0.995971 20.2699
0.991061 0.0974355 0.0911286 278.794 -0.0946723 0.994922 -0.0341789 -12.2791 -0.0939961 0.025246 0.995252 22.1555
0.991061 0.0974355 0.0911286 278.975 -0.0946723 0.994922 -0.0341789 -12.3576 -0.0939961 0.025246 0.995252 24.0732
0.9916 0.0883498 0.0944636 279.164 -0.0869521 0.996035 -0.0188194 -12.4314 -0.0957517 0.0104475 0.99535 26.0323
0.9916 0.0883498 0.0944636 279.429 -0.0869521 0.996035 -0.0188194 -12.5161 -0.0957517 0.0104475 0.99535 28.9947
0.9916 0.0883498 0.0944636 279.686 -0.0869521 0.996035 -0.0188194 -12.6088 -0.0957517 0.0104475 0.99535 31.9892
0.990815 0.0973873 0.0938196 279.934 -0.0964874 0.995234 -0.0140925 -12.6777 -0.094745 0.00491068 0.995489 35.0506
0.990273 0.103273 0.0932382 280.098 -0.103576 0.99462 -0.00159809 -12.7196 -0.0929016 -0.00807472 0.995643 37.0852
0.990273 0.103273 0.0932382 280.263 -0.103576 0.99462 -0.00159809 -12.7512 -0.0929016 -0.00807472 0.995643 39.1013
0.990273 0.103273 0.0932382 280.438 -0.103576 0.99462 -0.00159809 -12.7788 -0.0929016 -0.00807472 0.995643 41.1214
0.990584 0.0999204 0.093588 280.617 -0.0993063 0.994994 -0.0112077 -12.8097 -0.0942393 0.00180829 0.995548 43.1225
0.989814 0.103789 0.0974444 280.797 -0.104155 0.99456 -0.0013388 -12.8423 -0.0970533 -0.00882414 0.99524 45.1491
0.988102 0.113244 0.104066 281.078 -0.113068 0.993558 -0.00761444 -12.8897 -0.104258 -0.0042426 0.994541 48.1634
0.987052 0.114399 0.11243 281.382 -0.115838 0.993248 0.0063266 -12.9202 -0.110947 -0.0192683 0.99364 51.1969
0.988938 0.0997392 0.109792 281.617 -0.0997325 0.994999 -0.00556655 -12.9434 -0.109798 -0.00544486 0.993939 53.2322
0.989524 0.101218 0.102946 281.913 -0.102392 0.994725 0.00617046 -12.9811 -0.101778 -0.0166467 0.994668 56.2757
0.989195 0.11006 0.096848 282.079 -0.109873 0.993919 -0.0072822 -13.0001 -0.0970605 -0.00343744 0.995273 58.2962
0.98944 0.112283 0.0916621 282.255 -0.111392 0.993666 -0.0147972 -13.0369 -0.092743 0.00443061 0.99568 60.3156
0.989425 0.113476 0.0903442 282.425 -0.113714 0.99351 -0.00252889 -13.0819 -0.0900449 -0.00777125 0.995907 62.3195
0.989425 0.113476 0.0903442 282.586 -0.113714 0.99351 -0.00252889 -13.1118 -0.0900449 -0.00777125 0.995907 64.3293
0.989425 0.113476 0.0903442 282.753 -0.113714 0.99351 -0.00252889 -13.1406 -0.0900449 -0.00777125 0.995907 66.3409
0.989425 0.113476 0.0903442 282.934 -0.113714 0.99351 -0.00252889 -13.1627 -0.0900449 -0.00777125 0.995907 68.3571
0.990123 0.105681 0.0921334 283.197 -0.10462 0.994379 -0.016286 -13.2278 -0.0933366 0.00648609 0.995613 71.3355
0.990215 0.100151 0.0971826 283.382 -0.101041 0.994873 0.00426547 -13.2674 -0.0962572 -0.0140431 0.995257 73.3702
0.990215 0.100151 0.0971826 283.571 -0.101041 0.994873 0.00426547 -13.2869 -0.0962572 -0.0140431 0.995257 75.3614
0.989666 0.103526 0.0992123 283.754 -0.102236 0.994597 -0.0180084 -13.3132 -0.100541 0.00767927 0.994903 77.3428
0.989134 0.1009 0.10693 283.956 -0.101458 0.99484 -0.000218705 -13.3577 -0.1064 -0.0106326 0.994267 79.3553
0.988836 0.0960201 0.113948 284.177 -0.0976715 0.995178 0.00898627 -13.3778 -0.112536 -0.0200154 0.993446 81.3593
0.987971 0.0963627 0.120944 284.402 -0.0965915 0.995316 -0.00398307 -13.396 -0.120762 -0.00774702 0.992651 83.3465
0.986618 0.095369 0.132251 284.642 -0.0954439 0.995418 -0.00578722 -13.4214 -0.132197 -0.0069128 0.991199 85.3418
0.984825 0.0947827 0.145385 284.918 -0.0954085 0.995435 -0.00267794 -13.4526 -0.144975 -0.0112336 0.989372 87.3196
0.984177 0.0831561 0.156464 285.233 -0.0847913 0.996392 0.00379336 -13.4851 -0.155584 -0.0170001 0.987676 89.293
0.982117 0.0815283 0.169706 285.716 -0.0827365 0.996571 4.82126e-05 -13.5135 -0.16912 -0.0140882 0.985495 92.2034
0.980529 0.0868296 0.176135 286.04 -0.0870545 0.996183 -0.00646464 -13.5416 -0.176024 -0.00899462 0.984345 94.1316
0.980529 0.0868296 0.176135 286.361 -0.0870545 0.996183 -0.00646464 -13.5734 -0.176024 -0.00899462 0.984345 96.0499
0.982751 0.0708751 0.170814 286.861 -0.0714446 0.997441 -0.00281895 -13.6334 -0.170577 -0.00943343 0.985299 98.9045
0.982751 0.0708751 0.170814 287.166 -0.0714446 0.997441 -0.00281895 -13.6603 -0.170577 -0.00943343 0.985299 100.784
0.984235 0.0694311 0.162666 287.469 -0.0684248 0.997587 -0.0117875 -13.695 -0.163092 0.000471325 0.986611 102.639
0.984235 0.0694311 0.162666 287.767 -0.0684248 0.997587 -0.0117875 -13.7383 -0.163092 0.000471325 0.986611 104.479
0.98562 0.0519044 0.160805 288.093 -0.0533947 0.998561 0.00495768 -13.7753 -0.160317 -0.0134725 0.986974 106.316
0.986331 0.0380862 0.160316 288.401 -0.0401426 0.999148 0.009607 -13.7985 -0.159813 -0.0159112 0.987019 108.094
0.98596 0.0402287 0.162062 288.689 -0.0401549 0.999186 -0.00373229 -13.8103 -0.16208 -0.00282768 0.986774 109.821
0.98596 0.0402287 0.162062 288.968 -0.0401549 0.999186 -0.00373229 -13.8305 -0.16208 -0.00282768 0.986774 111.521
0.98316 0.0388471 0.17857 289.387 -0.0395602 0.999217 0.000433092 -13.8762 -0.178413 -0.00749004 0.983927 113.958
0.978432 0.0361045 0.203392 289.853 -0.0354225 0.999348 -0.00699376 -13.9288 -0.203512 -0.000361739 0.979072 116.266
0.971681 0.0449423 0.231982 290.338 -0.044701 0.998981 -0.00629969 -13.9818 -0.232029 -0.00424855 0.9727 118.417
0.964469 0.059502 0.257407 290.811 -0.0549468 0.99818 -0.0248603 -14.0382 -0.258417 0.00983333 0.965983 120.329
0.960112 0.0456849 0.27586 291.471 -0.0466454 0.998907 -0.00308163 -14.1213 -0.275699 -0.0099089 0.961193 122.612
0.96338 0.0463959 0.264096 292.064 -0.0426135 0.998891 -0.0200358 -14.1764 -0.264733 0.00804802 0.964288 124.702
0.983207 0.035047 0.179095 292.623 -0.0357059 0.999362 0.000455806 -14.2376 -0.178965 -0.0068429 0.983832 127.351
0.999289 0.0336867 -0.0169108 292.744 -0.033831 0.999393 -0.00832129 -14.2649 0.0166203 0.00888749 0.999822 129.983
0.958124 0.0417396 -0.283294 292.139 -0.0384953 0.999114 0.0170117 -14.2712 0.283753 -0.00539382 0.958882 132.613
0.863146 0.052254 -0.502243 291.07 -0.0362035 0.998476 0.0416639 -14.2078 0.503655 -0.017779 0.863722 134.593
0.755624 0.0702443 -0.651228 289.917 -0.0425106 0.997396 0.0582582 -14.1282 0.653625 -0.0163372 0.756643 135.909
0.634757 0.075863 -0.768979 288.494 -0.0346858 0.996963 0.069723 -14.0109 0.771933 -0.0175845 0.63546 137.092
0.498665 0.0689153 -0.864051 286.237 -0.0423884 0.997581 0.0551021 -13.8426 0.865758 0.00914825 0.500379 138.413
0.456917 0.088837 -0.885062 284.337 -0.0513648 0.995975 0.0734525 -13.7267 0.888025 0.0118993 0.459641 139.363
0.451515 0.0922071 -0.887486 282.357 -0.061174 0.995505 0.0723071 -13.5755 0.890163 0.0216433 0.455126 140.346
0.456978 0.0924877 -0.884656 280.273 -0.0678925 0.995305 0.0689851 -13.4222 0.886883 0.0285369 0.461111 141.398
0.465278 0.0896294 -0.880616 278.116 -0.0793817 0.995077 0.0593376 -13.2734 0.881598 0.0422962 0.470102 142.504
0.475635 0.0944086 -0.874562 275.829 -0.0812805 0.994687 0.0631713 -13.13 0.87588 0.0410384 0.480781 143.73
0.475635 0.0944086 -0.874562 273.465 -0.0812805 0.994687 0.0631713 -12.9794 0.87588 0.0410384 0.480781 145.032
0.475635 0.0944086 -0.874562 270.994 -0.0812805 0.994687 0.0631713 -12.8123 0.87588 0.0410384 0.480781 146.378
0.483794 0.0869625 -0.870851 268.482 -0.0809671 0.995231 0.0544024 -12.6594 0.871428 0.0441907 0.488528 147.766
0.49773 0.0887805 -0.862776 265.956 -0.0831592 0.995049 0.0544175 -12.5338 0.863336 0.0446626 0.502649 149.184
0.531543 0.0885857 -0.842387 262.641 -0.0823758 0.995208 0.0526777 -12.3638 0.843017 0.0413918 0.536293 151.207
0.566394 0.0853629 -0.819702 259.424 -0.0693664 0.99603 0.055795 -12.2055 0.82121 0.0252579 0.570066 153.371
0.580567 0.0761723 -0.810642 257.082 -0.0538346 0.997027 0.0551307 -12.0783 0.812431 0.0116335 0.582942 155.064
0.576504 0.0734193 -0.81379 254.734 -0.041922 0.997301 0.0602772 -11.9426 0.816019 -0.000634348 0.578026 156.756
0.56045 0.0703285 -0.825197 252.309 -0.0334611 0.997497 0.0622873 -11.7903 0.827512 -0.00729694 0.5614 158.424
0.546417 0.0643552 -0.835036 250.662 -0.030099 0.997908 0.0572118 -11.6901 0.836972 -0.00612767 0.547212 159.501
0.53407 0.0552413 -0.843633 248.989 -0.0218982 0.998432 0.0515146 -11.5994 0.845156 -0.00903827 0.534442 160.571
0.52011 0.0616602 -0.851871 247.302 -0.0114954 0.997806 0.0652048 -11.5092 0.854022 -0.0241211 0.519678 161.619
0.507032 0.0595494 -0.859867 245.598 -0.00185935 0.997684 0.0679973 -11.4012 0.861925 -0.032878 0.505968 162.642
0.493618 0.0529411 -0.868065 243.873 0.00570528 0.997927 0.0641052 -11.2949 0.86966 -0.0365961 0.492293 163.636
0.482345 0.0479786 -0.874667 242.151 0.0109568 0.99809 0.0607911 -11.197 0.875913 -0.0389059 0.480899 164.583
0.473639 0.0529375 -0.879126 240.417 0.0145569 0.997585 0.0679132 -11.0954 0.880598 -0.0449637 0.471725 165.516
