-0.0406477 0.0589999 -0.997429 117.042 0.0208376 0.998088 0.0581896 -4.22426 0.998956 -0.0184187 -0.0417994 213.324
-0.0351916 0.049467 -0.998156 115.036 0.0229683 0.99855 0.0486768 -4.18299 0.999117 -0.0212129 -0.0362768 213.27
-0.0291203 0.0458036 -0.998525 113.233 0.0292944 0.99856 0.0449508 -4.1208 0.999146 -0.0279422 -0.0304202 213.269
-0.0525355 0.0501387 -0.99736 112.398 0.0325647 0.998294 0.0484703 -4.08605 0.998088 -0.0299324 -0.0540786 213.301
-0.0294124 0.0469497 -0.998464 110.384 0.0295312 0.998501 0.0460815 -4.00404 0.999131 -0.0281305 -0.0307548 213.144
-0.0401166 0.0431143 -0.998265 108.476 0.0295345 0.998683 0.0419455 -3.92111 0.998759 -0.0278006 -0.0413371 213.144
-0.0431952 0.0459828 -0.998009 106.622 0.0344055 0.998416 0.0445126 -3.88487 0.998475 -0.0324143 -0.0447089 213.073
-0.0406707 0.0524612 -0.997794 104.752 0.0369592 0.998016 0.0509663 -3.8164 0.998488 -0.0348049 -0.042529 212.959
-0.0465831 0.0656072 -0.996758 102.866 0.0390843 0.997196 0.0638095 -3.77991 0.99815 -0.0359851 -0.0490167 212.901
-0.0358345 0.0566645 -0.997749 100.988 0.033201 0.997908 0.0554811 -3.62938 0.998805 -0.0311381 -0.0376409 212.746
-0.0608842 0.0508478 -0.99685 99.2374 0.0358664 0.998168 0.0487246 -3.55615 0.997501 -0.0327868 -0.0625964 212.763
-0.04211 0.0604411 -0.997282 97.4637 0.0401232 0.997466 0.058758 -3.55571 0.998306 -0.0375399 -0.0444284 212.548
-0.0489939 0.0600372 -0.996994 95.8497 0.0359835 0.99765 0.0583085 -3.47319 0.998152 -0.0330187 -0.0510391 212.515
-0.0528096 0.0572866 -0.996959 94.2216 0.0349197 0.997849 0.0554879 -3.38218 0.997993 -0.0318832 -0.0546964 212.439
-0.062416 0.0561706 -0.996468 92.6673 0.0337232 0.997964 0.0541426 -3.33216 0.99748 -0.0302247 -0.0641832 212.327
-0.0385409 0.0490142 -0.998053 90.558 0.0316516 0.998355 0.0478066 -3.24414 0.998755 -0.0297474 -0.0400289 212.115
0.0577924 0.0235094 -0.998051 87.4141 0.022951 0.999427 0.0248707 -3.22435 0.998064 -0.0243436 0.0572197 212.235
0.238819 0.00391319 -0.971057 83.9515 0.00777481 0.999952 0.00594176 -3.20935 0.971034 -0.00896878 0.238777 212.858
0.549773 0.0444164 -0.834132 80.8516 -0.0197761 0.998997 0.0401609 -3.30243 0.83508 -0.00558344 0.5501 214.255
0.731867 0.0130209 -0.681322 79.2786 -0.0179666 0.999839 -0.000191418 -3.1043 0.68121 0.0123812 0.731983 215.906
0.862835 -0.00262416 -0.50548 78.0737 -0.013768 0.999494 -0.0286902 -3.17469 0.505299 0.0317144 0.862362 217.875
0.949991 -0.0170124 -0.311813 77.2335 0.00845893 0.99955 -0.0287635 -3.24757 0.312162 0.0246875 0.949708 220.223
0.986046 -0.0130571 -0.16596 76.8503 0.00669538 0.999223 -0.0388347 -3.33399 0.166338 0.0371816 0.985368 222.201
0.99739 -0.0277323 -0.0666647 76.7147 0.0237771 0.997951 -0.0594077 -3.43583 0.0681756 0.0576675 0.996005 224.302
0.999227 -0.0255663 -0.0298518 76.6898 0.0243199 0.998847 -0.041394 -3.52365 0.0308757 0.040636 0.998697 225.788
0.999424 -0.0337864 -0.00308132 76.7089 0.0337191 0.999236 -0.0197644 -3.6306 0.00374673 0.0196491 0.9998 228.06
0.998989 -0.0444834 0.00656578 76.7466 0.0446583 0.998568 -0.0294526 -3.73338 -0.00524623 0.029716 0.999545 231.13
0.999001 -0.0443057 0.00590517 76.771 0.0444615 0.998574 -0.0295586 -3.82732 -0.00458713 0.0297916 0.999546 233.539
0.997847 -0.0655257 0.00264692 76.8106 0.0655779 0.996759 -0.0465883 -3.93962 0.000414389 0.0466616 0.998911 236.019
0.997036 -0.0765711 -0.007485 76.8254 0.0763497 0.996732 -0.0263853 -4.10029 0.00948089 0.0257356 0.999624 239.441
0.998451 -0.0541723 -0.0126539 76.752 0.0538671 0.998276 -0.0233249 -4.21388 0.0138956 0.0226071 0.999648 243.006
0.998703 -0.0492308 -0.0130238 76.7109 0.0486954 0.998066 -0.0386457 -4.3175 0.0149012 0.0379614 0.999168 245.757
0.999213 -0.0383374 -0.0102011 76.661 0.0380945 0.999009 -0.0230284 -4.43003 0.0110739 0.0226217 0.999683 248.631
0.999213 -0.0381554 -0.0108106 76.6245 0.0378975 0.999014 -0.0231303 -4.51569 0.0116825 0.0227024 0.999674 251.583
0.999085 -0.0411404 -0.011676 76.5899 0.0406843 0.998489 -0.0369332 -4.57214 0.0131778 0.0364244 0.99925 253.601
0.999103 -0.0393288 -0.0156707 76.5582 0.0390662 0.999097 -0.0167258 -4.65947 0.0163144 0.0160986 0.999737 255.668
0.999101 -0.0391428 -0.016262 76.5135 0.038869 0.999103 -0.0168264 -4.71817 0.0169061 0.0161792 0.999726 257.748
0.999099 -0.038957 -0.0168475 76.4783 0.038672 0.999109 -0.0169267 -4.77539 0.0174919 0.0162599 0.999715 259.857
0.999096 -0.0387712 -0.0174242 76.3989 0.038475 0.999114 -0.0170266 -4.85019 0.0180689 0.0163409 0.999703 263.052
0.999093 -0.0385854 -0.0179951 76.3495 0.038278 0.99912 -0.0171263 -4.90936 0.0186401 0.016422 0.999691 265.186
0.998927 -0.0421254 -0.0192621 76.2879 0.0415834 0.99875 -0.0277227 -5.01156 0.0204058 0.0268919 0.99943 268.361
0.998923 -0.0419456 -0.0198202 76.2456 0.0413865 0.998756 -0.0278218 -5.10117 0.0209626 0.0269715 0.999416 270.471
0.99892 -0.041766 -0.0203699 76.1677 0.0411901 0.998761 -0.0279206 -5.22691 0.0215108 0.0270514 0.999403 273.605
0.998916 -0.0415863 -0.020911 76.0988 0.0409935 0.998766 -0.0280193 -5.34726 0.0220504 0.0271317 0.999389 276.727
0.998912 -0.0414068 -0.0214463 76.0392 0.0407973 0.998772 -0.0281176 -5.43283 0.0225843 0.027212 0.999375 278.81
0.998908 -0.0412274 -0.0219759 75.9905 0.0406012 0.998777 -0.0282159 -5.51115 0.0231123 0.0272928 0.99936 280.898
0.998904 -0.0410478 -0.022497 75.9071 0.0404051 0.998782 -0.0283139 -5.64061 0.0236319 0.0273739 0.999346 283.99
0.9989 -0.0408684 -0.0230098 75.8153 0.0402093 0.998787 -0.0284116 -5.76671 0.024143 0.0274551 0.999331 287.069
0.998895 -0.0406891 -0.0235142 75.7473 0.0400138 0.998792 -0.0285093 -5.88204 0.0246458 0.0275369 0.999317 290.125
0.998572 -0.0439501 -0.0303696 75.6661 0.042869 0.998454 -0.035377 -6.0209 0.0318775 0.0340245 0.998912 293.142
0.998462 -0.0391579 -0.0392441 75.535 0.0385027 0.999108 -0.0173158 -6.148 0.0398871 0.0157782 0.99908 296.216
0.997782 -0.0463549 -0.0477819 75.3959 0.0449265 0.998523 -0.0305465 -6.25781 0.0491274 0.028332 0.998391 299.223
0.996777 -0.0532616 -0.0599821 75.2335 0.0512437 0.998083 -0.0346931 -6.39108 0.061715 0.0315076 0.997596 302.19
0.996109 -0.0534642 -0.07006 75.0901 0.0504318 0.997742 -0.0443605 -6.4924 0.0722734 0.0406546 0.996556 304.159
0.995612 -0.0480312 -0.0803118 74.921 0.0452582 0.998326 -0.0359999 -6.60024 0.0819065 0.0322072 0.996119 306.144
0.99464 -0.0402339 -0.0952484 74.6614 0.0372298 0.998758 -0.03311 -6.72909 0.0964623 0.0293864 0.994903 309.066
0.994964 -0.00873192 -0.0998475 74.2988 0.00569929 0.999515 -0.0306176 -6.86807 0.100066 0.0298943 0.994532 311.984
0.995503 -0.00184271 -0.09471 73.9931 -0.00199265 0.999182 -0.0403853 -6.99801 0.094707 0.0403924 0.994685 314.912
0.996791 0.00035666 -0.0800466 73.7242 -0.00270488 0.999569 -0.0292292 -7.13137 0.0800017 0.0293519 0.996362 317.89
0.997639 0.0109884 -0.0677871 73.5601 -0.012496 0.999683 -0.0218567 -7.20906 0.0675254 0.0226522 0.99746 319.877
0.998533 0.0195371 -0.0504955 73.3603 -0.0215566 0.998977 -0.0397637 -7.32983 0.049667 0.0407939 0.997932 322.838
0.99909 0.00907283 -0.0416637 73.2715 -0.0104325 0.999416 -0.032535 -7.42382 0.0413442 0.0329401 0.998602 324.851
0.99948 0.00205892 -0.0321785 73.1688 -0.00322636 0.999337 -0.0362704 -7.55387 0.0320825 0.0363554 0.998824 327.869
0.999467 0.00223422 -0.0325778 73.1051 -0.00341925 0.999333 -0.0363653 -7.65038 0.0324748 0.0364573 0.998807 329.88
0.999594 0.00308705 -0.028338 73.0047 -0.00384235 0.999638 -0.0266377 -7.79592 0.0282455 0.0267357 0.999243 332.926
0.999602 0.00740199 -0.0272196 72.9017 -0.00844687 0.999224 -0.0384747 -7.92155 0.0269137 0.0386893 0.998889 335.931
0.999645 -0.00076861 -0.0266138 72.8179 -4.41866e-05 0.999534 -0.0305264 -8.06885 0.0266249 0.0305167 0.99918 338.927
0.999636 -0.000591158 -0.0269791 72.7453 -0.000235353 0.999531 -0.0306218 -8.19522 0.0269845 0.030617 0.999167 341.882
0.999626 -0.000413797 -0.0273363 72.6691 -0.000426258 0.999528 -0.0307174 -8.32969 0.0273361 0.0307176 0.999154 344.745
0.999715 -0.00844911 -0.0223153 72.5998 0.00770206 0.999414 -0.0333533 -8.45483 0.022584 0.0331719 0.999194 347.486
0.999957 0.00866423 -0.00334093 72.524 -0.00877762 0.999329 -0.0355677 -8.62193 0.00303052 0.0355955 0.999362 350.976
0.999909 0.00432705 0.0128088 72.5364 -0.00396108 0.999587 -0.0284607 -8.74066 -0.0129267 0.0284074 0.999513 353.44
0.999764 -0.00357034 0.0214217 72.5706 0.00397041 0.999818 -0.0186624 -8.81405 -0.0213511 0.0187431 0.999596 354.993
0.999705 -0.00287225 0.0241291 72.5986 0.00354764 0.999602 -0.0279947 -8.8753 -0.024039 0.028072 0.999317 356.441
0.999638 -0.0116016 0.0242619 72.6501 0.0124386 0.999322 -0.0346386 -8.93827 -0.0238436 0.0349278 0.999105 357.808
0.999683 -0.0102894 0.0229673 72.6726 0.0113188 0.998916 -0.0451486 -9.01046 -0.0224778 0.0453942 0.998716 359.161
0.999716 -0.0200197 0.0129421 72.7052 0.0204596 0.999185 -0.0347969 -9.11391 -0.012235 0.0350518 0.999311 361.204
0.999357 -0.0243627 -0.0263181 72.6566 0.0233884 0.999052 -0.0367141 -9.24299 0.0271876 0.0360749 0.998979 363.836
0.996247 -0.0146012 -0.0853119 72.4164 0.011571 0.999288 -0.0359066 -9.37037 0.0857754 0.0347847 0.995707 366.492
0.991992 0.00432015 -0.126229 72.0413 -0.00994019 0.998985 -0.0439268 -9.49846 0.125911 0.0448297 0.991028 369.287
0.992058 0.0191809 -0.124307 71.6114 -0.0236257 0.999129 -0.0343818 -9.63953 0.123539 0.0370456 0.991648 372.314
0.995581 0.0143142 -0.0928131 71.2691 -0.0186468 0.998768 -0.0459827 -9.77093 0.0920406 0.0475101 0.994621 375.566
0.998735 0.0185856 -0.0467306 71.0248 -0.0205353 0.998923 -0.0415953 -9.93327 0.0459072 0.0425023 0.998041 379.089
0.99985 0.00828876 -0.0152321 70.9559 -0.00903741 0.99872 -0.0497566 -10.1348 0.0148002 0.0498867 0.998645 382.801
0.999998 0.00170094 -0.00139614 70.9404 -0.00175711 0.999147 -0.0412674 -10.2853 0.00132475 0.0412697 0.999147 385.758
0.999997 0.00187487 -0.00163732 70.9382 -0.00194099 0.999142 -0.041367 -10.3755 0.00155836 0.04137 0.999143 387.786
0.999996 0.00204878 -0.00187267 70.9217 -0.00212468 0.999138 -0.0414665 -10.4736 0.0017861 0.0414704 0.999138 389.869
0.999921 -0.00144502 -0.0125061 70.874 0.000960891 0.999253 -0.038631 -10.6273 0.0125526 0.0386159 0.999175 393.061
0.999627 -0.0114495 -0.0248122 70.8084 0.010195 0.998692 -0.0501099 -10.7932 0.0253534 0.0498383 0.998435 396.25
0.999479 -0.00883831 -0.0310284 70.7354 0.00753812 0.999099 -0.041773 -10.9167 0.0313696 0.0415173 0.998645 398.384
0.999395 -0.00318238 -0.0346442 70.6428 0.00197386 0.99939 -0.0348622 -11.0247 0.034734 0.0347727 0.998791 400.516
0.999388 -0.00300719 -0.0348401 70.4968 0.00178858 0.999387 -0.0349558 -11.1797 0.0349238 0.0348721 0.998781 403.696
0.999328 0.000684816 -0.0366365 70.364 -0.00228164 0.999048 -0.0435615 -11.3398 0.0365718 0.0436159 0.998379 406.826
0.999357 -0.000564406 -0.035846 70.2818 -0.000598805 0.999474 -0.0324312 -11.4464 0.0358455 0.0324318 0.998831 408.92
0.999351 -0.000388892 -0.0360186 70.165 -0.000783308 0.999471 -0.0325244 -11.5703 0.0360122 0.0325316 0.998822 412.033
0.999379 0.00704101 -0.0345348 70.0627 -0.0085767 0.998972 -0.0445232 -11.7246 0.0341858 0.0447918 0.998411 415.058
0.999467 -0.00483861 -0.0322827 69.9267 0.00378286 0.999459 -0.0326847 -11.9542 0.0324233 0.0325452 0.998944 419.091
0.99946 0.00281567 -0.0327278 69.8275 -0.00418177 0.999119 -0.041748 -12.1069 0.0325815 0.0418624 0.998592 421.962
0.998963 0.00432076 -0.0453289 69.7007 -0.00608779 0.999224 -0.038917 -12.262 0.0451256 0.0391526 0.998214 424.716
0.997893 0.00133281 -0.0648637 69.5316 -0.00330912 0.999533 -0.0303707 -12.3991 0.0647929 0.0305213 0.997432 427.342
0.995781 0.00560476 -0.0915892 69.2249 -0.00883102 0.999353 -0.0348581 -12.5517 0.0913346 0.0355198 0.995187 430.599
0.991984 0.00899766 -0.126046 68.8538 -0.0140247 0.999139 -0.0390523 -12.7222 0.125586 0.040507 0.991255 433.592
0.987412 0.0285791 -0.155567 68.4138 -0.0334595 0.999024 -0.0288434 -12.8704 0.154591 0.0336855 0.987404 436.272
0.991297 0.0527922 -0.120593 68.0354 -0.0562821 0.998084 -0.0257165 -12.9793 0.119004 0.0322799 0.992369 438.613
0.995991 0.060614 0.0657871 68.0515 -0.0584318 0.997691 -0.0346035 -13.118 -0.0677327 0.0306207 0.997234 441.178
0.925078 0.0403839 0.377625 68.8266 -0.0227344 0.998436 -0.0510816 -13.2565 -0.379097 0.0386693 0.924549 443.326
0.778342 0.022129 0.62745 69.8907 0.00719771 0.998998 -0.0441615 -13.3768 -0.627799 0.038889 0.777404 444.671
0.580032 0.00112691 0.814592 71.298 0.039014 0.998813 -0.0291617 -13.4524 -0.813658 0.0486952 0.5793 445.599
0.409463 -0.00385422 0.91232 72.4495 0.0401821 0.999097 -0.0138135 -13.4833 -0.911442 0.042315 0.409248 446.07
0.243215 -0.000593244 0.969972 73.6971 0.0566572 0.998301 -0.0135959 -13.5125 -0.968316 0.0582626 0.242835 446.276
0.0833843 0.0150027 0.996404 75.586 0.0491329 0.998609 -0.0191476 -13.5373 -0.995305 0.0505529 0.0825312 446.441
0.0165367 0.0149945 0.99975 77.7372 0.0651335 0.997748 -0.0160417 -13.5785 -0.997739 0.0653825 0.0155228 446.449
0.0235029 0.00938439 0.999679 80.1558 0.0640787 0.997886 -0.010874 -13.6238 -0.997667 0.0643138 0.0228519 446.513
0.0235581 0.00955576 0.999676 82.1396 0.064175 0.997877 -0.0110508 -13.6467 -0.99766 0.0644146 0.0228948 446.577
0.0347422 0.0250707 0.999082 84.9768 0.0623351 0.997684 -0.0272033 -13.7088 -0.997451 0.063223 0.033099 446.672
0.0419911 0.0119203 0.999047 88.0953 0.0551914 0.998374 -0.014232 -13.7809 -0.997593 0.0557365 0.0412649 446.821
0.0420287 0.0120916 0.999044 90.5693 0.0552851 0.998367 -0.0144092 -13.8274 -0.997586 0.0558379 0.0412916 446.939
0.042468 0.0335284 0.998535 94.0201 0.0524859 0.997982 -0.035742 -13.9176 -0.997718 0.0539269 0.0406225 447.097
0.0424908 0.0336994 0.998529 95.828 0.0525798 0.997971 -0.0359181 -13.9865 -0.997713 0.0540286 0.0406327 447.184
0.0367962 0.020097 0.999121 97.6765 0.0501263 0.998502 -0.0219306 -14.0564 -0.998065 0.0508891 0.0357337 447.256
0.0368139 0.0202678 0.999117 99.544 0.0502215 0.998493 -0.0221057 -14.1133 -0.99806 0.050991 0.0357406 447.319
0.0368261 0.0204384 0.999113 101.436 0.050317 0.998485 -0.0222802 -14.1724 -0.998055 0.0510929 0.0357419 447.379
0.0368355 0.0206089 0.999109 103.352 0.0504127 0.998476 -0.0224545 -14.2326 -0.99805 0.0511949 0.0357405 447.464
0.0368394 0.0207791 0.999105 106.212 0.0505085 0.998467 -0.0226282 -14.327 -0.998043 0.0512969 0.0357334 447.587
0.0368377 0.020949 0.999101 109.114 0.0506046 0.998458 -0.0228013 -14.4393 -0.998039 0.0513991 0.0357208 447.723
0.0368304 0.0211189 0.999098 111.071 0.0507009 0.99845 -0.0229742 -14.5 -0.998034 0.0515013 0.0357025 447.801
0.0350222 0.00916852 0.999345 114.008 0.0533912 0.998513 -0.011032 -14.5851 -0.99796 0.0537425 0.0344806 447.898
0.0350071 0.00933808 0.999343 115.946 0.053488 0.998506 -0.0112039 -14.6289 -0.997954 0.0538451 0.0344553 447.966
0.0349864 0.00950747 0.999342 117.874 0.0535851 0.998498 -0.0113754 -14.6721 -0.99795 0.0539479 0.0344244 448.026
0.0349574 0.00967678 0.999343 120.772 0.0536824 0.998491 -0.0115464 -14.7354 -0.997947 0.0540507 0.0343852 448.117
0.0370041 0.0290694 0.998892 123.621 0.0432735 0.998593 -0.0306637 -14.8285 -0.998378 0.0443602 0.035694 448.244
0.037656 0.0145002 0.999186 126.466 0.0428042 0.998954 -0.01611 -14.9311 -0.998374 0.0433759 0.0369959 448.359
0.039707 0.0099289 0.999162 129.259 0.0532583 0.998508 -0.0120389 -15.0068 -0.997791 0.0536917 0.0391189 448.456
0.0426309 0.025053 0.998777 131.984 0.048157 0.998472 -0.0271008 -15.0914 -0.99793 0.0492534 0.0413593 448.575
0.0469512 0.0268965 0.998535 134.719 0.0393643 0.998811 -0.0287548 -15.1975 -0.998121 0.0406567 0.0458366 448.72
0.0650852 0.0112472 0.997816 137.455 0.0401109 0.999099 -0.0138779 -15.289 -0.997073 0.0409266 0.0645754 448.886
0.094384 0.00890386 0.995497 140.142 0.0421909 0.999026 -0.0129356 -15.361 -0.994642 0.0432218 0.0939164 449.127
0.115478 0.0177337 0.993152 141.892 0.0381278 0.999025 -0.0222719 -15.4142 -0.992578 0.0404386 0.114689 449.343
0.135378 0.012147 0.990719 143.638 0.0322214 0.999342 -0.0166557 -15.4649 -0.99027 0.0341772 0.134897 449.588
0.153427 0.0102686 0.988106 145.363 0.0300562 0.999435 -0.0150533 -15.517 -0.987702 0.0320083 0.153032 449.854
0.17636 0.0187187 0.984147 147.929 0.0297624 0.999261 -0.0243395 -15.5983 -0.983875 0.0335831 0.175672 450.31
0.200179 0.00540573 0.979745 150.498 0.0307336 0.999458 -0.0117939 -15.6778 -0.979278 0.0324719 0.199904 450.844
0.229365 0.0138116 0.973243 153.003 0.033974 0.999176 -0.0221864 -15.7475 -0.972748 0.0381538 0.228707 451.407
0.252473 0.000336524 0.967604 154.669 0.041164 0.999091 -0.0110882 -15.7998 -0.966728 0.0426299 0.252229 451.83
0.284759 0.0149932 0.958482 157.086 0.0551848 0.997963 -0.0320059 -15.8818 -0.95701 0.0620076 0.283352 452.516
0.301651 0.0175451 0.953258 158.683 0.0496455 0.998185 -0.0340821 -15.957 -0.952126 0.0576058 0.300233 453.033
0.322173 -0.00121884 0.94668 161.064 0.0508015 0.998581 -0.016003 -16.0597 -0.945317 0.0532486 0.321777 453.839
0.344269 0.0116116 0.938799 163.401 0.0484536 0.998371 -0.0301169 -16.1449 -0.937619 0.0558565 0.343146 454.675
0.36542 0.00581914 0.930825 165.714 0.0447237 0.998716 -0.0238011 -16.248 -0.929768 0.0503273 0.36469 455.587
0.394527 0.0207271 0.91865 168.737 0.0452213 0.998096 -0.0419405 -16.396 -0.917771 0.0580892 0.392839 456.853
0.428922 0.0214871 0.903086 171.68 0.0356721 0.998534 -0.0407007 -16.5696 -0.902637 0.0496724 0.427527 458.237
0.462384 0.0252257 0.886322 174.516 0.0286906 0.998646 -0.0433902 -16.7346 -0.886216 0.045492 0.461034 459.693
0.48679 0.0301482 0.872998 176.56 0.0271321 0.9984 -0.0496079 -16.8704 -0.873097 0.0478349 0.485194 460.83
0.518666 0.00675956 0.85495 179.194 0.0317228 0.999128 -0.0271445 -17.0335 -0.854388 0.0412003 0.517999 462.394
0.540846 0.0175431 0.840939 181.002 0.0272547 0.998892 -0.038367 -17.1319 -0.84068 0.0436702 0.539768 463.568
0.556544 0.0177825 0.830628 182.674 0.021366 0.999134 -0.0357058 -17.2435 -0.830543 0.037619 0.555682 464.688
0.557719 0.0275078 0.829574 184.665 0.0147595 0.998964 -0.0430473 -17.3784 -0.829899 0.0362523 0.556735 466.033
0.51345 0.0135816 0.858013 186.817 0.0151486 0.999575 -0.0248877 -17.5101 -0.857986 0.0257762 0.513026 467.392
0.38629 0.0261096 0.922008 189.35 0.0271944 0.998842 -0.0396789 -17.6445 -0.921977 0.040401 0.385132 468.56
0.128721 0.0211551 0.991456 191.88 0.0412929 0.998791 -0.0266727 -17.7595 -0.990821 0.0443734 0.127691 469.009
-0.167926 0.0260085 0.985457 194.158 0.0433642 0.998879 -0.0189734 -17.827 -0.984845 0.0395474 -0.168865 468.723
-0.383 0.00973372 0.923696 195.764 0.0333285 0.999439 0.00328745 -17.8585 -0.923146 0.0320445 -0.38311 468.094
-0.543008 0.00510371 0.839712 196.982 0.0237039 0.999676 0.00925243 -17.8592 -0.839392 0.0249286 -0.542953 467.295
-0.66752 0.00587391 0.744567 198.238 0.0247865 0.99959 0.0143359 -17.8226 -0.744178 0.0280247 -0.667392 466.165
-0.73569 0.00669133 0.677285 199.543 0.0265292 0.999469 0.0189425 -17.7844 -0.676799 0.0319037 -0.735476 464.749
-0.771194 0.00939251 0.63653 200.918 0.0280886 0.999419 0.0192838 -17.7455 -0.635979 0.0327509 -0.77101 463.1
-0.786955 0.00990261 0.616933 201.894 0.0282404 0.999401 0.0199814 -17.7147 -0.616366 0.0331469 -0.786764 461.872
-0.799784 0.0114438 0.600177 203.94 0.033156 0.999134 0.0251321 -17.6452 -0.59937 0.0399998 -0.799471 459.184
-0.799919 0.0116046 0.599996 205.61 0.0333429 0.999128 0.0251287 -17.5796 -0.599181 0.0401065 -0.799608 456.959
-0.804252 0.00809771 0.594235 207.38 0.034807 0.998833 0.0334974 -17.5062 -0.59327 0.0476238 -0.803595 454.596
-0.80438 0.00826007 0.594059 209.182 0.034994 0.998826 0.0334952 -17.4274 -0.593085 0.0477313 -0.803724 452.168
-0.804504 0.00842203 0.593886 211.009 0.0351811 0.99882 0.0334934 -17.3566 -0.592902 0.0478392 -0.80385 449.751
-0.804631 0.00858387 0.593715 212.831 0.035368 0.998813 0.0334916 -17.2855 -0.592723 0.0479468 -0.80398 447.318
-0.804751 0.00874566 0.593547 214.645 0.0355552 0.998806 0.03349 -17.2174 -0.592546 0.0480548 -0.804102 444.908
-0.804871 0.00890725 0.593381 216.454 0.0357423 0.9988 0.0334884 -17.1615 -0.592371 0.0481627 -0.804224 442.494
-0.804992 0.00906881 0.593217 217.662 0.0359294 0.998793 0.0334869 -17.1125 -0.592197 0.0482706 -0.804346 440.884
-0.805108 0.00923003 0.593056 219.454 0.0361165 0.998786 0.0334856 -17.0564 -0.592027 0.0483786 -0.804464 438.487
-0.805224 0.00939136 0.592897 221.237 0.0363038 0.99878 0.0334844 -16.9928 -0.591859 0.0484868 -0.804583 436.088
-0.805337 0.00955239 0.592739 222.419 0.0364911 0.998773 0.0334834 -16.9544 -0.591692 0.0485952 -0.804697 434.503
-0.805449 0.00971321 0.592583 223.589 0.0366782 0.998766 0.0334826 -16.9158 -0.591527 0.0487034 -0.804812 432.926
-0.805562 0.00987419 0.592429 224.762 0.0368655 0.998759 0.0334816 -16.8691 -0.591364 0.0488117 -0.804926 431.351
-0.805671 0.0100351 0.592277 225.92 0.0370529 0.998752 0.0334809 -16.829 -0.591202 0.0489202 -0.805037 429.792
-0.80578 0.0101957 0.592126 227.094 0.0372402 0.998745 0.0334802 -16.7924 -0.591042 0.0490286 -0.805148 428.243
-0.805888 0.0103563 0.591977 228.874 0.0374276 0.998738 0.0334797 -16.7224 -0.590883 0.0491371 -0.805259 425.876
-0.80314 0.0182384 0.595514 230.681 0.0435198 0.998657 0.0281077 -16.652 -0.594201 0.048491 -0.802855 423.443
-0.804105 0.0113509 0.594376 232.564 0.033532 0.999092 0.0262842 -16.5939 -0.593538 0.0410659 -0.803756 420.937
-0.80421 0.0115096 0.594235 234.474 0.0337196 0.999086 0.0262834 -16.5328 -0.59339 0.0411747 -0.803863 418.383
-0.804311 0.011668 0.594096 236.381 0.033907 0.999079 0.0262828 -16.4783 -0.593242 0.0412835 -0.803966 415.807
-0.804408 0.0118263 0.59396 238.281 0.0340947 0.999073 0.0262824 -16.4433 -0.593098 0.0413927 -0.804065 413.266
-0.804505 0.0119843 0.593826 240.168 0.0342822 0.999067 0.0262822 -16.4103 -0.592956 0.0415018 -0.804164 410.757
-0.804598 0.0121421 0.593693 242.05 0.0344697 0.99906 0.0262824 -16.3807 -0.592815 0.0416112 -0.80426 408.276
-0.804695 0.0122998 0.593564 243.282 0.0346574 0.999054 0.0262826 -16.3521 -0.592679 0.0417208 -0.804359 406.643
-0.804784 0.0124573 0.593436 244.501 0.0348449 0.999047 0.0262829 -16.3291 -0.592543 0.0418303 -0.804451 405.022
-0.804877 0.0126148 0.593309 245.671 0.0350324 0.99904 0.0262833 -16.3056 -0.592408 0.0419399 -0.804547 403.44
-0.804967 0.012772 0.593184 246.808 0.0352201 0.999034 0.0262841 -16.2873 -0.592276 0.0420498 -0.804639 401.908
-0.811798 0.0138626 0.583773 248.38 0.0358678 0.999014 0.0261549 -16.2692 -0.582835 0.0421712 -0.811495 399.74
-0.832449 0.017934 0.553809 250.212 0.0388616 0.998905 0.0260669 -16.2508 -0.552734 0.0432213 -0.832234 397.079
-0.863512 0.0196571 0.503946 251.313 0.0365623 0.999051 0.0236802 -16.2428 -0.503002 0.0388735 -0.863411 395.267
-0.928894 0.0234852 0.369602 252.317 0.0351005 0.999078 0.0247321 -16.2273 -0.36868 0.0359467 -0.928861 392.991
-0.978672 0.0253567 0.203857 252.713 0.0336851 0.998729 0.0374883 -16.1984 -0.202648 0.0435558 -0.978282 391.243
-0.999549 0.028952 -0.00793527 252.732 0.0285217 0.99835 0.04983 -16.1502 0.00936486 0.0495812 -0.998726 389.496
-0.972872 0.0340323 -0.228831 252.371 0.021896 0.998226 0.0553679 -16.0818 0.230309 0.0488553 -0.971891 387.874
-0.899617 0.0431546 -0.434543 251.656 0.0177562 0.997897 0.0623416 -16.0008 0.436319 0.0483678 -0.898491 386.386
-0.799154 0.0521402 -0.59886 250.616 0.00963757 0.997214 0.0739623 -15.9022 0.601048 0.0533358 -0.797431 385.059
-0.694571 0.0535918 -0.717424 249.363 -0.00394147 0.996923 0.0782864 -15.789 0.719412 0.0572033 -0.692222 383.845
-0.575546 0.0540598 -0.815979 247.41 -0.0260225 0.996097 0.0843478 -15.627 0.817353 0.06978 -0.571893 382.37
-0.481455 0.0486103 -0.875121 245.724 -0.0441304 0.99585 0.0795951 -15.4861 0.875358 0.076941 -0.477312 381.402
-0.366616 0.0479901 -0.929134 243.14 -0.0479054 0.99637 0.0703654 -15.2996 0.929138 0.0703076 -0.362986 380.328
-0.31303 0.0475076 -0.948555 241.721 -0.0452732 0.996866 0.0648677 -15.2063 0.948664 0.0632496 -0.309898 379.877
-0.242506 0.0546826 -0.968607 239.429 -0.0287496 0.997567 0.0635154 -15.0665 0.969724 0.04325 -0.240344 379.309
-0.203438 0.0613349 -0.977165 237.786 -0.024304 0.997412 0.0676657 -14.9718 0.978786 0.0375148 -0.201421 378.977
-0.15244 0.0532949 -0.986876 235.201 -0.0315386 0.997774 0.0587551 -14.8215 0.98781 0.0400812 -0.15042 378.547
-0.118093 0.0564992 -0.991395 233.369 -0.0329043 0.997609 0.0607729 -14.7187 0.992458 0.0397979 -0.115952 378.319
-0.09162 0.0528471 -0.994391 231.473 -0.0257444 0.998131 0.0554179 -14.6225 0.995462 0.0306774 -0.0900883 378.14
-0.0730347 0.0417707 -0.996453 229.523 -0.0209672 0.998837 0.0434074 -14.5304 0.997108 0.0240631 -0.072074 378.004
-0.0613371 0.0426243 -0.997208 227.497 -0.0217589 0.998793 0.0440304 -14.4546 0.997881 0.0243988 -0.0603357 377.88
-0.0499689 0.0460317 -0.997689 224.338 -0.0215685 0.998655 0.0471565 -14.326 0.998518 0.023875 -0.0489088 377.711
-0.0499318 0.0461904 -0.997685 222.198 -0.02167 0.998645 0.0473194 -14.2378 0.998519 0.0239825 -0.0488632 377.612
-0.0407173 0.0448395 -0.998165 218.948 -0.0275034 0.998564 0.0459793 -14.1215 0.998793 0.029325 -0.0394255 377.457
-0.0406896 0.044999 -0.998158 216.758 -0.027606 0.998553 0.0461422 -14.0428 0.99879 0.0294327 -0.0393885 377.363
-0.0316165 0.0465043 -0.998418 213.418 -0.0352505 0.998244 0.0476125 -13.9159 0.998878 0.0367 -0.0299217 377.235
-0.0243332 0.0500931 -0.998448 210.056 -0.0392047 0.997928 0.0510225 -13.7778 0.998934 0.0403854 -0.0223188 377.119
-0.0160737 0.0482519 -0.998706 206.671 -0.0434639 0.997857 0.0489104 -13.6458 0.998926 0.0441938 -0.0139421 377.051
-0.0160776 0.0484128 -0.998699 204.417 -0.0435694 0.997844 0.0490728 -13.5632 0.998922 0.0443016 -0.0139337 377.013
-0.0160844 0.0485739 -0.99869 202.17 -0.0436747 0.997832 0.0492356 -13.4823 0.998916 0.0444094 -0.0139281 376.987
-0.0160969 0.0487351 -0.998681 199.937 -0.0437797 0.997819 0.0493987 -13.4016 0.998911 0.0445172 -0.0139282 376.945
-0.0161152 0.0488965 -0.998674 197.707 -0.0438845 0.997806 0.0495622 -13.3213 0.998907 0.044625 -0.0139341 376.902
-0.0161392 0.0490581 -0.998665 194.396 -0.0439891 0.997794 0.0497262 -13.1915 0.998901 0.0447329 -0.0139456 376.862
-0.0161661 0.04922 -0.998656 192.207 -0.0440935 0.997781 0.0498906 -13.1142 0.998896 0.0448409 -0.01396 376.815
-0.0162017 0.049382 -0.998649 190.028 -0.0441978 0.997768 0.0500555 -13.0368 0.998892 0.044949 -0.0139829 376.767
-0.01624 0.0495442 -0.998641 187.859 -0.0443018 0.997755 0.0502207 -12.957 0.998887 0.0450571 -0.0140087 376.726
-0.0162842 0.0497066 -0.998631 184.647 -0.0444056 0.997742 0.0503865 -12.8281 0.99888 0.0451653 -0.0140402 376.679
-0.0163341 0.0498694 -0.998621 181.488 -0.0445092 0.997729 0.0505528 -12.715 0.998875 0.0452736 -0.0140774 376.607
-0.0163926 0.0500321 -0.998614 179.403 -0.0446125 0.997716 0.0507195 -12.6435 0.99887 0.045382 -0.0141231 376.58
-0.0164511 0.050195 -0.998603 177.329 -0.0447156 0.997703 0.0508864 -12.5713 0.998863 0.0454904 -0.0141688 376.547
-0.0165154 0.0503581 -0.998594 175.278 -0.0448186 0.99769 0.0510538 -12.5032 0.998858 0.0455989 -0.0142203 376.506
-0.0165854 0.0505213 -0.998586 173.272 -0.0449215 0.997677 0.0512214 -12.4326 0.998853 0.0457074 -0.0142774 376.475
-0.0166583 0.0506847 -0.998576 171.319 -0.0450241 0.997663 0.0513894 -12.3611 0.998848 0.045816 -0.0143374 376.468
-0.00697025 0.0537666 -0.99853 168.449 -0.0434516 0.997594 0.0540195 -12.2586 0.999032 0.0437642 -0.00461723 376.436
0.00380727 0.0532424 -0.998574 165.76 -0.0411448 0.997744 0.0530413 -12.1545 0.999145 0.0408842 0.00598933 376.433
0.00108675 0.0495737 -0.998771 163.23 -0.031953 0.998262 0.0495137 -12.0611 0.99949 0.0318599 0.00266889 376.451
-0.0166909 0.0559894 -0.998292 160.884 -0.0234882 0.998133 0.0563732 -11.9817 0.999585 0.024389 -0.0153447 376.423
-0.0686377 0.0575655 -0.99598 158.028 -0.0163667 0.998135 0.0588179 -11.8759 0.997508 0.020338 -0.0675675 376.253
-0.177881 0.0677952 -0.981712 155.612 -0.00042728 0.997619 0.068971 -11.7761 0.984051 0.0126882 -0.177429 375.901
-0.568141 0.0781758 -0.819207 152.465 0.0295268 0.996773 0.0746429 -11.5774 0.822399 0.0182192 -0.568616 374.343
-0.825167 0.0796581 -0.559243 151.019 0.0433467 0.996017 0.0779134 -11.4264 0.563223 0.0400502 -0.825334 372.454
-0.921036 0.0711709 -0.382914 150.529 0.0419592 0.995572 0.0841174 -11.3354 0.387205 0.0614086 -0.919944 371.066
-0.970321 0.0611453 -0.233955 150.204 0.0457864 0.996458 0.0705313 -11.2398 0.237439 0.0577261 -0.969684 369.562
-0.992647 0.0412688 -0.113806 149.986 0.0339339 0.997265 0.0656524 -11.1081 0.116204 0.0613077 -0.991333 367.379
-0.997203 0.0437853 -0.0605643 149.883 0.0398148 0.997072 0.0652795 -11.0043 0.0632453 0.0626855 -0.996027 365.601
-0.998609 0.046569 -0.0247484 149.827 0.0450604 0.997278 0.0583703 -10.8643 0.0273992 0.0571739 -0.997988 363.057
-0.998656 0.049512 -0.015303 149.789 0.0486226 0.997364 0.0538603 -10.7584 0.0179294 0.0530439 -0.99843 360.963
-0.998171 0.0604336 0.00149816 149.782 0.0604313 0.99687 0.0509808 -10.6421 0.00158748 0.0509781 -0.998698 358.702
-0.997967 0.0608352 0.018957 149.823 0.0616785 0.996959 0.0476311 -10.5292 -0.0160017 0.0487035 -0.998684 356.274
-0.997175 0.06831 0.0312014 149.926 0.0697998 0.996334 0.0494579 -10.3793 -0.0277085 0.0514961 -0.998287 352.801
-0.996799 0.0690444 0.0402564 150.032 0.0711731 0.995996 0.0540901 -10.2436 -0.0363606 0.0567822 -0.997722 349.992
-0.997733 0.0506602 0.0443448 150.192 0.0533496 0.996666 0.0617249 -10.0859 -0.04107 0.0639507 -0.997109 347.039
-0.997643 0.0533285 0.0431651 150.292 0.0555511 0.997099 0.0520423 -9.98453 -0.0402645 0.0543176 -0.99771 345.033
-0.997624 0.0534916 0.0433754 150.373 0.0557294 0.997084 0.0521374 -9.89074 -0.04046 0.0544309 -0.997696 342.986
-0.997606 0.0536544 0.0435944 150.526 0.0559079 0.997069 0.0522324 -9.7555 -0.0406641 0.0545447 -0.997681 339.85
-0.997587 0.0538171 0.043819 150.635 0.0560867 0.997054 0.0523271 -9.66999 -0.0408738 0.0546586 -0.997667 337.736
-0.997569 0.0539798 0.0440494 150.715 0.0562658 0.997039 0.0524219 -9.5724 -0.0410893 0.054773 -0.997652 335.594
-0.997551 0.0541423 0.0442855 150.827 0.0564451 0.997024 0.0525165 -9.47754 -0.0413103 0.0548876 -0.997638 333.473
-0.997532 0.0543048 0.0445273 150.937 0.0566248 0.997008 0.0526111 -9.39179 -0.0415371 0.0550025 -0.997623 331.35
-0.997023 0.0634009 0.0438297 151.071 0.0657745 0.996317 0.0550177 -9.26009 -0.0401801 0.0577369 -0.997521 328.158
-0.997006 0.0635623 0.0440863 151.168 0.0659544 0.996299 0.0551124 -9.16525 -0.0404201 0.0578549 -0.997508 326.031
-0.997441 0.0579565 0.0418932 151.278 0.0599139 0.997092 0.0470846 -9.08161 -0.0390425 0.0494741 -0.998014 323.932
-0.997891 0.051865 0.0390072 151.429 0.0540247 0.996939 0.0565171 -8.96221 -0.0359565 0.0585053 -0.997638 320.754
-0.997873 0.0520258 0.0392839 151.522 0.054205 0.996924 0.0566123 -8.86738 -0.0362177 0.0586212 -0.997623 318.634
-0.997855 0.0521866 0.0395665 151.611 0.0543857 0.996908 0.0567074 -8.7653 -0.0364848 0.0587375 -0.997608 316.489
-0.997833 0.0523471 0.039855 151.699 0.0545665 0.996893 0.0568023 -8.65858 -0.0367577 0.058854 -0.997589 314.304
-0.997297 0.061941 0.0395431 151.81 0.0641408 0.99631 0.0570262 -8.49656 -0.035865 0.0594083 -0.99759 310.993
-0.996811 0.068687 0.0406096 151.95 0.0706195 0.996336 0.0482387 -8.33725 -0.0371475 0.0509527 -0.99801 307.641
-0.996788 0.0688494 0.0409239 152.107 0.0708014 0.996319 0.0483331 -8.20074 -0.0374456 0.0510753 -0.997994 304.246
-0.996762 0.0690115 0.0412446 152.209 0.0709834 0.996301 0.0484274 -8.10102 -0.03775 0.0511984 -0.997974 301.942
-0.996739 0.0691737 0.0415713 152.315 0.0711658 0.996284 0.0485217 -8.01353 -0.0380604 0.0513219 -0.997958 299.625
-0.996713 0.0693356 0.0419044 152.406 0.0713484 0.996266 0.0486159 -7.9273 -0.0383771 0.0514459 -0.997938 297.29
-0.996687 0.0694972 0.0422471 152.557 0.0715313 0.996248 0.0487099 -7.78764 -0.0387034 0.0515705 -0.997918 293.769
-0.99666 0.0696588 0.0425962 152.67 0.0717145 0.996231 0.0488037 -7.7049 -0.039036 0.0516956 -0.997899 291.418
-0.996634 0.0698202 0.0429515 152.787 0.071898 0.996213 0.0488975 -7.61315 -0.0393748 0.0518211 -0.997879 289.054
-0.996838 0.0659804 0.0442909 152.91 0.0676797 0.996982 0.0380316 -7.53684 -0.0416479 0.0409089 -0.998295 286.731
-0.996938 0.0630706 0.0462485 153.038 0.0644575 0.997495 0.0291337 -7.4899 -0.0442951 0.0320255 -0.998506 284.42
-0.996681 0.0644822 0.0496833 153.15 0.0665493 0.996935 0.0411374 -7.43878 -0.0468784 0.0443072 -0.997917 282.098
-0.996654 0.0646457 0.050062 153.279 0.066734 0.996919 0.0412301 -7.35865 -0.0472424 0.0444328 -0.997896 279.789
-0.996622 0.064809 0.0504504 153.441 0.0669191 0.996902 0.0413225 -7.24402 -0.047616 0.044559 -0.997872 276.326
-0.996738 0.0644527 0.0485614 153.568 0.0657885 0.997484 0.0264293 -7.18916 -0.0467358 0.0295379 -0.99847 274.039
-0.996709 0.0646217 0.0489594 153.697 0.0659738 0.997469 0.0265221 -7.1595 -0.0471216 0.0296648 -0.99845 271.745
-0.997376 0.0545593 0.0475907 153.84 0.0567155 0.997367 0.0451986 -7.11648 -0.0449994 0.0477791 -0.997844 269.459
-0.997345 0.0547206 0.048004 153.948 0.0569008 0.997352 0.0452917 -7.03644 -0.0453985 0.047903 -0.997818 267.183
-0.996357 0.0710698 0.047158 154.021 0.0720682 0.997203 0.0198194 -6.99026 -0.0456176 0.0231457 -0.998692 264.958
-0.996324 0.071241 0.0475794 154.117 0.0722537 0.997187 0.0199128 -6.96443 -0.046027 0.0232774 -0.998669 262.71
-0.996387 0.0688859 0.0496337 154.229 0.070958 0.996625 0.0412703 -6.92407 -0.0466233 0.0446432 -0.997913 260.456
-0.996356 0.0690479 0.0500677 154.296 0.0711439 0.996608 0.0413632 -6.89014 -0.0470419 0.0447745 -0.997889 259.35
-0.996321 0.0692095 0.0505077 154.419 0.0713297 0.996591 0.041456 -6.83384 -0.0474663 0.0449062 -0.997861 257.147
-0.996547 0.0664861 0.049714 154.539 0.0678483 0.997351 0.0262322 -6.79361 -0.0478382 0.0295146 -0.998418 254.977
-0.996656 0.0675089 0.0460132 154.648 0.0682225 0.99757 0.0141172 -6.76776 -0.0449483 0.0172091 -0.99884 252.822
-0.996749 0.0680021 0.0431803 154.781 0.0692753 0.997185 0.0287044 -6.74547 -0.0411067 0.0316024 -0.998654 249.608
-0.997277 0.0592104 0.0439615 154.898 0.061061 0.997249 0.0420191 -6.70952 -0.0413526 0.0445891 -0.998149 247.491
-0.997646 0.0509495 0.0459033 155.007 0.0524273 0.998125 0.0315852 -6.67013 -0.0442079 0.0339174 -0.998447 245.438
-0.997098 0.0574927 0.0498744 155.101 0.0583781 0.998159 0.016479 -6.64903 -0.0488351 0.0193428 -0.998618 243.459
-0.996382 0.065437 0.0542006 155.197 0.0666848 0.997542 0.0215409 -6.64398 -0.0526578 0.0250773 -0.998296 241.537
-0.996345 0.0656065 0.0546842 155.299 0.0668716 0.997527 0.0216337 -6.64122 -0.0531297 0.0252114 -0.998268 239.685
-0.996084 0.0675109 0.0570911 155.398 0.0682186 0.997615 0.0105374 -6.63135 -0.0562435 0.0143908 -0.998313 237.917
-0.996045 0.0676853 0.0575843 155.565 0.0684057 0.997601 0.0106298 -6.64518 -0.0567267 0.0145269 -0.998286 235.373
-0.996619 0.0549344 0.061084 155.688 0.0561266 0.998262 0.0179741 -6.6538 -0.0599904 0.0213418 -0.99797 233.757
-0.996204 0.0529805 0.0690841 155.849 0.0549197 0.99814 0.0264777 -6.64425 -0.0675527 0.0301712 -0.997261 231.492
-0.995681 0.0553408 0.0745596 155.95 0.0568746 0.998208 0.018605 -6.63973 -0.0733964 0.0227652 -0.997044 230.102
-0.995926 0.0438544 0.0787772 156.12 0.0463821 0.998457 0.0305473 -6.63258 -0.0773159 0.0340767 -0.996423 228.224
-0.997546 0.0348249 0.0607613 156.292 0.036702 0.998874 0.0300552 -6.61808 -0.0596462 0.0322114 -0.997702 225.979
-0.998555 0.0397709 -0.0361051 156.266 0.0386537 0.998768 0.03113 -6.57217 0.0372987 0.0296894 -0.998862 223.54
-0.948456 0.0684901 -0.309415 155.514 0.0600681 0.99752 0.0366763 -6.50869 0.31116 0.0161999 -0.950218 220.623
-0.814415 0.0842334 -0.57414 154.148 0.0588529 0.996296 0.0626868 -6.39963 0.577294 0.0172632 -0.816356 218.494
-0.704119 0.0795461 -0.705611 153.16 0.0424885 0.996645 0.0699566 -6.32243 0.708808 0.0192774 -0.705136 217.532
-0.575075 0.0675473 -0.815307 151.961 0.0301214 0.997658 0.0614087 -6.22822 0.817546 0.0107565 -0.575763 216.693
-0.439513 0.0668511 -0.895744 150.567 0.0163119 0.997656 0.0664532 -6.14021 0.898087 0.0145958 -0.439573 216.021
-0.309074 0.0725902 -0.948263 148.985 0.0113251 0.997293 0.0726522 -6.03139 0.95097 0.0117157 -0.309059 215.526
-0.20543 0.0612356 -0.976754 147.272 0.00408944 0.998086 0.0617128 -5.9217 0.978663 0.0086833 -0.205287 215.167
-0.133812 0.0624372 -0.989038 145.381 0.0153674 0.998024 0.0609254 -5.81097 0.990887 -0.00704637 -0.134507 214.931
-0.101112 0.0622427 -0.992926 144.032 0.013763 0.998033 0.0611613 -5.7274 0.994779 -0.0074815 -0.10177 214.795
-0.0803218 0.0667129 -0.994534 142.593 0.0194017 0.997673 0.0653566 -5.6306 0.99658 -0.0140461 -0.0814292 214.698
-0.0650845 0.067977 -0.995561 141.079 0.0165326 0.997614 0.0670363 -5.53546 0.997743 -0.0120962 -0.066053 214.592
-0.0442542 0.0520141 -0.997664 138.659 0.0240991 0.998409 0.0509839 -5.38771 0.998729 -0.0217866 -0.0454373 214.489
-0.0380187 0.0460534 -0.998215 136.934 0.0319203 0.998484 0.0448501 -5.30548 0.998767 -0.0301582 -0.0394311 214.431
-0.0364777 0.0559932 -0.997765 135.126 0.0277364 0.998101 0.0549981 -5.21255 0.99895 -0.0256682 -0.0379615 214.354
-0.0380894 0.0719924 -0.996678 133.236 0.0232766 0.997195 0.0711402 -5.10154 0.999004 -0.0204896 -0.0396582 214.268
-0.038082 0.0615917 -0.997374 131.318 0.0256109 0.997831 0.060642 -4.9849 0.998946 -0.0232342 -0.0395768 214.185
-0.0386814 0.0617931 -0.997339 129.357 0.0255174 0.997822 0.0608334 -4.88306 0.998926 -0.0230964 -0.0401739 214.117
-0.0392839 0.0619948 -0.997303 127.372 0.0254242 0.997812 0.061025 -4.77227 0.998905 -0.0229583 -0.0407741 214.028
-0.045806 0.0745385 -0.996165 125.375 0.0290056 0.996891 0.0732591 -4.6612 0.998529 -0.0255386 -0.0478256 213.941
-0.046415 0.0747423 -0.996122 124.376 0.0289143 0.99688 0.0734519 -4.60097 0.998504 -0.0253929 -0.0484313 213.885
-0.0536333 0.0629072 -0.996577 122.393 0.028753 0.997697 0.0614305 -4.48924 0.998146 -0.0253598 -0.0553186 213.771
-0.0542486 0.0631119 -0.996531 120.396 0.0286633 0.997688 0.0616248 -4.39147 0.998116 -0.0252208 -0.0559321 213.644
-0.0548669 0.0633169 -0.996484 119.4 0.0285742 0.997678 0.0618194 -4.33839 0.998084 -0.0250819 -0.0565488 213.581
-0.0554884 0.0635216 -0.996436 118.408 0.0284852 0.997669 0.0620139 -4.29139 0.998052 -0.0249425 -0.0571685 213.519
-0.0561131 0.0637268 -0.996389 117.424 0.0283965 0.997659 0.0622089 -4.25204 0.998021 -0.0248032 -0.0577914 213.463
-0.056738 0.063932 -0.996341 116.44 0.0283078 0.997649 0.062404 -4.19845 0.997988 -0.0246635 -0.0584144 213.402
-0.055958 0.0411698 -0.997584 114.535 0.0293976 0.998784 0.0395703 -4.07344 0.998001 -0.0271123 -0.0571003 213.262
-0.047413 0.0433518 -0.997934 112.449 0.0238076 0.998823 0.0422593 -4.01303 0.998591 -0.0217548 -0.0483893 213.094
-0.0331155 0.040863 -0.998616 111.537 0.0265204 0.998848 0.0399931 -3.9896 0.9991 -0.0251593 -0.0341611 213.114
-0.0466528 0.0423841 -0.998012 110.646 0.0299567 0.998709 0.0410134 -3.97483 0.998462 -0.0279837 -0.0478623 213.141
-0.04118 0.0449343 -0.998141 108.717 0.0285647 0.998633 0.0437779 -3.93966 0.998744 -0.0267089 -0.0424073 213.004
-0.0395753 0.0443245 -0.998233 106.766 0.024368 0.998761 0.0433819 -3.86922 0.998919 -0.0226081 -0.0406063 212.924
-0.0448989 0.0563569 -0.997401 104.843 0.0357206 0.99786 0.0547748 -3.8039 0.998353 -0.0331684 -0.0468159 212.883
-0.0382553 0.0454077 -0.998236 102.982 0.0343109 0.998438 0.044102 -3.69351 0.998679 -0.0325633 -0.0397535 212.754
-0.0488726 0.0562316 -0.997221 101.171 0.0335575 0.997943 0.0546276 -3.68223 0.998241 -0.0307944 -0.0506591 212.719
-0.0307896 0.0616969 -0.997621 99.3 0.0334132 0.997599 0.0606644 -3.6098 0.998968 -0.0314659 -0.0327772 212.52
-0.0421492 0.0541194 -0.997644 97.5664 0.032081 0.99809 0.0527882 -3.47639 0.998596 -0.0297805 -0.043805 212.562
-0.0348853 0.0565072 -0.997792 95.8468 0.0337139 0.997899 0.0553345 -3.43841 0.998822 -0.0317091 -0.0367171 212.428
-0.0277233 0.0597204 -0.99783 94.2825 0.0331534 0.99772 0.0587926 -3.39475 0.999065 -0.0314515 -0.02964 212.368
-0.0235627 0.0593619 -0.997959 92.1512 0.0337234 0.997715 0.0585512 -3.29727 0.999154 -0.032275 -0.0255107 212.341
-0.056019 0.076076 -0.995527 89.6538 0.0348141 0.996635 0.0742016 -3.20613 0.997822 -0.0305017 -0.058479 212.419
0.0977025 0.0153993 -0.995097 85.7488 0.0189816 0.99967 0.0173338 -2.91094 0.995035 -0.0205821 0.0973779 212.343
