0.999767 0.0125586 -0.0175498 -7.76153 -0.0128721 0.999758 -0.0178652 -1.77023 0.0173212 0.0180869 0.999686 285.086
0.999767 0.0125586 -0.0175498 -7.81445 -0.0128721 0.999758 -0.0178652 -1.83908 0.0173212 0.0180869 0.999686 287.555
0.999805 0.011929 -0.0157557 -7.85537 -0.0123482 0.999565 -0.0267798 -1.92576 0.0154294 0.0269691 0.999517 290.032
0.999805 0.011929 -0.0157557 -7.89619 -0.0123482 0.999565 -0.0267798 -2.01924 0.0154294 0.0269691 0.999517 292.508
0.999805 0.011929 -0.0157557 -7.94817 -0.0123482 0.999565 -0.0267798 -2.1075 0.0154294 0.0269691 0.999517 295.019
0.9998 0.0156985 -0.0124173 -8.00685 -0.0159088 0.999729 -0.0170165 -2.18877 0.0121468 0.0172107 0.999778 297.526
0.999683 0.021429 -0.0131984 -8.06341 -0.0217319 0.999493 -0.0232502 -2.26575 0.0126935 0.0235297 0.999643 300.027
0.999452 0.0273151 -0.018709 -8.11012 -0.0278565 0.999182 -0.0293186 -2.34369 0.0178929 0.0298237 0.999395 302.52
0.999298 0.0262516 -0.0267273 -8.17227 -0.026965 0.99928 -0.026691 -2.44873 0.0260074 0.027393 0.999286 305.01
0.998949 0.0252674 -0.0382464 -8.24764 -0.0261691 0.999387 -0.0232619 -2.53485 0.0376352 0.0242383 0.998998 307.547
0.998304 0.02546 -0.0523619 -8.366 -0.0264278 0.999491 -0.017875 -2.61678 0.0518802 0.0192285 0.998468 310.131
0.998052 0.0253881 -0.0569955 -8.52531 -0.0263501 0.999522 -0.0161913 -2.6869 0.0565571 0.0176616 0.998243 312.716
0.998313 0.0249738 -0.0524179 -8.7074 -0.0259648 0.999495 -0.0183089 -2.75711 0.0519342 0.019639 0.998457 315.304
0.998986 0.0242676 -0.0379153 -8.84702 -0.0252033 0.999385 -0.0243991 -2.84076 0.0372998 0.02533 0.998983 317.884
0.99934 0.024401 -0.0269122 -8.95497 -0.0252031 0.999236 -0.0298789 -2.93187 0.0261626 0.0305374 0.999191 320.357
0.999505 0.0246685 -0.0195226 -9.03063 -0.0253208 0.999104 -0.033904 -3.04294 0.0186688 0.0343816 0.999234 322.837
0.999563 0.0250247 -0.0157069 -9.08759 -0.0255856 0.999003 -0.03659 -3.15801 0.0147756 0.0369759 0.999207 325.287
0.999556 0.0254512 -0.0154679 -9.1355 -0.0260221 0.998943 -0.0379024 -3.28128 0.0144869 0.0382881 0.999162 327.738
0.999594 0.019617 -0.0206728 -9.16609 -0.0202735 0.999281 -0.0320401 -3.38559 0.0200294 0.0324462 0.999273 330.192
0.99969 0.0112819 -0.0221757 -9.22098 -0.0121244 0.999195 -0.0382325 -3.51836 0.0217265 0.0384895 0.999023 332.683
0.999697 0.0111513 -0.0219309 -9.28183 -0.0119538 0.999251 -0.0368092 -3.64924 0.021504 0.0370602 0.999082 335.129
0.999704 0.0110829 -0.0216533 -9.32669 -0.0117813 0.999406 -0.0323963 -3.76708 0.0212814 0.0326419 0.999241 337.534
0.999699 0.0111382 -0.0218442 -9.41574 -0.0116559 0.999651 -0.0237212 -3.93561 0.0215723 0.0239687 0.99948 341.013
0.99973 0.0111576 -0.020363 -9.47965 -0.0116191 0.999675 -0.0226879 -4.02909 0.0201032 0.0229184 0.999535 343.194
0.999746 0.0111914 -0.0195618 -9.54385 -0.0116092 0.999704 -0.021377 -4.15664 0.0193168 0.0215986 0.99958 346.372
0.999748 0.0112399 -0.019425 -9.59884 -0.0116244 0.999736 -0.0197979 -4.27458 0.0191974 0.0200187 0.999615 349.389
0.999741 0.0112984 -0.0197413 -9.62571 -0.0116551 0.999769 -0.0180452 -4.34707 0.0195329 0.0182707 0.999642 351.325
0.999725 0.0113672 -0.0205022 -9.64901 -0.0116989 0.999801 -0.0161305 -4.41098 0.0203148 0.0163659 0.99966 353.168
0.999756 0.0104886 -0.0194284 -9.68745 -0.0107267 0.999868 -0.0121952 -4.46954 0.019298 0.0124007 0.999737 354.92
0.999817 0.0110579 -0.0156307 -9.71621 -0.0113301 0.999784 -0.017434 -4.52575 0.0154346 0.0176079 0.999726 356.559
0.999816 0.0101824 -0.0162466 -9.73934 -0.0104347 0.999825 -0.0155239 -4.57654 0.0160857 0.0156906 0.999747 358.107
0.999795 0.00931293 -0.017986 -9.77269 -0.0095828 0.999842 -0.0149773 -4.64917 0.0178437 0.0151466 0.999726 360.235
0.999172 0.0154231 -0.0376551 -9.85146 -0.0162146 0.999652 -0.0208064 -4.71637 0.0373211 0.0213997 0.999074 362.116
0.995016 0.0191936 -0.0978498 -10.0416 -0.0211815 0.999589 -0.0193178 -4.79635 0.0974388 0.0212942 0.995014 364.325
0.947535 0.0182308 -0.319131 -10.7279 -0.0206764 0.999777 -0.004277 -4.867 0.318982 0.0106511 0.947701 366.672
0.824483 0.0342655 -0.564848 -11.7804 -0.0239195 0.999383 0.0257117 -4.87876 0.565381 -0.00768794 0.824794 368.19
0.55955 0.0505583 -0.827253 -13.6082 -0.0176306 0.998638 0.0491074 -4.81052 0.828609 -0.012893 0.559679 369.589
0.198491 0.0318725 -0.979584 -16.0674 0.0176804 0.999192 0.036093 -4.70557 0.979943 -0.0244836 0.197767 370.285
0.0176483 0.0477056 -0.998705 -17.7602 0.0199929 0.998645 0.0480559 -4.6409 0.999644 -0.0208151 0.0166706 370.276
-0.087587 0.0608524 -0.994297 -19.4958 0.013962 0.998109 0.0598559 -4.5638 0.996059 -0.0086398 -0.088271 370.057
-0.128195 0.0874933 -0.987881 -21.9818 0.00917471 0.996163 0.0870362 -4.41962 0.991706 0.00209409 -0.128505 369.678
-0.130881 0.0659986 -0.989199 -24.669 0.0139274 0.997806 0.0647301 -4.21522 0.9913 -0.00530502 -0.131513 369.329
-0.125984 0.0736118 -0.989296 -26.9201 0.00792714 0.997286 0.0731967 -4.06666 0.992 0.0013794 -0.126226 369.039
-0.115719 0.0714608 -0.990708 -28.5078 -0.00864244 0.997298 0.0729457 -3.95122 0.993244 0.0170034 -0.114789 368.83
-0.0995984 0.071981 -0.992419 -30.1725 -0.0204908 0.99702 0.074371 -3.82701 0.994815 0.0277428 -0.0978267 368.649
-0.0830429 0.0766713 -0.993593 -31.9155 -0.0325051 0.996297 0.0795968 -3.69705 0.996016 0.0389067 -0.0802432 368.487
-0.0606876 0.0711455 -0.995618 -34.6661 -0.0335772 0.996747 0.0732728 -3.48412 0.997592 0.0378768 -0.0581012 368.312
-0.050559 0.0829522 -0.99527 -37.5289 -0.0298614 0.995974 0.0845278 -3.26951 0.998274 0.0339939 -0.0478784 368.159
-0.0499148 0.081414 -0.995429 -39.4636 -0.0312658 0.996056 0.0830331 -3.11697 0.998263 0.0352675 -0.0471725 368.05
-0.0480144 0.077776 -0.995813 -42.4999 -0.032753 0.996305 0.0793937 -2.88829 0.998309 0.036428 -0.0452895 367.894
-0.0454039 0.0727908 -0.996313 -44.5686 -0.0342784 0.996641 0.0743769 -2.74005 0.998381 0.037529 -0.0427562 367.795
-0.0429884 0.0727518 -0.996423 -46.7285 -0.0344054 0.996646 0.0742524 -2.59477 0.998482 0.0374743 -0.0403412 367.693
-0.0405556 0.0729684 -0.996509 -48.9093 -0.0345334 0.996632 0.0743828 -2.45703 0.99858 0.0374295 -0.0378991 367.601
-0.0381679 0.0734745 -0.996567 -51.0917 -0.034661 0.996596 0.0748041 -2.31843 0.99867 0.037397 -0.0354912 367.503
-0.035832 0.0743843 -0.996586 -53.2966 -0.0347898 0.996529 0.0756309 -2.1696 0.998752 0.037381 -0.0331198 367.404
-0.0335487 0.0757009 -0.996567 -55.4932 -0.0349217 0.99643 0.0768661 -2.02218 0.998828 0.0373804 -0.0307853 367.306
-0.0352685 0.0739498 -0.996639 -57.6652 -0.0352022 0.996548 0.0751888 -1.88444 0.998758 0.0377356 -0.0325435 367.227
-0.0362184 0.0733807 -0.996645 -59.8751 -0.0355408 0.996575 0.0746671 -1.74077 0.998711 0.0381261 -0.0334864 367.143
-0.0364438 0.0739563 -0.996595 -62.0345 -0.0359337 0.996516 0.0752645 -1.60569 0.998689 0.0385543 -0.0336593 367.054
-0.0359653 0.0756593 -0.996485 -64.1901 -0.0363807 0.99637 0.0769637 -1.47494 0.99869 0.0390209 -0.0330822 366.96
-0.0347514 0.0785161 -0.996306 -66.3393 -0.0368839 0.996129 0.0797886 -1.33488 0.998714 0.0395205 -0.0317209 366.878
-0.0224721 0.0776057 -0.996731 -69.5149 -0.0397823 0.996124 0.0784554 -1.13267 0.998956 0.0414153 -0.0192976 366.776
-0.018225 0.0808458 -0.996559 -71.6335 -0.0392346 0.9959 0.0815098 -0.994354 0.999063 0.0405852 -0.0149784 366.734
-0.0057433 0.0908621 -0.995848 -74.7407 -0.0392569 0.995075 0.0910181 -0.77469 0.999213 0.0396165 -0.00214805 366.719
0.00392083 0.0818353 -0.996639 -77.6989 -0.0328136 0.99612 0.0816636 -0.563563 0.999455 0.0323829 0.00659091 366.723
0.00234444 0.078152 -0.996938 -79.5843 -0.0318879 0.99644 0.078038 -0.446991 0.999488 0.0316073 0.0048282 366.735
0.00361969 0.075051 -0.997172 -82.239 -0.0319772 0.996678 0.0748977 -0.29052 0.999481 0.0316158 0.00600759 366.739
-0.0102632 0.0731521 -0.997268 -84.8328 -0.0194644 0.997117 0.0733413 -0.137297 0.999758 0.0201639 -0.00880973 366.741
-0.0472642 0.0730727 -0.996205 -87.4225 -0.0147576 0.997161 0.0738429 0.0261362 0.998773 0.0181917 -0.0460516 366.662
-0.0872916 0.0601864 -0.994362 -89.9843 -0.01931 0.997883 0.0620947 0.179214 0.995995 0.0246215 -0.0859447 366.456
-0.107832 0.0574764 -0.992506 -92.5932 -0.027691 0.997766 0.0607895 0.316259 0.993783 0.0340385 -0.105999 366.162
-0.108607 0.0578245 -0.992402 -95.2631 -0.0276602 0.997744 0.0611629 0.459579 0.9937 0.0340928 -0.106763 365.84
-0.101051 0.0869048 -0.991078 -98.073 -0.0326319 0.995352 0.0906068 0.640061 0.994346 0.0414967 -0.0977457 365.554
-0.0876966 0.0843013 -0.992574 -99.9982 -0.0453043 0.995044 0.0885139 0.803871 0.995116 0.0527302 -0.0834428 365.354
-0.0706749 0.0754154 -0.994644 -101.976 -0.0495722 0.99564 0.0790133 0.976627 0.996267 0.054891 -0.0666283 365.186
-0.05703 0.0905639 -0.994256 -104.111 -0.0440289 0.99468 0.093128 1.1489 0.997401 0.0490872 -0.0527391 365.068
-0.0477668 0.0720171 -0.996259 -106.276 -0.0461662 0.996172 0.0742243 1.33274 0.997791 0.049539 -0.0442592 364.963
-0.0384304 0.0805405 -0.99601 -108.483 -0.0593215 0.994805 0.0827319 1.48657 0.997499 0.0622643 -0.0334529 364.847
-0.026676 0.0636185 -0.997617 -110.746 -0.0596475 0.996093 0.0651163 1.6416 0.997863 0.0612424 -0.0227771 364.771
-0.0139271 0.06229 -0.99796 -113.076 -0.0485087 0.99684 0.0628971 1.78527 0.998724 0.0492858 -0.0108615 364.737
0.000144639 0.0795195 -0.996833 -115.467 -0.046288 0.995765 0.0794276 1.93774 0.998928 0.0461299 0.00382482 364.729
0.00900529 0.0771257 -0.99698 -117.814 -0.047517 0.995928 0.0766151 2.10583 0.998829 0.0466836 0.0126334 364.741
0.00993094 0.0766798 -0.997007 -120.143 -0.0474063 0.99597 0.0761279 2.25719 0.998827 0.0465083 0.013526 364.772
0.0117893 0.075384 -0.997084 -122.481 -0.0473504 0.996078 0.074748 2.41748 0.998808 0.0463312 0.0153125 364.788
0.0108507 0.0622081 -0.998004 -124.796 -0.0378568 0.997373 0.0617571 2.55677 0.999224 0.0371111 0.0131772 364.814
0.00210777 0.0570931 -0.998367 -127.123 -0.0230269 0.998107 0.0570296 2.67256 0.999733 0.0228691 0.00341845 364.841
-0.0071374 0.0613337 -0.998092 -129.438 -0.0240179 0.997819 0.0614887 2.78357 0.999686 0.0244109 -0.00564873 364.82
-0.0102763 0.0538715 -0.998495 -131.772 -0.0356651 0.997893 0.0542061 2.90214 0.999311 0.0361684 -0.00833331 364.773
-0.00778898 0.0541146 -0.998504 -134.122 -0.0358268 0.997878 0.0543602 3.00156 0.999328 0.0361966 -0.0058337 364.743
-0.0130254 0.0691674 -0.99752 -136.472 -0.0289284 0.997161 0.0695202 3.10834 0.999497 0.0297622 -0.0109876 364.726
-0.0171537 0.0715292 -0.997291 -137.647 -0.0287539 0.99699 0.0720022 3.17499 0.999439 0.0299111 -0.0150453 364.709
-0.0265333 0.0619893 -0.997725 -139.939 -0.0346908 0.997417 0.0628928 3.29979 0.999046 0.0362806 -0.0243143 364.658
-0.0321946 0.0615876 -0.997582 -141.081 -0.035221 0.99741 0.0627137 3.36482 0.99886 0.0371549 -0.029942 364.628
-0.037119 0.0612685 -0.997431 -142.221 -0.035789 0.997397 0.0625982 3.41969 0.99867 0.0380206 -0.0348296 364.586
-0.0465962 0.0708269 -0.996399 -144.486 -0.0288585 0.996971 0.0722171 3.54941 0.998496 0.0321197 -0.0444112 364.516
-0.0486049 0.0708982 -0.996299 -146.734 -0.0296023 0.996937 0.0723878 3.68409 0.99838 0.0330111 -0.0463573 364.388
-0.0499027 0.071054 -0.996223 -147.846 -0.0303856 0.996896 0.0726241 3.74452 0.998291 0.0338951 -0.0475888 364.321
-0.0542816 0.0631212 -0.996529 -150.053 -0.0323677 0.997364 0.0649372 3.871 0.998001 0.0357803 -0.0520955 364.196
-0.055565 0.0760627 -0.995555 -153.411 -0.0277744 0.99659 0.077692 4.05305 0.99807 0.0319677 -0.053263 363.998
-0.0519218 0.0768361 -0.995691 -155.603 -0.0288514 0.996504 0.0784033 4.1999 0.998235 0.0327978 -0.0495235 363.87
-0.0496893 0.0777995 -0.99573 -158.847 -0.030829 0.996367 0.0793877 4.40482 0.998289 0.0346421 -0.0471103 363.691
-0.0481927 0.0682656 -0.996504 -160.962 -0.027863 0.997182 0.0696596 4.53524 0.99845 0.0311226 -0.0461548 363.58
-0.0481929 0.0683029 -0.996501 -163.085 -0.0297029 0.99712 0.0697818 4.66139 0.998397 0.0329619 -0.0460253 363.477
-0.049204 0.0679501 -0.996475 -165.176 -0.0314819 0.997082 0.069546 4.78068 0.998293 0.0347929 -0.0469212 363.367
-0.0428432 0.0603086 -0.99726 -167.268 -0.0448797 0.997053 0.0622241 4.89521 0.998073 0.0474226 -0.0400103 363.235
-0.0332399 0.0656923 -0.997286 -169.4 -0.049028 0.996529 0.0672766 5.00764 0.998244 0.0511313 -0.0299038 363.124
-0.0181784 0.0614338 -0.997946 -172.603 -0.0389594 0.997309 0.0621043 5.18608 0.999076 0.0400083 -0.0157361 363.061
-0.00802993 0.0572578 -0.998327 -174.761 -0.0294786 0.997912 0.0574711 5.2958 0.999533 0.0298908 -0.00632529 363.037
-0.000152207 0.068142 -0.997675 -176.927 -0.0179963 0.997514 0.0681337 5.40884 0.999838 0.0179649 0.00107448 363.041
0.00106912 0.067782 -0.9977 -179.115 -0.0177306 0.997545 0.0677524 5.54388 0.999843 0.0176174 0.00226832 363.049
0.00226121 0.0674232 -0.997721 -180.199 -0.0174632 0.997575 0.0673737 5.60252 0.999844 0.0172711 0.00343316 363.038
0.00879373 0.0697601 -0.997526 -182.385 -0.0296082 0.997144 0.0694725 5.73072 0.999524 0.028924 0.0108341 363.023
0.0186017 0.0651655 -0.997702 -184.608 -0.0399796 0.997124 0.0643824 5.86666 0.999028 0.03869 0.0211535 363.03
0.029475 0.0676962 -0.997271 -186.847 -0.0442847 0.996813 0.0663562 5.99013 0.998584 0.0422079 0.0323789 363.059
0.0304288 0.067376 -0.997263 -189.121 -0.0439929 0.996849 0.0660057 6.12204 0.998568 0.0418641 0.033297 363.144
0.0313179 0.0670579 -0.997258 -191.397 -0.0436974 0.996885 0.0656606 6.25012 0.998554 0.0415211 0.0341506 363.219
0.0321452 0.0667417 -0.997251 -193.671 -0.0433984 0.99692 0.0653207 6.36853 0.998539 0.0411795 0.0349427 363.293
0.032908 0.0664274 -0.997248 -195.94 -0.0430958 0.996955 0.0649858 6.48622 0.998528 0.0408387 0.0356706 363.368
0.0336091 0.0661151 -0.997246 -198.193 -0.0427901 0.99699 0.064656 6.60115 0.998518 0.0404992 0.036337 363.446
0.0342485 0.0658046 -0.997244 -200.449 -0.0424809 0.997024 0.0643312 6.7156 0.99851 0.0401607 0.0369421 363.526
0.0348264 0.0654961 -0.997245 -202.68 -0.0421686 0.997058 0.0640112 6.82607 0.998503 0.0398232 0.0374859 363.61
0.0435679 0.0714929 -0.996489 -204.9 -0.0423035 0.996674 0.0696565 6.94191 0.998155 0.0391202 0.0464474 363.692
0.0549996 0.0740355 -0.995738 -207.085 -0.0474089 0.996316 0.0714598 7.06007 0.99736 0.0432766 0.0583069 363.799
0.0690455 0.070599 -0.995112 -209.214 -0.0494364 0.996509 0.067268 7.172 0.996387 0.0445503 0.0722946 363.933
0.0812278 0.0702765 -0.994215 -211.281 -0.0473543 0.996657 0.0665802 7.27347 0.99557 0.0416721 0.0842841 364.092
0.0815176 0.069979 -0.994212 -213.269 -0.0470136 0.996692 0.0662988 7.36665 0.995562 0.041337 0.0845379 364.27
0.0869337 0.0770731 -0.993229 -215.224 -0.0428981 0.996368 0.0735619 7.46494 0.995291 0.0362125 0.0899242 364.439
0.087118 0.0767784 -0.993236 -217.109 -0.0425506 0.996402 0.0732911 7.55853 0.99529 0.0358777 0.0900716 364.616
0.0925901 0.0673067 -0.993426 -218.915 -0.0465662 0.996914 0.0632029 7.66685 0.994614 0.0404082 0.0954385 364.78
0.103128 0.0883517 -0.990736 -220.654 -0.0543531 0.99506 0.0830795 7.75039 0.993181 0.0452818 0.107421 364.943
0.120608 0.0831544 -0.98921 -222.289 -0.0605208 0.995248 0.076283 7.85532 0.990853 0.0506676 0.125067 365.124
0.142841 0.0812835 -0.986403 -223.814 -0.0576959 0.995611 0.0736873 7.93446 0.988063 0.0463858 0.146904 365.354
0.206299 0.0651919 -0.976315 -226.551 -0.0439665 0.997388 0.0573087 8.06793 0.977501 0.0311025 0.208626 365.926
0.254677 0.0631277 -0.964964 -229.488 -0.016756 0.998005 0.060867 8.18017 0.966881 0.000667543 0.255226 366.723
0.254498 0.0628546 -0.965028 -231.047 -0.0163529 0.998023 0.0606909 8.25369 0.966935 0.000335316 0.255022 367.148
0.233235 0.0665594 -0.97014 -232.48 -0.0164598 0.997782 0.0644987 8.30967 0.972281 0.00092494 0.233814 367.493
0.197255 0.0619778 -0.978391 -233.755 -0.0113785 0.998077 0.0609308 8.37613 0.980286 -0.000886235 0.19758 367.741
0.113283 0.0648927 -0.991442 -235.4 -0.0138905 0.997871 0.0637264 8.45223 0.993466 0.00655251 0.113943 367.912
0.0346847 0.0672642 -0.997133 -236.979 -0.0172491 0.997624 0.0666974 8.53201 0.99925 0.0148863 0.0357625 367.952
-0.00466193 0.0646316 -0.997898 -238.605 -0.0322984 0.997379 0.0647489 8.62453 0.999467 0.0325324 -0.00256221 367.902
-0.00507149 0.0643622 -0.997914 -239.461 -0.0319425 0.997407 0.0644918 8.67197 0.999477 0.0322029 -0.00300245 367.888
-0.00550405 0.0640939 -0.997928 -240.33 -0.0315855 0.997435 0.0642364 8.71804 0.999485 0.0318737 -0.00346549 367.884
0.0157434 0.0622958 -0.997934 -241.618 -0.0438801 0.997139 0.0615539 8.7881 0.998913 0.0428204 0.0184319 367.898
0.0572934 0.0670022 -0.996106 -243.334 -0.0516718 0.996607 0.0640639 8.87917 0.997019 0.0478002 0.0605611 368.006
0.13596 0.0615445 -0.988801 -246.402 -0.0586955 0.996816 0.0539727 9.01479 0.988975 0.0507 0.139139 368.372
-0.0217138 0.0497728 -0.998526 -249.915 -0.0378445 0.998003 0.0505697 9.14612 0.999049 0.0388866 -0.0197868 368.671
-0.330486 0.0560778 -0.942144 -252.495 -0.0237786 0.997422 0.0677092 9.30957 0.943511 0.0447798 -0.328301 367.993
-0.587245 0.0562582 -0.807455 -254.493 0.00890769 0.99797 0.0630538 9.46081 0.809363 0.0298353 -0.586554 366.781
-0.725028 0.0658526 -0.685563 -255.578 0.0259118 0.997322 0.0683955 9.54248 0.688231 0.0318245 -0.724792 365.592
-0.839894 0.0762184 -0.537373 -256.567 0.0463555 0.996546 0.0688935 9.64604 0.540768 0.032953 -0.840527 364.119
-0.892553 0.0739623 -0.444837 -257.088 0.0491414 0.996536 0.0670916 9.74256 0.448258 0.0380228 -0.893096 362.971
-0.928332 0.0741836 -0.364278 -257.566 0.0532406 0.996317 0.0672167 9.82279 0.367923 0.043005 -0.928862 361.705
-0.953756 0.0766977 -0.290628 -257.985 0.0599117 0.996004 0.0662358 9.9103 0.294547 0.0457608 -0.95454 360.33
-0.969869 0.0808037 -0.229837 -258.335 0.0698636 0.996019 0.0553589 9.99682 0.233395 0.0376336 -0.971653 358.862
-0.980582 0.0854363 -0.176524 -258.632 0.0787846 0.995904 0.0443655 10.0811 0.179592 0.0295966 -0.983296 357.297
-0.987535 0.0961815 -0.124606 -258.873 0.090963 0.994748 0.0469268 10.1543 0.128465 0.0350072 -0.991097 355.625
-0.991898 0.0952259 -0.0840829 -259.02 0.0915998 0.994733 0.0459871 10.2332 0.0880192 0.0379126 -0.995397 353.868
-0.994681 0.0811178 -0.063489 -259.113 0.0787759 0.996146 0.0385625 10.3058 0.0663724 0.033356 -0.997238 352.027
-0.994777 0.0808714 -0.0623043 -259.268 0.0785948 0.996176 0.038167 10.4203 0.0651526 0.0330708 -0.997328 349.078
-0.994872 0.0806261 -0.0610916 -259.402 0.0784148 0.996205 0.0377721 10.4958 0.0639051 0.0327878 -0.997419 347.009
-0.994964 0.0803809 -0.05985 -259.526 0.078235 0.996234 0.0373776 10.5713 0.0626291 0.0325071 -0.997506 344.872
-0.99506 0.0801365 -0.0585798 -259.638 0.078056 0.996263 0.0369838 10.6453 0.0613246 0.0322286 -0.997597 342.681
-0.995157 0.0798926 -0.0572797 -259.76 0.0778775 0.996291 0.0365912 10.7082 0.0599907 0.0319531 -0.997688 340.448
-0.995253 0.0796488 -0.0559497 -259.876 0.0776993 0.996319 0.0361995 10.7659 0.0586271 0.0316804 -0.997779 338.17
-0.995346 0.0794058 -0.0545889 -259.991 0.0775218 0.996347 0.0358087 10.8421 0.0572329 0.0314102 -0.997866 335.847
-0.995504 0.0829937 -0.0456372 -260.105 0.0808501 0.995619 0.0469681 10.92 0.0493353 0.0430672 -0.997853 333.463
-0.995589 0.082735 -0.0442164 -260.207 0.0806714 0.995652 0.04658 11.0042 0.0478779 0.0428076 -0.997934 331.072
-0.996349 0.0753567 -0.0401054 -260.295 0.0745649 0.996997 0.0208873 11.0663 0.041559 0.0178206 -0.998977 328.704
-0.997004 0.0703309 -0.0321508 -260.368 0.0693111 0.997088 0.0318034 11.0885 0.0342939 0.0294798 -0.998975 326.333
-0.997492 0.0677798 -0.0204377 -260.422 0.0668301 0.996792 0.0440368 11.1564 0.0233569 0.0425605 -0.998822 323.983
-0.997689 0.0674347 -0.00847545 -260.443 0.0670427 0.99694 0.0401912 11.232 0.0111598 0.03953 -0.999157 321.603
-0.997723 0.0673151 0.00396632 -260.422 0.0674207 0.996901 0.0405315 11.2922 -0.00122565 0.0407066 -0.99917 319.269
-0.997371 0.0702442 0.0177556 -260.413 0.0709405 0.996587 0.0422207 11.3588 -0.0147292 0.0433693 -0.99895 316.904
-0.996922 0.0718988 0.0312117 -260.346 0.0731671 0.996452 0.0415961 11.4245 -0.0281102 0.0437518 -0.998646 314.577
-0.996178 0.0752254 0.0443548 -260.269 0.0770202 0.996217 0.0402469 11.4924 -0.0411594 0.0435093 -0.998203 312.239
-0.995499 0.0767044 0.0556348 -260.143 0.0788849 0.996155 0.038115 11.5523 -0.0524973 0.0423323 -0.997722 309.931
-0.994374 0.0823636 0.0666167 -260.006 0.0848303 0.995778 0.0350838 11.6025 -0.0634458 0.0405376 -0.997162 307.641
-0.993108 0.0871946 0.0782983 -259.84 0.0901094 0.995334 0.0344936 11.6555 -0.0749253 0.0413113 -0.996332 305.356
-0.991914 0.0899862 0.0895078 -259.648 0.0933879 0.99503 0.034564 11.7123 -0.0859526 0.0426434 -0.995388 303.078
-0.991776 0.0897241 0.0912614 -259.432 0.0931695 0.995062 0.0342127 11.7534 -0.087741 0.0424342 -0.995238 300.823
-0.991637 0.0894621 0.0930355 -259.203 0.0929512 0.995095 0.0338626 11.7987 -0.0895497 0.0422271 -0.995089 298.564
-0.991487 0.0892001 0.0948296 -258.974 0.0927327 0.995127 0.0335137 11.8478 -0.0913781 0.0420222 -0.994927 296.297
-0.991337 0.0889383 0.096645 -258.759 0.0925144 0.995159 0.0331658 11.8979 -0.0932275 0.0418196 -0.994766 294.006
-0.991179 0.0886763 0.0984808 -258.519 0.0922959 0.995191 0.032819 11.9501 -0.0950969 0.0416189 -0.994597 291.725
-0.991018 0.0884144 0.100337 -258.287 0.0920774 0.995222 0.0324734 11.9951 -0.0969866 0.0414205 -0.994424 289.434
-0.990848 0.0881525 0.102214 -258.036 0.0918588 0.995254 0.0321289 12.0418 -0.0988963 0.0412242 -0.994243 287.129
-0.990675 0.0878909 0.104101 -257.915 0.0916398 0.995285 0.0317852 12.0695 -0.100816 0.0410286 -0.994058 285.972
-0.990497 0.0876292 0.106008 -257.666 0.0914207 0.995316 0.0314428 12.1162 -0.102757 0.0408353 -0.993869 283.635
-0.990312 0.0873676 0.107936 -257.397 0.0912016 0.995347 0.0311016 12.1567 -0.104717 0.0406443 -0.993672 281.313
-0.990119 0.0871059 0.109884 -257.114 0.0909823 0.995377 0.0307616 12.2062 -0.106697 0.0404552 -0.993467 278.969
-0.989598 0.0808267 0.119013 -256.832 0.0847144 0.996013 0.0279693 12.2558 -0.116278 0.0377605 -0.992499 276.611
-0.989378 0.0805702 0.12099 -256.674 0.0844919 0.996041 0.0276327 12.2779 -0.118284 0.0375619 -0.992268 275.426
-0.988113 0.078622 0.132101 -256.372 0.0829709 0.996166 0.0277374 12.322 -0.129413 0.0383682 -0.990848 273.052
-0.987865 0.0783638 0.134104 -256.204 0.0827448 0.996194 0.0274051 12.3405 -0.131446 0.0381689 -0.990589 271.869
-0.987609 0.0781056 0.136117 -256.038 0.0825182 0.996222 0.0270739 12.3558 -0.133488 0.0379705 -0.990323 270.67
-0.98579 0.0775962 0.148985 -255.695 0.083017 0.996081 0.0305082 12.3954 -0.146033 0.0424429 -0.988369 268.281
-0.983991 0.0745443 0.161869 -255.307 0.0809036 0.996174 0.0330481 12.4399 -0.158786 0.0456149 -0.986257 265.888
-0.981923 0.0725923 0.174794 -254.893 0.0787464 0.996487 0.0285243 12.4972 -0.172109 0.0417731 -0.98419 263.49
-0.979285 0.0734294 0.188709 -254.456 0.0795085 0.996525 0.0248382 12.5326 -0.186229 0.0393276 -0.98172 261.087
-0.977118 0.0701724 0.200783 -253.957 0.0771295 0.996655 0.0270294 12.5719 -0.198214 0.0418972 -0.979262 258.673
-0.976708 0.0699044 0.202868 -253.693 0.0768836 0.996682 0.0267183 12.5931 -0.200327 0.0416931 -0.978842 257.451
-0.97629 0.0696366 0.20496 -253.429 0.0766372 0.996709 0.0264082 12.6125 -0.202447 0.0414896 -0.978414 256.229
-0.973338 0.0733334 0.217343 -252.917 0.0803017 0.996496 0.0233924 12.6481 -0.214866 0.0402217 -0.975816 253.799
-0.972885 0.0730682 0.219452 -252.641 0.0800514 0.996523 0.0230873 12.6639 -0.217002 0.0400287 -0.975352 252.596
-0.969128 0.0785934 0.233692 -252.079 0.0863155 0.996003 0.022986 12.6834 -0.230951 0.0424476 -0.972038 250.173
-0.966165 0.0780525 0.245839 -251.488 0.087156 0.995846 0.0263531 12.7056 -0.242761 0.0468877 -0.968954 247.799
-0.965641 0.0777708 0.247973 -250.864 0.0868978 0.995876 0.026059 12.7373 -0.244924 0.046712 -0.968417 245.403
-0.963096 0.0811376 0.256631 -250.236 0.0883604 0.995948 0.0167199 12.7634 -0.254234 0.0387789 -0.966363 243.013
-0.962543 0.0808727 0.258785 -249.593 0.0880993 0.995976 0.0164312 12.7781 -0.256415 0.0386145 -0.965795 240.602
-0.961982 0.0806073 0.26095 -248.932 0.0878376 0.996004 0.0161444 12.7931 -0.258606 0.0384518 -0.965218 238.215
-0.961409 0.0803417 0.263123 -248.281 0.0875755 0.996032 0.01586 12.8015 -0.260805 0.0382911 -0.96463 235.831
-0.958033 0.0829474 0.274397 -247.616 0.0893445 0.995941 0.0108755 12.8109 -0.272381 0.034935 -0.961556 233.457
-0.954403 0.0850851 0.286137 -246.913 0.091048 0.995818 0.00757433 12.8029 -0.284296 0.0332812 -0.958158 231.112
-0.95377 0.0848294 0.288323 -246.544 0.0907789 0.995844 0.00730147 12.7995 -0.286505 0.0331375 -0.957507 229.931
-0.949802 0.0871112 0.300482 -245.835 0.0957391 0.995307 0.0140799 12.7964 -0.297846 0.042141 -0.953684 227.571
-0.945993 0.0914422 0.311018 -245.085 0.0998076 0.994945 0.0110521 12.8014 -0.308436 0.0414972 -0.950338 225.203
-0.943211 0.0922387 0.319128 -244.297 0.0984922 0.995132 0.00347621 12.7849 -0.317253 0.0347104 -0.947704 222.864
-0.94249 0.091976 0.321326 -243.483 0.098214 0.99516 0.00322076 12.7613 -0.319475 0.0345942 -0.946962 220.526
-0.941762 0.0917128 0.323529 -242.666 0.0979353 0.995188 0.00296823 12.743 -0.3217 0.0344803 -0.946212 218.195
-0.941025 0.0914485 0.325738 -241.875 0.0976558 0.995217 0.00271889 12.7136 -0.323932 0.0343688 -0.945454 215.882
-0.940281 0.0911834 0.327953 -241.058 0.0973758 0.995245 0.00247284 12.6824 -0.326168 0.0342598 -0.944689 213.576
-0.939533 0.0909175 0.330173 -240.247 0.0970951 0.995273 0.00222966 12.6634 -0.32841 0.034153 -0.943919 211.276
-0.938774 0.0906509 0.332399 -239.419 0.0968139 0.995301 0.00198959 12.635 -0.330656 0.0340485 -0.943139 208.99
-0.938007 0.0903832 0.33463 -238.603 0.0965319 0.995328 0.00175257 12.6083 -0.332908 0.0339464 -0.94235 206.692
-0.934525 0.0874338 0.344994 -237.768 0.0951677 0.995446 0.00550993 12.5826 -0.342941 0.0379814 -0.93859 204.402
-0.933723 0.0871553 0.347223 -237.334 0.0948827 0.995474 0.00528022 12.5712 -0.345191 0.0378757 -0.937767 203.263
-0.930755 0.0799104 0.356807 -236.467 0.0858503 0.996308 0.000813397 12.5509 -0.355424 0.031389 -0.934178 200.991
-0.927104 0.075248 0.367174 -235.578 0.0800319 0.99679 -0.00220225 12.5217 -0.366161 0.0273439 -0.93015 198.732
-0.926242 0.074992 0.369398 -235.125 0.0797409 0.996813 -0.00241937 12.5097 -0.368402 0.0272152 -0.92927 197.613
-0.925373 0.0747359 0.371622 -234.667 0.0794496 0.996835 -0.00263444 12.4877 -0.370643 0.0270873 -0.928382 196.492
-0.924495 0.0744794 0.373844 -234.204 0.0791575 0.996858 -0.00284752 12.4726 -0.372882 0.0269601 -0.927486 195.373
-0.923615 0.0742228 0.376069 -233.747 0.0788651 0.996881 -0.00305886 12.4573 -0.375123 0.0268335 -0.926587 194.293
-0.918431 0.0750581 0.388391 -232.833 0.0791382 0.996848 -0.00550601 12.4188 -0.387581 0.0256797 -0.921477 192.056
-0.913513 0.0746408 0.399902 -231.884 0.0781373 0.996914 -0.00757926 12.3775 -0.399234 0.0243235 -0.916526 189.824
-0.912565 0.0743876 0.40211 -231.404 0.077839 0.996936 -0.0077754 12.3532 -0.401456 0.0242043 -0.915559 188.747
-0.91161 0.0741335 0.404317 -230.437 0.0775402 0.996957 -0.00796785 12.3025 -0.403678 0.0240873 -0.914584 186.597
-0.906807 0.0765012 0.414548 -229.467 0.0816272 0.996648 -0.0053667 12.2648 -0.413569 0.0289718 -0.910012 184.429
-0.902036 0.080956 0.423999 -228.47 0.0865948 0.996226 -0.00598759 12.2166 -0.422883 0.031315 -0.905642 182.275
-0.897132 0.082948 0.433902 -227.449 0.0903398 0.995904 -0.00359869 12.168 -0.432424 0.0359702 -0.900951 180.128
-0.892384 0.0863435 0.442942 -226.419 0.0915891 0.995751 -0.00958157 12.1217 -0.441887 0.0320182 -0.896501 178.016
-0.891329 0.0860643 0.44511 -225.343 0.0912823 0.995777 -0.00974647 12.0729 -0.44407 0.0319434 -0.895421 175.883
-0.890273 0.0857842 0.447278 -224.257 0.0909753 0.995804 -0.00990767 12.0199 -0.446251 0.0318707 -0.894342 173.749
-0.8854 0.0850181 0.456991 -223.162 0.0883073 0.995992 -0.0142019 11.9716 -0.456366 0.0277812 -0.889359 171.603
-0.880049 0.0902095 0.466234 -222.045 0.0919141 0.995583 -0.0191362 11.9068 -0.465901 0.0260126 -0.884453 169.468
-0.873575 0.0954951 0.477232 -220.918 0.0990609 0.994923 -0.0177551 11.8401 -0.476504 0.0317646 -0.878599 167.321
-0.867811 0.0976776 0.487199 -219.726 0.0995618 0.994786 -0.0221006 11.7658 -0.486818 0.0293273 -0.873011 165.168
-0.866655 0.0973971 0.489308 -219.124 0.099248 0.994814 -0.0222319 11.7272 -0.488936 0.0292955 -0.871827 164.095
-0.861343 0.0934432 0.499354 -217.906 0.0977966 0.995052 -0.0175114 11.6531 -0.49852 0.0337519 -0.86622 161.975
-0.860162 0.0931495 0.501442 -217.282 0.0974811 0.995081 -0.0176327 11.6116 -0.500618 0.0337141 -0.865011 160.912
-0.858977 0.0928552 0.503526 -216.647 0.0971652 0.99511 -0.0177518 11.5788 -0.502712 0.0336768 -0.863799 159.852
-0.857789 0.0925603 0.505604 -216.016 0.0968493 0.995139 -0.0178684 11.5469 -0.5048 0.03364 -0.862583 158.811
-0.856593 0.0922644 0.507675 -215.391 0.0965328 0.995167 -0.0179822 11.5008 -0.506881 0.0336039 -0.86136 157.769
-0.855398 0.091968 0.509744 -214.759 0.0962163 0.995196 -0.0180935 11.4616 -0.508959 0.0335685 -0.860138 156.717
-0.854196 0.0916699 0.511804 -213.497 0.0958996 0.995225 -0.0182003 11.3844 -0.511029 0.0335352 -0.858908 154.629
-0.84952 0.0864911 0.52042 -212.24 0.0919723 0.995643 -0.0153378 11.3128 -0.51948 0.0348345 -0.853774 152.539
-0.8483 0.0861868 0.522457 -210.941 0.0916543 0.995671 -0.0154338 11.2424 -0.521526 0.0347929 -0.852527 150.467
-0.842512 0.0893571 0.531211 -209.665 0.0930193 0.995465 -0.0199202 11.1713 -0.530582 0.0326299 -0.847003 148.405
-0.83759 0.0893913 0.538935 -208.365 0.0892833 0.995657 -0.0263857 11.0916 -0.538953 0.0260174 -0.841933 146.372
-0.836333 0.0891039 0.540934 -207.705 0.0889637 0.995683 -0.0264656 11.0446 -0.540958 0.0259894 -0.84065 145.367
-0.830176 0.0895975 0.550256 -206.393 0.0913638 0.995522 -0.0242584 10.952 -0.549965 0.0301348 -0.834644 143.361
-0.822683 0.0904076 0.561262 -205.071 0.091126 0.995479 -0.0267804 10.8609 -0.561145 0.0291137 -0.827203 141.372
-0.816424 0.0850625 0.571155 -203.702 0.088633 0.99583 -0.0216154 10.7708 -0.570612 0.0329758 -0.820559 139.39
-0.808594 0.0898496 0.581469 -202.324 0.0950173 0.99524 -0.0216549 10.6921 -0.580647 0.0377396 -0.813283 137.425
-0.800692 0.0903023 0.592233 -200.927 0.0961555 0.995129 -0.0217339 10.6155 -0.591311 0.0395443 -0.805475 135.493
-0.793631 0.0846292 0.602484 -199.482 0.090821 0.995662 -0.0202224 10.5388 -0.601581 0.038669 -0.797875 133.566
-0.786093 0.0906672 0.611421 -198.017 0.0939257 0.995218 -0.0268214 10.4602 -0.610928 0.036344 -0.79085 131.657
-0.779079 0.0943907 0.61978 -196.541 0.0969133 0.99485 -0.0296903 10.3732 -0.61939 0.0369338 -0.784214 129.751
-0.777687 0.0940627 0.621577 -195.011 0.0965914 0.994881 -0.0297041 10.2767 -0.621189 0.0369385 -0.782791 127.834
-0.770871 0.0941907 0.62999 -193.468 0.0990184 0.994704 -0.0275584 10.1764 -0.629249 0.0411366 -0.776115 125.911
-0.763395 0.100945 0.637995 -191.914 0.102368 0.994137 -0.0348059 10.0836 -0.637769 0.0387398 -0.769254 124.003
-0.756535 0.0997498 0.646301 -190.322 0.0987123 0.994393 -0.0379254 9.97703 -0.646461 0.035106 -0.76214 122.105
-0.750564 0.0949937 0.653931 -188.685 0.0911571 0.995036 -0.0399167 9.85556 -0.654477 0.0296504 -0.755498 120.222
-0.743299 0.09227 0.662568 -187.033 0.0897975 0.99524 -0.0378597 9.73031 -0.662907 0.0313559 -0.748046 118.364
-0.741865 0.0919421 0.664216 -185.354 0.089479 0.99527 -0.0378279 9.60622 -0.664552 0.0313702 -0.746583 116.497
-0.740435 0.0916132 0.665855 -184.508 0.089161 0.9953 -0.0377931 9.54701 -0.666188 0.031385 -0.745124 115.563
-0.732785 0.0880898 0.674733 -182.819 0.0872067 0.995566 -0.0352663 9.42111 -0.674848 0.0329986 -0.737218 113.712
-0.724575 0.0917459 0.683062 -181.126 0.0880182 0.995303 -0.0403172 9.30213 -0.683553 0.0309091 -0.729247 111.856
-0.714068 0.0879495 0.69453 -178.458 0.0870138 0.995534 -0.0366046 9.11208 -0.694648 0.0342955 -0.718532 109.066
-0.707789 0.082019 0.701644 -176.662 0.078929 0.9962 -0.0368308 8.98553 -0.701999 0.0293116 -0.711573 107.234
-0.703 0.0783804 0.706855 -174.82 0.0701794 0.996703 -0.0407236 8.85966 -0.707716 0.0209779 -0.706182 105.403
-0.701564 0.0780575 0.708318 -172.96 0.0698692 0.996728 -0.0406376 8.72437 -0.709173 0.0209798 -0.704722 103.565
-0.700139 0.0777322 0.709762 -171.118 0.0695603 0.996753 -0.0405458 8.59278 -0.71061 0.0209836 -0.703273 101.735
-0.698727 0.077404 0.711187 -169.235 0.0692522 0.996779 -0.0404481 8.46275 -0.712027 0.0209891 -0.701836 99.9127
-0.697329 0.0770732 0.712595 -167.355 0.0689452 0.996804 -0.0403446 8.33066 -0.713427 0.0209965 -0.700415 98.0784
-0.695943 0.07674 0.713982 -165.454 0.0686395 0.99683 -0.0402354 8.20295 -0.714806 0.0210058 -0.699005 96.243
-0.695156 0.0674386 0.715687 -163.549 0.060737 0.99754 -0.0350026 8.07772 -0.716287 0.0191365 -0.697542 94.4071
-0.693797 0.0671036 0.717038 -161.66 0.0604332 0.997563 -0.034882 7.95015 -0.717631 0.0191319 -0.696161 92.5767
-0.692642 0.0820322 0.7166 -159.784 0.0790795 0.996159 -0.0375987 7.82262 -0.716932 0.030626 -0.696468 90.7227
-0.692244 0.089416 0.716104 -157.912 0.0913191 0.995171 -0.0359853 7.6916 -0.715864 0.0404833 -0.697066 88.8699
-0.690938 0.0890341 0.717408 -156.059 0.0910188 0.995204 -0.0358493 7.56811 -0.717159 0.040528 -0.695728 87.0414
-0.689651 0.0886501 0.718697 -154.173 0.0907196 0.995236 -0.0357078 7.44753 -0.718438 0.0405739 -0.694408 85.2338
-0.688372 0.0882639 0.719966 -152.283 0.0904215 0.995268 -0.0355606 7.31733 -0.719698 0.0406215 -0.693096 83.4262
-0.687112 0.0878754 0.721219 -150.39 0.0901247 0.995301 -0.0354078 7.18983 -0.720942 0.0406705 -0.691803 81.601
-0.685864 0.0874845 0.722454 -148.514 0.089829 0.995333 -0.0352491 7.057 -0.722166 0.0407212 -0.690522 79.7935
-0.68463 0.0870917 0.72367 -146.632 0.0895346 0.995366 -0.0350852 6.94016 -0.723372 0.0407732 -0.689255 78.0011
-0.683409 0.0866966 0.72487 -144.767 0.0892411 0.995398 -0.0349159 6.82635 -0.724561 0.0408263 -0.688 76.2312
-0.682202 0.0862994 0.726052 -142.87 0.0889486 0.99543 -0.0347413 6.70526 -0.725732 0.0408808 -0.68676 74.4481
-0.68101 0.0859002 0.727218 -140.983 0.0886576 0.995462 -0.0345614 6.58667 -0.726887 0.0409367 -0.685536 72.6833
-0.679834 0.0854986 0.728366 -139.121 0.0883675 0.995495 -0.034376 6.467 -0.728023 0.0409939 -0.684326 70.9141
-0.678672 0.0850951 0.729496 -137.221 0.0880787 0.995527 -0.0341852 6.34791 -0.729141 0.0410525 -0.683132 69.1399
-0.677526 0.0846893 0.730608 -135.311 0.0877909 0.995559 -0.033989 6.23048 -0.730242 0.0411123 -0.681952 67.3664
-0.676391 0.0842811 0.731703 -133.397 0.0875042 0.995591 -0.0337874 6.10783 -0.731325 0.0411736 -0.680784 65.6042
-0.675275 0.083871 0.73278 -131.485 0.087219 0.995623 -0.0335802 5.98302 -0.732389 0.0412365 -0.679635 63.8274
-0.674174 0.0834588 0.733841 -129.594 0.0869349 0.995655 -0.0333681 5.87504 -0.733438 0.0413005 -0.6785 62.065
-0.673088 0.0830442 0.734885 -127.678 0.0866517 0.995687 -0.0331505 5.76171 -0.734468 0.0413658 -0.677381 60.2999
-0.672017 0.0826276 0.73591 -125.754 0.0863698 0.995719 -0.0329276 5.64093 -0.73548 0.0414325 -0.676276 58.549
-0.672187 0.0800865 0.736036 -123.837 0.0774597 0.996284 -0.0376631 5.52106 -0.736317 0.0316965 -0.675892 56.8256
-0.671137 0.0796807 0.737037 -122.882 0.0771795 0.996314 -0.0374321 5.45588 -0.737303 0.0317621 -0.674813 55.9578
-0.670105 0.0792722 0.738022 -120.971 0.0769007 0.996345 -0.0371953 5.32418 -0.738273 0.0318296 -0.673752 54.2278
-0.669085 0.078861 0.73899 -119.056 0.0766229 0.996375 -0.0369529 5.19896 -0.739225 0.0318989 -0.672702 52.5021
-0.668076 0.0784485 0.739947 -118.103 0.0763462 0.996405 -0.0367073 5.12884 -0.740167 0.0319689 -0.671664 51.6421
-0.667072 0.0780346 0.740895 -117.151 0.0760703 0.996436 -0.0364587 5.0646 -0.741099 0.0320396 -0.67063 50.7827
-0.666085 0.0776184 0.741827 -115.237 0.0757959 0.996466 -0.0362046 4.9415 -0.742015 0.0321121 -0.669614 49.0425
-0.665114 0.0771993 0.742741 -113.321 0.0755228 0.996496 -0.0359447 4.80833 -0.742913 0.0321865 -0.668614 47.3185
-0.66415 0.0767789 0.743647 -112.352 0.0752503 0.996526 -0.0356819 4.75325 -0.743803 0.0322615 -0.667621 46.4483
-0.66341 0.0684007 0.745125 -110.397 0.0735873 0.99695 -0.0260005 4.64083 -0.74463 0.0375827 -0.66642 44.7154
-0.662477 0.0679688 0.74599 -108.455 0.0733171 0.996977 -0.0257272 4.5363 -0.745484 0.0376502 -0.665458 42.9993
-0.661567 0.0675352 0.74684 -106.533 0.073048 0.997004 -0.0254496 4.45575 -0.746321 0.0377186 -0.664518 41.2523
-0.660668 0.0670995 0.747672 -104.581 0.0727797 0.99703 -0.0251674 4.36982 -0.747141 0.0377881 -0.663589 39.5193
-0.659791 0.0666619 0.748488 -102.623 0.0725127 0.997057 -0.0248804 4.27151 -0.747944 0.037859 -0.662683 37.7773
-0.658918 0.066223 0.749294 -101.645 0.0722461 0.997084 -0.0245906 4.22092 -0.748737 0.0379304 -0.661781 36.9141
-0.658063 0.0657823 0.750081 -99.704 0.0719806 0.99711 -0.0242964 4.13816 -0.749512 0.0380028 -0.660897 35.204
-0.657227 0.0653397 0.750854 -97.7392 0.0717163 0.997136 -0.0239975 4.04413 -0.750272 0.0380767 -0.660031 33.471
-0.65641 0.0648947 0.751609 -95.7738 0.0714528 0.997163 -0.0236936 3.94863 -0.751013 0.0381518 -0.659184 31.7389
-0.655611 0.0644481 0.752345 -93.7833 0.0711906 0.997189 -0.0233851 3.86124 -0.751737 0.0382284 -0.658356 30.0027
-0.654827 0.0639992 0.753064 -91.7877 0.0709291 0.997214 -0.0230719 3.77335 -0.752443 0.0383061 -0.657542 28.2692
-0.654065 0.0635485 0.753767 -89.8324 0.0706688 0.99724 -0.0227541 3.68848 -0.753132 0.0383851 -0.65675 26.5559
-0.653317 0.0630957 0.75445 -87.8388 0.0704093 0.997266 -0.0224316 3.59946 -0.753802 0.0384654 -0.655974 24.8422
-0.652592 0.0626408 0.755118 -85.8377 0.0701509 0.997291 -0.0221043 3.50919 -0.754457 0.0385471 -0.655219 23.1106
-0.651882 0.0621839 0.755767 -83.8327 0.0698936 0.997317 -0.0217722 3.41713 -0.755093 0.0386303 -0.654479 21.3865
-0.651193 0.0617249 0.756397 -81.8346 0.0696374 0.997342 -0.021435 3.32016 -0.75571 0.0387152 -0.653761 19.6643
-0.650523 0.0612636 0.757013 -79.8483 0.0693823 0.997367 -0.0210929 3.22002 -0.756312 0.0388019 -0.653061 17.9703
-0.649871 0.0608005 0.757609 -77.8328 0.0691281 0.997392 -0.0207463 3.14516 -0.756895 0.0388896 -0.65238 16.2517
-0.649238 0.0603351 0.758187 -75.8556 0.0688747 0.997417 -0.0203948 3.05364 -0.757459 0.0389789 -0.651717 14.5747
-0.648627 0.0598679 0.758749 -73.8733 0.0686224 0.997441 -0.0200387 2.97257 -0.758007 0.0390695 -0.651076 12.8832
-0.648031 0.0593986 0.759293 -71.9262 0.0683712 0.997466 -0.0196779 2.88266 -0.758538 0.0391619 -0.650449 11.2152
-0.647456 0.0589272 0.75982 -69.9852 0.068121 0.99749 -0.0193122 2.79235 -0.759051 0.0392559 -0.649845 9.54713
-0.6469 0.0584536 0.760332 -68.042 0.0678718 0.997514 -0.0189418 2.70609 -0.759549 0.0393516 -0.649259 7.88532
-0.646362 0.0579782 0.760825 -66.0956 0.0676235 0.997538 -0.018567 2.63203 -0.760029 0.0394486 -0.648692 6.20848
-0.645832 0.0575018 0.761311 -65.1275 0.0673756 0.997562 -0.01819 2.59841 -0.760501 0.0395461 -0.648131 5.37368
-0.646717 0.0661343 0.759857 -63.1948 0.0701379 0.997169 -0.0270942 2.50503 -0.759498 0.0357725 -0.649525 3.72991
-0.646229 0.0656565 0.760314 -61.2791 0.0698918 0.997197 -0.0267079 2.40337 -0.759937 0.0358804 -0.649006 2.08589
-0.645748 0.0651773 0.760764 -60.328 0.0696461 0.997225 -0.026319 2.36002 -0.760368 0.0359888 -0.648495 1.27744
-0.645288 0.0646955 0.761196 -58.4324 0.0694016 0.997252 -0.0259246 2.25186 -0.760782 0.0360994 -0.648005 -0.324324
-0.644836 0.0642125 0.761619 -57.5017 0.0691581 0.997279 -0.0255274 2.19328 -0.761186 0.0362111 -0.647523 -1.10413
-0.644403 0.0637272 0.762027 -55.6546 0.0689155 0.997306 -0.0251253 2.10112 -0.761575 0.0363247 -0.647059 -2.6816
-0.643988 0.0632393 0.762418 -53.8519 0.0686743 0.997333 -0.0247177 1.98914 -0.761948 0.0364406 -0.646613 -4.19634
-0.643591 0.0627492 0.762794 -52.0778 0.0684342 0.99736 -0.0243053 1.89621 -0.762305 0.0365585 -0.646186 -5.67173
-0.643212 0.0622565 0.763155 -50.3558 0.0681952 0.997386 -0.0238876 1.79102 -0.762647 0.0366786 -0.645776 -7.10831
-0.642848 0.0617616 0.7635 -48.6446 0.067957 0.997412 -0.0234653 1.70372 -0.762973 0.0368006 -0.645382 -8.53782
-0.642502 0.0612648 0.763829 -46.99 0.0677202 0.997438 -0.0230383 1.617 -0.763284 0.0369245 -0.645005 -9.94183
-0.642175 0.0607659 0.764146 -45.3925 0.0674842 0.997464 -0.0226071 1.54147 -0.763582 0.03705 -0.644647 -11.2783
