1 0 0 -0 0 1 0 0 0 0 1 -0
1 0 0 -0.0154 0 1 0 0.000648 0 0 1 0.724351
1 0 0 -0.032778 0 1 0 -0.005771 0 0 1 2.22512
1 0 0 -0.072293 0 1 0 -0.012474 0 0 1 3.77715
0.999581 0.00400066 -0.0286603 -0.152178 -0.0038745 0.999983 0.00445598 -0.023865 0.0286776 -0.00434307 0.999579 6.19762
0.999581 0.00399111 -0.0286822 -0.246533 -0.00386405 0.999982 0.00448388 -0.027785 0.0286996 -0.00437117 0.999579 8.68849
0.99958 0.00398147 -0.0287022 -0.335439 -0.00385369 0.999982 0.00450577 -0.039694 0.0287196 -0.00439327 0.999578 11.2714
0.99958 0.00397177 -0.0287202 -0.429428 -0.00384339 0.999982 0.00452366 -0.052684 0.0287376 -0.00441138 0.999577 13.9369
0.999579 0.00396201 -0.0287382 -0.53124 -0.00383315 0.999982 0.00453755 -0.05962 0.0287556 -0.00442548 0.999577 16.6457
0.999579 0.00395019 -0.0287542 -0.58549 -0.00382097 0.999982 0.00454741 -0.069453 0.0287716 -0.00443562 0.999576 18.4809
0.999578 0.00394031 -0.0287682 -0.6457 -0.00381086 0.999982 0.00455329 -0.072895 0.0287856 -0.00444174 0.999576 20.3357
0.999578 0.00393036 -0.0287802 -0.730148 -0.0038008 0.999982 0.00455517 -0.086213 0.0287976 -0.00444386 0.999575 23.153
0.999578 0.00392036 -0.0287922 -0.80692 -0.0037908 0.999982 0.00455305 -0.111166 0.0288096 -0.00444198 0.999575 26.0014
0.999563 -0.0017611 -0.0295244 -0.86398 0.0021304 0.99992 0.0124817 -0.108786 0.0295 -0.0125391 0.999486 27.9586
0.999409 -0.0116669 -0.0323271 -0.911319 0.0119413 0.999894 0.0083081 -0.110267 0.0322268 -0.00868923 0.999443 29.9187
0.999409 -0.0116791 -0.0323331 -1.03122 0.0119531 0.999894 0.00829388 -0.119853 0.0322328 -0.00867546 0.999443 32.8758
0.999409 -0.0116894 -0.032339 -1.0908 0.0119629 0.999894 0.00827568 -0.130307 0.0322389 -0.00865766 0.999443 34.8235
0.999426 -0.00400077 -0.033645 -1.20249 0.00454972 0.999858 0.0162552 -0.141505 0.0335751 -0.016399 0.999302 37.7363
0.999426 -0.0040112 -0.033649 -1.31773 0.00455928 0.999858 0.0162271 -0.124971 0.0335791 -0.0163712 0.999302 40.7249
0.999426 -0.00402374 -0.033649 -1.39358 0.00457074 0.999858 0.0161949 -0.124082 0.0335791 -0.0163394 0.999302 42.7044
0.999426 -0.00403438 -0.033649 -1.51885 0.0045801 0.999859 0.0161567 -0.119343 0.0335791 -0.0163015 0.999303 45.6528
0.999426 -0.00404712 -0.0336451 -1.63586 0.00459136 0.99986 0.0161145 -0.098698 0.0335751 -0.0162598 0.999304 48.5816
0.999426 -0.00405996 -0.033641 -1.72942 0.00460252 0.99986 0.0160664 -0.097288 0.0335711 -0.016212 0.999305 51.4518
0.999272 -0.0103129 -0.0367338 -1.82306 0.0112733 0.999598 0.0260334 -0.075807 0.0364506 -0.0264285 0.998986 54.3025
0.999182 -0.00551883 -0.0400504 -1.94101 0.00617439 0.999849 0.0162631 -0.04463 0.0399546 -0.0164971 0.999065 57.0851
0.999065 0.0033515 -0.0430959 -2.08455 -0.00270291 0.999882 0.0150994 -0.043271 0.0431415 -0.0149688 0.998957 59.8069
0.999066 0.00333795 -0.0430841 -2.21343 -0.00269247 0.999883 0.0150311 -0.043611 0.0431293 -0.0149011 0.998958 62.4283
0.999067 0.00332434 -0.0430704 -2.3402 -0.00268209 0.999884 0.0149609 -0.047357 0.0431151 -0.0148314 0.99896 64.9162
0.998745 0.0132672 -0.0482911 -2.50175 -0.0123637 0.999744 0.0189598 -0.041095 0.0485303 -0.0183389 0.998653 68.0262
0.99858 0.0134104 -0.0515584 -2.61959 -0.0131841 0.999902 0.00472767 -0.048084 0.0516167 -0.0040412 0.998659 70.1482
0.998581 0.0133962 -0.051539 -2.72778 -0.0131743 0.999902 0.00464325 -0.079233 0.0515962 -0.00395768 0.99866 72.0883
0.999049 0.00916816 -0.0426292 -2.84105 -0.00929143 0.999953 -0.00269455 -0.111733 0.0426025 0.00308807 0.999087 74.4697
1 0 0 -2.87944 0 1 0 -0.14464 0 0 1 76.6261
0.997622 0.00735231 0.0685309 -2.78221 -0.00803834 0.99992 0.00974007 -0.159238 -0.0684539 -0.0102678 0.997601 78.589
0.97777 0.00563606 0.209604 -2.4255 -0.00866343 0.999871 0.013528 -0.171769 -0.2095 -0.0150431 0.977693 80.3701
0.885474 0.0096376 0.464589 -1.54134 -0.0132843 0.999901 0.0045767 -0.190232 -0.464499 -0.0102243 0.885515 82.2343
0.641889 0.0057171 0.766776 0.123217 -0.0107912 0.999941 0.00157804 -0.216305 -0.766722 -0.00928737 0.641912 83.8079
0.358033 0.00695055 0.933683 2.18607 -0.00234112 0.999976 -0.00654631 -0.252635 -0.933706 0.00015793 0.358041 84.6451
0.216189 0.00736531 0.976325 3.67786 0.00281131 0.999963 -0.00816615 -0.280563 -0.976348 0.00451018 0.21616 84.9465
0.117297 0.021145 0.992871 5.27327 0.0126405 0.999661 -0.0227829 -0.322456 -0.993016 0.0152228 0.116989 85.1047
0.064107 0.0243804 0.997645 6.59642 0.0102434 0.999633 -0.0250872 -0.351861 -0.99789 0.0118276 0.0638337 85.1873
0.0247587 0.0183202 0.999525 8.05086 0.0161645 0.999694 -0.0187237 -0.398487 -0.999562 0.0166204 0.024455 85.2094
0.00113087 0.0201355 0.999796 9.64343 0.0232308 0.999527 -0.0201563 -0.437979 -0.999729 0.0232489 0.000662567 85.1998
-0.0147305 0.0220322 0.999649 11.3834 0.0276118 0.999385 -0.0216195 -0.482444 -0.99951 0.0272836 -0.0153298 85.1633
-0.0146767 0.0220435 0.999649 12.6423 0.0277159 0.999382 -0.0216307 -0.5135 -0.999508 0.0273887 -0.0152786 85.1307
-0.016623 0.0208905 0.999643 14.6653 0.0378524 0.999078 -0.0202493 -0.56613 -0.999144 0.0375023 -0.0173984 85.0842
-0.00579756 0.0204351 0.999774 16.8356 0.0430953 0.998867 -0.0201666 -0.619059 -0.999054 0.0429687 -0.00667165 85.0546
0.00940008 0.0145016 0.999851 19.9464 0.0391529 0.999123 -0.0148592 -0.695308 -0.999189 0.0392868 0.00882405 85.0909
0.017482 0.0245322 0.999546 22.3622 0.0274099 0.999311 -0.0250058 -0.766601 -0.999471 0.0278347 0.0167975 85.1479
0.0173151 0.0244708 0.99955 24.8229 0.0260907 0.999349 -0.0249178 -0.846917 -0.999509 0.0265104 0.0166654 85.2213
0.017296 0.024102 0.99956 27.2971 0.0247608 0.999392 -0.0245265 -0.944567 -0.999544 0.0251742 0.0166887 85.2724
0.0101616 0.0233796 0.999675 30.551 0.0132895 0.999635 -0.0235137 -1.06545 -0.99986 0.0135241 0.00984714 85.3468
-0.00808238 0.0186307 0.999794 32.9672 0.0100201 0.999778 -0.0185494 -1.14577 -0.999917 0.00986812 -0.00826726 85.3483
-0.037193 0.0192451 0.999122 35.3623 0.0122189 0.999749 -0.0188023 -1.21867 -0.999233 0.0115088 -0.0374188 85.2851
-0.0591336 0.0179138 0.998089 36.936 0.012784 0.999771 -0.0171865 -1.27232 -0.998168 0.0117433 -0.059349 85.1952
-0.0811476 0.0195557 0.99651 38.4843 0.0136298 0.999736 -0.0185091 -1.31952 -0.996609 0.0120803 -0.0813927 85.0712
-0.110262 0.0220298 0.993658 40.7637 0.0153398 0.999673 -0.0204609 -1.39614 -0.993784 0.0129864 -0.110564 84.8288
-0.137583 0.0221251 0.990243 43.0096 0.018115 0.999639 -0.0198181 -1.46907 -0.990324 0.0152116 -0.137934 84.5381
-0.154324 0.0184504 0.987847 45.1483 0.0262567 0.999549 -0.0145671 -1.53786 -0.987671 0.0236896 -0.154739 84.2015
-0.154844 0.0186193 0.987762 46.5169 0.0264414 0.999542 -0.0146963 -1.58126 -0.987584 0.0238422 -0.155266 83.9847
-0.155674 0.0189369 0.987627 47.8133 0.0266356 0.999533 -0.0149668 -1.61968 -0.987449 0.0239761 -0.156105 83.7715
-0.140772 0.0219995 0.989798 49.6294 0.027535 0.999453 -0.018298 -1.69064 -0.98966 0.0246782 -0.141301 83.5086
-0.0780637 0.0256571 0.996618 51.8129 0.0225349 0.999459 -0.0239651 -1.78097 -0.996694 0.0205879 -0.0785997 83.3278
0.0462334 0.0273135 0.998558 53.8498 0.0148876 0.999496 -0.0280285 -1.86708 -0.99882 0.016162 0.0458035 83.39
0.236729 0.0138856 0.971476 55.7861 0.00209691 0.999888 -0.0148027 -1.94612 -0.971573 0.00554134 0.236674 83.7967
0.412649 0.0180836 0.91071 57.1868 0.00482598 0.999745 -0.0220382 -1.98509 -0.910877 0.0134891 0.412457 84.3769
0.532972 0.0250554 0.845762 57.9909 0.00252319 0.99951 -0.0312001 -2.02265 -0.84613 0.0187628 0.532648 84.9128
0.645797 0.0295465 0.762937 58.684 -0.00341041 0.999353 -0.0358155 -2.04778 -0.763501 0.0205276 0.64548 85.5432
0.743559 0.0248297 0.668209 59.2811 -0.00628909 0.999526 -0.0301427 -2.07668 -0.66864 0.0182104 0.743362 86.2681
0.858838 0.013489 0.51207 59.966 -0.0100649 0.999905 -0.0094589 -2.11139 -0.512149 0.00296974 0.858891 87.4978
0.948631 0.027762 0.315165 60.6649 -0.029796 0.999555 0.00163631 -2.15146 -0.31498 -0.0109429 0.949035 89.701
0.967876 0.0426392 0.247786 61.3826 -0.0435163 0.999051 -0.00193883 -2.17252 -0.247634 -0.00890618 0.968813 92.6512
0.965484 0.0422954 0.257004 61.9548 -0.0386072 0.999066 -0.0193821 -2.20284 -0.257584 0.00879089 0.966216 94.7856
0.960476 0.0414862 0.275255 62.6072 -0.0417708 0.999116 -0.00483044 -2.2476 -0.275212 -0.0068581 0.961359 97.1492
0.958997 0.0300189 0.281822 63.3539 -0.0285907 0.999549 -0.00917926 -2.28271 -0.28197 0.000745383 0.959423 99.659
0.960531 0.0339408 0.276096 63.9184 -0.0308612 0.999404 -0.0154925 -2.30884 -0.276457 0.00636033 0.961005 101.66
0.962096 0.0329774 0.270709 64.5109 -0.0335748 0.999433 -0.00242527 -2.3507 -0.270635 -0.00675564 0.962658 103.801
0.964548 0.0391776 0.260982 65.0967 -0.0363588 0.999217 -0.015622 -2.37746 -0.26139 0.00557921 0.965217 106.018
0.967608 0.0280926 0.250891 65.8973 -0.0273053 0.999605 -0.00661922 -2.43631 -0.250978 -0.000445834 0.967993 109.121
0.967608 0.0280926 0.250891 66.5143 -0.0273053 0.999605 -0.00661922 -2.46879 -0.250978 -0.000445834 0.967993 111.513
0.964109 0.0515606 0.260454 67.5495 -0.0508003 0.998662 -0.00965475 -2.55369 -0.260603 -0.00392288 0.965438 115.626
0.963843 0.0375466 0.263811 68.2371 -0.0354598 0.999291 -0.0126692 -2.60678 -0.264099 0.00285643 0.964491 118.1
0.961938 0.0448579 0.269561 69.1223 -0.0466581 0.998911 0.000271255 -2.68612 -0.269255 -0.0128381 0.962983 121.42
0.96252 0.0356847 0.268853 70.0447 -0.0313758 0.999301 -0.0203085 -2.7677 -0.26939 0.0111119 0.962967 124.664
0.9635 0.0284783 0.266189 70.709 -0.0322424 0.999432 0.00978031 -2.81134 -0.26576 -0.0180059 0.963871 127.103
0.965442 0.0339345 0.258398 71.5469 -0.0316905 0.999415 -0.0128456 -2.87939 -0.258683 0.00421293 0.965953 130.279
0.968116 0.0393569 0.247393 72.1387 -0.0366487 0.999207 -0.0155441 -2.94615 -0.247809 0.00598188 0.968791 132.676
0.96913 0.0449161 0.242426 72.707 -0.0441086 0.998988 -0.00876015 -3.0124 -0.242574 -0.00220336 0.97013 135.048
0.96913 0.0449161 0.242426 73.0891 -0.0441086 0.998988 -0.00876015 -3.05376 -0.242574 -0.00220336 0.97013 136.616
0.972138 0.0378725 0.231332 73.4688 -0.035681 0.99927 -0.0136514 -3.08303 -0.23168 0.00501694 0.972779 138.172
0.975208 0.0330192 0.218811 73.8273 -0.0337509 0.99943 -0.000394095 -3.10324 -0.218699 -0.00700075 0.975767 139.742
0.977514 0.0393882 0.20716 74.3012 -0.0417822 0.999101 0.00719201 -3.12729 -0.206691 -0.0156859 0.978281 142.116
0.982735 0.0434739 0.179841 74.8657 -0.0436397 0.999043 -0.00303628 -3.16783 -0.179801 -0.00486434 0.983691 145.259
0.988031 0.050904 0.145616 75.3358 -0.0500282 0.998701 -0.00967235 -3.21486 -0.145919 0.0022717 0.989294 148.481
0.991613 0.055715 0.116619 75.7175 -0.0571296 0.998328 0.00882011 -3.24805 -0.115932 -0.0154085 0.993138 151.752
0.992405 0.0664589 0.103513 75.9541 -0.0663043 0.997787 -0.0049376 -3.26978 -0.103612 -0.00196327 0.994616 154.188
0.992945 0.0702741 0.0955126 76.1688 -0.0714564 0.997403 0.00901113 -3.29075 -0.0946313 -0.0157726 0.995387 156.685
0.99583 0.0534631 0.0739228 76.4481 -0.0535292 0.998566 -0.00108771 -3.30724 -0.0738749 -0.00287385 0.997263 159.951
0.998077 0.0405052 0.0469233 76.6192 -0.041233 0.999042 0.0146487 -3.31785 -0.046285 -0.0165553 0.998791 163.267
1 0 0 76.7508 0 1 0 -3.34281 0 0 1 167.45
0.999409 0.0343242 -0.00206033 76.7127 -0.034305 0.999373 0.00873856 -3.34103 0.00235898 -0.00866271 0.99996 170.812
0.999409 0.0343242 -0.00206033 76.676 -0.034305 0.999373 0.00873856 -3.36008 0.00235898 -0.00866271 0.99996 174.195
1 0 0 76.6636 0 1 0 -3.37756 0 0 1 177.564
1 0 0 76.6156 0 1 0 -3.42297 0 0 1 180.974
0.999428 0.0302053 -0.0151766 76.5405 -0.0302021 0.999544 0.000441279 -3.4599 0.015183 1.73392e-05 0.999885 184.347
0.999043 0.0406442 -0.0161459 76.4686 -0.040548 0.999158 0.00624489 -3.48734 0.0163861 -0.00558423 0.99985 186.842
0.998986 0.0413869 -0.0177145 76.4311 -0.041444 0.999137 -0.00286955 -3.50455 0.0175805 0.0036008 0.999839 188.472
0.998871 0.042629 -0.0209421 76.3899 -0.0424945 0.999073 0.00682698 -3.5132 0.0212138 -0.00592935 0.999757 190.087
0.998871 0.042629 -0.0209421 76.3181 -0.0424945 0.999073 0.00682698 -3.53394 0.0212138 -0.00592935 0.999757 193.18
0.99921 0.0355024 -0.0178813 76.2842 -0.035635 0.999339 -0.0071547 -3.57083 0.0176154 0.00778624 0.999815 195.254
0.998967 0.0451463 0.00511582 76.2381 -0.0451934 0.998933 0.00949871 -3.61071 -0.00468153 -0.0097201 0.999942 197.971
0.998082 0.0480277 0.0390613 76.3193 -0.0475084 0.998771 -0.0141148 -3.65401 -0.0396912 0.012232 0.999137 201.196
0.997495 0.0352661 0.0613151 76.5196 -0.0353616 0.999374 0.000473515 -3.71517 -0.06126 -0.00264053 0.998118 204.427
0.996953 0.0506776 0.0593072 76.6839 -0.050397 0.99871 -0.00621832 -3.75001 -0.0595458 0.00321046 0.99822 207.682
0.997611 0.0512405 0.0463375 76.8017 -0.0512463 0.998685 -0.00106466 -3.78424 -0.0463311 -0.00131251 0.998925 210.328
0.998582 0.041921 0.0328044 76.8959 -0.0424305 0.998987 0.0149926 -3.79238 -0.0321426 -0.0163633 0.999349 213.041
0.99965 0.0142523 0.0222995 77.0109 -0.0145604 0.9998 0.0137165 -3.79664 -0.0220995 -0.0140364 0.999657 216.532
1 0 0 77.1002 0 1 0 -3.79926 0 0 1 219.296
1 0 0 77.1323 0 1 0 -3.81051 0 0 1 221.382
1 0 0 77.1583 0 1 0 -3.82645 0 0 1 222.736
1 0 0 77.1825 0 1 0 -3.85917 0 0 1 224.74
1 0 0 77.226 0 1 0 -3.89554 0 0 1 226.601
0.999444 -0.0228449 -0.0242967 77.2078 0.0229087 0.999735 0.00235398 -3.92172 0.0242365 -0.00290928 0.999702 229.404
0.988272 -0.0275262 -0.150205 76.8955 0.0286799 0.999573 0.00551988 -3.95824 0.149989 -0.009763 0.988639 231.868
0.932184 -0.00190887 -0.36198 76.1247 -0.000847349 0.999972 -0.00745541 -3.98162 0.361984 0.00725654 0.932156 233.986
0.755437 0.0585144 -0.652604 74.5491 -0.0539839 0.998176 0.0270092 -3.9812 0.652994 0.0148263 0.757218 235.985
0.5903 0.0857091 -0.802621 73.1682 -0.0609423 0.996241 0.0615642 -3.92134 0.80488 0.0125722 0.593304 236.94
0.339978 0.061706 -0.938407 71.2573 -0.031021 0.998038 0.0543885 -3.77995 0.939922 0.0106193 0.341225 237.706
0.203058 0.0622194 -0.977189 69.9116 -0.024869 0.997985 0.0583758 -3.70835 0.978851 0.012448 0.204196 237.95
0.098528 0.0575597 -0.993468 68.441 -0.0219976 0.998208 0.0556527 -3.63438 0.994891 0.0163705 0.0996176 238.065
0.0337341 0.0529554 -0.998027 66.8809 -0.0247594 0.998333 0.0521348 -3.5571 0.999124 0.0229518 0.034989 238.076
-0.00136907 0.0481249 -0.99884 64.5804 -0.0299678 0.998391 0.0481443 -3.44537 0.999549 0.029999 7.5334e-05 238.059
-0.00352212 0.0497058 -0.998757 61.9771 -0.0282194 0.998361 0.0497856 -3.33131 0.999595 0.0283598 -0.00211367 238.04
-0.000487576 0.0433186 -0.99906 59.8369 -0.0231836 0.998792 0.0433182 -3.23114 0.99973 0.023183 0.000517294 238.037
0.00330314 0.0431504 -0.999064 57.4877 -0.0224578 0.99882 0.0430656 -3.13338 0.999743 0.0222945 0.0042683 238.032
0.00790613 0.0432353 -0.999033 54.9505 -0.0157061 0.998947 0.0431072 -3.03009 0.999845 0.0153501 0.00857686 238.042
0.0112524 0.0544979 -0.998449 52.2999 -0.0114175 0.998456 0.0543695 -2.92211 0.99987 0.010788 0.0118573 238.057
0.00951697 0.0480458 -0.998799 49.6425 -0.0101363 0.998798 0.0479492 -2.8161 0.999902 0.00966783 0.00999254 238.077
0.00170716 0.0580022 -0.998315 46.9842 -0.00327673 0.998311 0.0579963 -2.71332 0.999993 0.00317219 0.00189433 238.09
-0.00653602 0.0599451 -0.998181 44.3325 0.00144395 0.998201 0.0599369 -2.58664 0.999978 -0.00104959 -0.00661082 238.075
-0.0130207 0.0548563 -0.99841 41.7151 -0.00145478 0.998492 0.0548798 -2.46868 0.999915 0.002167 -0.0129212 238.017
-0.0160389 0.0474147 -0.998746 39.1034 -0.0124769 0.998788 0.047617 -2.36961 0.999793 0.013225 -0.0154279 237.96
-0.013791 0.0467155 -0.998813 37.383 -0.0147035 0.998791 0.0469174 -2.30838 0.999797 0.0153331 -0.0130875 237.927
-0.00975835 0.0476659 -0.998816 35.6846 -0.0127598 0.998776 0.0477887 -2.25451 0.999871 0.013211 -0.0091382 237.905
-0.00599418 0.0507973 -0.99869 34.001 -0.00466168 0.998697 0.0508256 -2.20185 0.99997 0.00496028 -0.00574957 237.895
-0.0017293 0.04928 -0.998783 32.3379 -0.000219059 0.998785 0.0492805 -2.14372 0.999998 0.000304041 -0.0017164 237.892
0.000579199 0.0490633 -0.998795 30.6776 0.00295935 0.998791 0.0490648 -2.08672 0.999995 -0.0029842 0.000433304 237.89
-0.00136298 0.0595679 -0.998223 28.2004 0.00121636 0.998224 0.0595662 -1.99588 0.999998 -0.00113301 -0.00143301 237.869
-0.0147021 0.0495391 -0.998664 24.9462 -0.00211668 0.998768 0.0495754 -1.84807 0.99989 0.00284272 -0.0145792 237.817
-0.0286848 0.051138 -0.998279 22.5544 -0.00711632 0.998655 0.0513617 -1.76176 0.999563 0.0085774 -0.0282823 237.736
-0.0375797 0.0551987 -0.997768 20.9689 -0.0143697 0.99834 0.0557716 -1.70144 0.99919 0.0164335 -0.0367241 237.662
-0.04437 0.0528977 -0.997613 18.6599 -0.0277305 0.998147 0.0541594 -1.60811 0.998629 0.0300674 -0.042821 237.527
-0.046347 0.053776 -0.997476 16.4406 -0.0355467 0.997829 0.0554467 -1.52332 0.998292 0.0380268 -0.0443348 237.408
-0.0418594 0.0562595 -0.997539 13.6516 -0.0429206 0.99739 0.0580522 -1.41674 0.998202 0.0452449 -0.0393355 237.269
-0.0328627 0.0547137 -0.997961 11.7409 -0.0452712 0.997394 0.0561734 -1.34467 0.998434 0.047025 -0.0303001 237.182
-0.0267143 0.0532099 -0.998226 10.5348 -0.0415614 0.99766 0.0542919 -1.29735 0.998779 0.042938 -0.0244403 237.148
-0.0198672 0.0549444 -0.998291 9.38147 -0.0423798 0.997545 0.0557468 -1.25077 0.998903 0.043415 -0.0174899 237.123
-0.0113515 0.0547215 -0.998438 8.30441 -0.0433063 0.997538 0.0551645 -1.21242 0.998998 0.0438648 -0.00895378 237.114
-0.002526 0.0557042 -0.998444 7.29865 -0.0419373 0.997563 0.0557612 -1.17381 0.999117 0.0420129 -0.000183763 237.117
0.0217095 0.0609881 -0.997902 5.06652 -0.0401422 0.997386 0.0600832 -1.08775 0.998958 0.0387537 0.0241009 237.149
0.0647935 0.0582728 -0.996196 2.41517 -0.0344334 0.99783 0.0561288 -0.977985 0.997304 0.0306657 0.0666594 237.32
0.139094 0.023537 -0.99 -0.192111 -0.031811 0.999308 0.0192889 -0.903636 0.989769 0.0288099 0.139746 237.612
0.346008 0.0338014 -0.937622 -2.18441 -0.0232822 0.999352 0.027435 -0.885849 0.937942 0.0123372 0.346571 238.288
0.607211 0.051111 -0.792894 -3.8068 -0.0338629 0.998687 0.0384438 -0.856079 0.793818 0.00350625 0.608145 239.442
0.7837 0.0399982 -0.619851 -4.74616 -0.0376862 0.999148 0.0168257 -0.830144 0.619995 0.0101735 0.78454 240.659
0.915479 0.0321225 -0.401082 -5.44441 -0.030209 0.999482 0.0110953 -0.820171 0.40123 0.00195874 0.915975 242.283
0.96878 0.0255944 -0.246599 -5.7682 -0.0262917 0.999654 0.00046501 -0.82204 0.246526 0.00603303 0.969117 243.724
0.992338 0.0249134 -0.121013 -5.93528 -0.0254856 0.99967 -0.00318308 -0.837243 0.120894 0.00624279 0.992646 245.367
0.999002 0.0186023 -0.0406184 -6.0038 -0.0187524 0.999819 -0.00331788 -0.853302 0.0405493 0.00407626 0.999169 247.167
1 0 0 -6.00206 0 1 0 -0.877145 0 0 1 249.806
1 0 0 -5.95933 0 1 0 -0.90395 0 0 1 251.934
1 0 0 -5.9306 0 1 0 -0.919818 0 0 1 253.455
1 0 0 -5.88795 0 1 0 -0.9462 0 0 1 255.797
1 0 0 -5.86617 0 1 0 -0.964127 0 0 1 257.436
1 0 0 -5.84519 0 1 0 -0.98672 0 0 1 260.001
1 0 0 -5.80516 0 1 0 -1.02427 0 0 1 262.683
1 0 0 -5.76199 0 1 0 -1.0487 0 0 1 265.455
1 0 0 -5.729 0 1 0 -1.11436 0 0 1 268.358
1 0 0 -5.70351 0 1 0 -1.15197 0 0 1 271.348
1 0 0 -5.68273 0 1 0 -1.1689 0 0 1 273.371
1 0 0 -5.64359 0 1 0 -1.19469 0 0 1 275.426
1 0 0 -5.63649 0 1 0 -1.2284 0 0 1 277.506
1 0 0 -5.62223 0 1 0 -1.26415 0 0 1 279.596
1 0 0 -5.63656 0 1 0 -1.30878 0 0 1 281.697
1 0 0 -5.64552 0 1 0 -1.35903 0 0 1 283.806
1 0 0 -5.67696 0 1 0 -1.39178 0 0 1 285.911
1 0 0 -5.69945 0 1 0 -1.42072 0 0 1 288.018
1 0 0 -5.71206 0 1 0 -1.46211 0 0 1 290.084
1 0 0 -5.74393 0 1 0 -1.52481 0 0 1 293.165
1 0 0 -5.78157 0 1 0 -1.58402 0 0 1 296.239
