1 -1.06397e-17 -7.39628e-17 -7.42972e-19 1.06397e-17 1 8.23932e-17 3.54428e-18 7.39628e-17 -8.23932e-17 1 -6.30867e-18
1 -6.57165e-06 -2.24525e-05 -0.0153997 6.57263e-06 1 4.32771e-05 0.000647544 2.24523e-05 -4.32773e-05 1 0.724355
0.99996 0.000785803 -0.00890077 -0.0327721 -0.000797821 0.999999 -0.00134682 -0.00576708 0.0088997 0.00135387 0.999959 2.22513
0.99983 0.00357646 -0.0180826 -0.0722755 -0.00358344 0.999994 -0.000353725 -0.0124628 0.0180812 0.000418463 0.999836 3.77717
0.999582 0.00401128 -0.0286468 -0.152134 -0.00388491 0.999982 0.00446545 -0.0238376 0.0286642 -0.00435229 0.99958 6.19763
0.999581 0.00400438 -0.0286656 -0.246452 -0.0038771 0.999982 0.0044945 -0.0277347 0.0286831 -0.00438147 0.999579 8.68851
0.999581 0.00399729 -0.0286832 -0.335314 -0.00386923 0.999982 0.004519 -0.0396147 0.0287007 -0.00440612 0.999578 11.2714
0.99958 0.00399004 -0.0286995 -0.429251 -0.00386132 0.999982 0.00453884 -0.052569 0.0287171 -0.00442612 0.999578 13.937
0.99958 0.0039826 -0.0287145 -0.531004 -0.00385339 0.999982 0.0045539 -0.0594632 0.0287321 -0.00444133 0.999577 16.6457
0.999579 0.00397505 -0.0287285 -0.585211 -0.00384543 0.999982 0.00456573 -0.0692642 0.0287461 -0.00445334 0.999577 18.4809
0.999579 0.0039674 -0.0287417 -0.645375 -0.00383747 0.999982 0.0045743 -0.0726715 0.0287593 -0.00446208 0.999576 20.3357
0.999579 0.00395958 -0.0287537 -0.72975 -0.00382949 0.999982 0.00457791 -0.085931 0.0287713 -0.00446587 0.999576 23.1531
0.999578 0.00395161 -0.0287643 -0.806445 -0.00382151 0.999982 0.00457658 -0.11082 0.0287819 -0.00446473 0.999576 26.0015
0.999563 -0.00172603 -0.0294956 -0.86345 0.00209569 0.99992 0.0125065 -0.108392 0.0294716 -0.0125628 0.999487 27.9587
0.999411 -0.0116303 -0.0322985 -0.910734 0.0119053 0.999894 0.00833556 -0.109824 0.0321982 -0.00871518 0.999444 29.9188
0.99941 -0.0116386 -0.0323061 -1.03055 0.0119133 0.999894 0.00832204 -0.119328 0.0322058 -0.00870201 0.999443 32.8759
0.99941 -0.0116471 -0.0323124 -1.09008 0.0119213 0.999894 0.00830513 -0.129726 0.0322123 -0.00868544 0.999443 34.8236
0.999427 -0.00395517 -0.0336193 -1.20169 0.00450474 0.999857 0.0162868 -0.140836 0.03355 -0.0164289 0.999302 37.7364
0.999427 -0.00396403 -0.0336231 -1.31686 0.00451275 0.999858 0.0162594 -0.124207 0.0335538 -0.0164018 0.999302 40.725
0.999427 -0.00397305 -0.0336257 -1.39265 0.00452077 0.999858 0.0162285 -0.123252 0.0335564 -0.0163712 0.999303 42.7045
0.999427 -0.0039823 -0.0336269 -1.51786 0.00452884 0.999859 0.0161924 -0.118412 0.0335577 -0.0163354 0.999303 45.6529
0.999426 -0.00399178 -0.0336267 -1.6348 0.00453692 0.999859 0.0161511 -0.0976623 0.0335575 -0.0162944 0.999304 48.5817
0.999427 -0.00400145 -0.0336251 -1.72832 0.00454501 0.99986 0.0161046 -0.0961483 0.0335559 -0.0162482 0.999305 51.4519
0.999273 -0.0102525 -0.036721 -1.82191 0.0112138 0.999597 0.0260711 -0.0745606 0.036439 -0.026464 0.998985 54.3027
0.999183 -0.00545476 -0.040041 -1.93983 0.00611173 0.999848 0.0163035 -0.0432743 0.039946 -0.0165349 0.999065 57.0852
0.999065 0.00341737 -0.0430926 -2.08335 -0.00276713 0.999882 0.0151398 -0.0418044 0.0431392 -0.0150064 0.998956 59.807
0.999066 0.00340677 -0.0430854 -2.21222 -0.00275949 0.999883 0.0150737 -0.0420349 0.0431316 -0.0149407 0.998958 62.4284
0.999066 0.00339593 -0.0430768 -2.33899 -0.00275182 0.999884 0.0150032 -0.0456744 0.0431227 -0.0148706 0.998959 64.9163
0.998744 0.0133417 -0.0483025 -2.50056 -0.0124359 0.999742 0.0190049 -0.039276 0.0485436 -0.0183803 0.998652 68.0263
0.998578 0.0134866 -0.0515765 -2.61843 -0.013258 0.999901 0.00477283 -0.0461697 0.0516357 -0.00408224 0.998658 70.1484
0.998579 0.0134752 -0.0515641 -2.72665 -0.0132508 0.999901 0.00468965 -0.0772289 0.0516222 -0.00399972 0.998659 72.0884
0.999047 0.0092496 -0.0426613 -2.83999 -0.00937111 0.999953 -0.00264899 -0.109619 0.0426347 0.00304625 0.999086 74.4699
0.999903 0.00255645 -0.0136763 -2.87845 -0.00244843 0.999966 0.00790857 -0.142431 0.0136961 -0.00787432 0.999875 76.6262
0.997624 0.00743956 0.0684868 -2.78129 -0.00812786 0.999919 0.00977691 -0.156953 -0.0684085 -0.0103103 0.997604 78.5892
0.97778 0.00572737 0.209553 -2.42466 -0.00876094 0.99987 0.013551 -0.169438 -0.209449 -0.0150858 0.977703 80.3703
0.885499 0.00973216 0.46454 -1.54061 -0.0133878 0.9999 0.00457156 -0.187899 -0.464449 -0.0102673 0.88554 82.2345
0.64193 0.0058134 0.766741 0.12386 -0.0108859 0.99994 0.00153237 -0.214058 -0.766685 -0.00933034 0.641955 83.8082
0.358082 0.0070489 0.933663 2.18666 -0.00241734 0.999975 -0.00662243 -0.250548 -0.933687 0.000114398 0.35809 84.6456
0.216236 0.00746752 0.976312 3.67843 0.00274657 0.999962 -0.00825673 -0.27861 -0.976337 0.0044669 0.216207 84.9471
0.117336 0.0212492 0.992864 5.27383 0.0125847 0.999659 -0.0228818 -0.320658 -0.993012 0.0151798 0.117028 85.1053
0.064136 0.0244865 0.997641 6.59697 0.010194 0.999631 -0.0251907 -0.350197 -0.997889 0.0117856 0.0638627 85.188
0.0247725 0.0184304 0.999524 8.05141 0.0161192 0.999693 -0.018833 -0.396978 -0.999564 0.016578 0.0244678 85.2101
0.0011311 0.0202484 0.999793 9.64397 0.0231888 0.999526 -0.0202692 -0.436644 -0.999729 0.023207 0.000661025 85.2005
-0.0147529 0.0221488 0.999647 11.384 0.0275712 0.999383 -0.0217361 -0.481306 -0.999512 0.0272408 -0.0153545 85.1641
-0.0147218 0.0221637 0.999647 12.6428 0.0276758 0.99938 -0.0217502 -0.512509 -0.999509 0.0273459 -0.0153261 85.1315
-0.0166929 0.0210142 0.99964 14.6659 0.0378132 0.999077 -0.0203709 -0.565382 -0.999146 0.0374596 -0.0174721 85.0849
-0.00589778 0.0205638 0.999772 16.8361 0.0430558 0.998867 -0.0202912 -0.618575 -0.999056 0.0429263 -0.00677648 85.0551
0.00929228 0.0146217 0.99985 19.9469 0.0391082 0.999123 -0.0149745 -0.695222 -0.999192 0.0392415 0.00871231 85.0912
0.0173812 0.0246249 0.999546 22.3626 0.0273609 0.999311 -0.0250949 -0.766804 -0.999475 0.0277846 0.0166955 85.1479
0.0172423 0.0245191 0.999551 24.8233 0.026035 0.999349 -0.0249633 -0.84735 -0.999513 0.0264537 0.0165927 85.221
0.0172708 0.0240857 0.999561 27.2974 0.0247009 0.999394 -0.0245086 -0.945125 -0.999546 0.0251134 0.0166654 85.2719
0.0101728 0.0233192 0.999677 30.5512 0.0132241 0.999637 -0.0234529 -1.06593 -0.999861 0.0134584 0.00986072 85.3463
-0.00805676 0.0185461 0.999795 32.9673 0.00994787 0.99978 -0.0184657 -1.14608 -0.999918 0.00979706 -0.00823948 85.3479
-0.0371671 0.0191565 0.999124 35.3623 0.0121394 0.999751 -0.0187169 -1.21876 -0.999234 0.0114331 -0.0373904 85.2848
-0.0591162 0.0178362 0.998091 36.936 0.0126981 0.999773 -0.0171141 -1.27226 -0.99817 0.0116621 -0.0593292 85.1949
-0.0811448 0.019505 0.996512 38.4842 0.013539 0.999738 -0.0184657 -1.31932 -0.996611 0.0119934 -0.0813876 85.071
-0.110274 0.0220046 0.993657 40.7635 0.0152475 0.999675 -0.0204457 -1.39585 -0.993784 0.0128961 -0.110574 84.8286
-0.137592 0.0221215 0.990241 43.0092 0.0180219 0.999641 -0.0198274 -1.46875 -0.990324 0.0151179 -0.137941 84.5379
-0.154312 0.0184637 0.987848 45.1479 0.0261627 0.999551 -0.0145955 -1.53757 -0.987675 0.0235925 -0.154726 84.2013
-0.154801 0.0186459 0.98777 46.5164 0.0263477 0.999544 -0.014739 -1.58101 -0.987594 0.0237439 -0.155222 83.9846
-0.155585 0.0189724 0.987639 47.8126 0.0265406 0.999535 -0.0150198 -1.61948 -0.987465 0.0238757 -0.156016 83.7714
-0.140626 0.0220389 0.989817 49.6287 0.0274389 0.999455 -0.0183551 -1.69054 -0.989682 0.0245783 -0.141154 83.5087
-0.0778261 0.0256888 0.996636 51.8121 0.0224251 0.99946 -0.0240104 -1.78098 -0.996715 0.020481 -0.0783602 83.3282
0.0465612 0.0273402 0.998542 53.8491 0.0147633 0.999497 -0.0280548 -1.86717 -0.998807 0.0160481 0.0461342 83.3909
0.237136 0.0139092 0.971377 55.7852 0.00196293 0.999889 -0.0147967 -1.94621 -0.971475 0.00541558 0.237083 83.7983
0.41311 0.0180978 0.910502 57.1857 0.00468916 0.999747 -0.0219993 -1.98514 -0.91067 0.0133576 0.412921 84.3791
0.533475 0.0250597 0.845444 57.9895 0.0023884 0.999512 -0.0311335 -2.02265 -0.845812 0.0186282 0.533155 84.9155
0.646318 0.0295429 0.762496 58.6822 -0.00353735 0.999356 -0.0357216 -2.04769 -0.76306 0.0203903 0.646006 85.5462
0.74407 0.0248204 0.66764 59.2788 -0.00640431 0.999529 -0.0300213 -2.07649 -0.66807 0.0180622 0.743879 86.2716
0.859272 0.0134865 0.51134 59.9628 -0.0101546 0.999905 -0.00930818 -2.111 -0.511417 0.00280578 0.859328 87.5018
0.948924 0.0277671 0.314279 60.6598 -0.0298489 0.999553 0.00181284 -2.15068 -0.314088 -0.0111012 0.949329 89.7055
0.968127 0.0426369 0.246806 61.3747 -0.0435527 0.99905 -0.00174993 -2.17119 -0.246646 -0.00905489 0.969063 92.6564
0.965765 0.0422691 0.255951 61.9447 -0.0386425 0.999069 -0.0191843 -2.20109 -0.256524 0.00863691 0.966499 94.7915
0.960797 0.0414733 0.274135 62.5946 -0.0418082 0.999115 -0.00462319 -2.24537 -0.274084 -0.00701915 0.96168 97.1557
0.959346 0.0299924 0.280635 63.3384 -0.0286271 0.99955 -0.00896402 -2.27994 -0.280777 0.000565827 0.959773 99.6664
0.960892 0.0339008 0.27484 63.9004 -0.0308925 0.999406 -0.015268 -2.30563 -0.275194 0.00618039 0.961369 101.668
0.962469 0.0329491 0.269385 64.4901 -0.0336011 0.999433 -0.00219147 -2.34699 -0.269304 -0.00694241 0.96303 103.81
0.964926 0.0391272 0.25959 65.0728 -0.0363804 0.99922 -0.0153793 -2.37321 -0.25999 0.00539591 0.965596 106.028
0.967986 0.0280455 0.249431 65.869 -0.0273208 0.999606 -0.00636764 -2.43128 -0.249511 -0.000650843 0.968372 109.132
0.968002 0.0280402 0.24937 66.4823 -0.0273175 0.999607 -0.00635927 -2.46314 -0.24945 -0.000656377 0.968387 111.525
0.964535 0.0515091 0.25888 67.5111 -0.0508122 0.998664 -0.00938725 -2.54694 -0.259018 -0.00409992 0.965864 115.64
0.964289 0.0374792 0.262187 68.1946 -0.0354698 0.999294 -0.012394 -2.59935 -0.262466 0.0026517 0.964938 118.115
0.962408 0.0448112 0.267885 69.0742 -0.0466655 0.99891 0.000555726 -2.67773 -0.267568 -0.0130358 0.963451 121.436
0.963003 0.0355906 0.267132 69.9911 -0.03138 0.999307 -0.0200162 -2.75836 -0.267659 0.0108931 0.963452 124.682
0.963989 0.0284328 0.264417 70.6509 -0.0322427 0.999429 0.010079 -2.80127 -0.263979 -0.0182415 0.964356 127.122
0.965931 0.0338413 0.256579 71.483 -0.0316835 0.999419 -0.0125403 -2.86833 -0.256854 0.00398369 0.966442 130.3
0.968594 0.0392553 0.245528 72.0703 -0.0366355 0.999213 -0.0152303 -2.93434 -0.245932 0.00575698 0.96927 132.698
0.969609 0.0448256 0.240517 72.6341 -0.0440902 0.998992 -0.00844065 -2.99983 -0.240653 -0.00242029 0.970608 135.071
0.969619 0.0448204 0.240478 73.0131 -0.0440865 0.998992 -0.00843385 -3.04068 -0.240614 -0.00242419 0.970618 136.639
0.972614 0.0377555 0.229339 73.3896 -0.0356499 0.999276 -0.0133187 -3.06943 -0.229676 0.00477796 0.973255 138.196
0.975666 0.0329221 0.216776 73.7449 -0.0337118 0.999432 -5.51118e-05 -3.0891 -0.216654 -0.00725414 0.976221 139.767
0.977955 0.039304 0.205084 74.2139 -0.0417343 0.9991 0.00753658 -3.11233 -0.204604 -0.0159295 0.978715 142.142
0.983125 0.0433616 0.177722 74.7717 -0.043578 0.999046 -0.00268739 -3.15178 -0.177669 -0.00510274 0.984077 145.286
0.988353 0.0507723 0.143457 75.2349 -0.0499516 0.998708 -0.00931909 -3.19768 -0.143744 0.00204467 0.989613 148.509
0.991874 0.0556166 0.11442 75.6094 -0.0570372 0.99833 0.00917668 -3.22971 -0.113718 -0.0156283 0.99339 151.781
0.992644 0.0663256 0.101288 75.8407 -0.0662028 0.997796 -0.00457713 -3.25058 -0.101369 -0.00216211 0.994847 154.217
0.993166 0.0701656 0.0932592 76.0498 -0.0713456 0.997408 0.009376 -3.27066 -0.0923595 -0.0159656 0.995598 156.715
0.996004 0.0533199 0.0716448 76.3217 -0.0534056 0.998573 -0.000720357 -3.28595 -0.071581 -0.00310876 0.99743 159.982
0.998187 0.0403895 0.0446211 76.4852 -0.0410954 0.999042 0.0150167 -3.29536 -0.0439719 -0.0168232 0.998891 163.298
0.999776 0.0179524 0.011248 76.6072 -0.0179724 0.999837 0.00167809 -3.31879 -0.0112161 -0.00187986 0.999935 167.481
0.999406 0.0341793 -0.00439645 76.5613 -0.0341382 0.999376 0.00910727 -3.3158 0.00470498 -0.00895178 0.999949 170.844
0.999406 0.034174 -0.00440827 76.5166 -0.0341328 0.999376 0.00911094 -3.33361 0.00471688 -0.00895507 0.999949 174.226
0.999672 0.02317 -0.0108806 76.4964 -0.0232444 0.999707 -0.00676116 -3.34984 0.0107208 0.00701186 0.999918 177.595
0.999644 0.0210712 -0.0163721 76.4403 -0.0209452 0.99975 0.00782808 -3.39398 0.0165329 -0.00748237 0.999835 181.005
0.999395 0.030019 -0.017544 76.3572 -0.0300092 0.999549 0.000820228 -3.42964 0.0175607 -0.000293252 0.999846 184.378
0.999009 0.0404655 -0.0185169 76.2795 -0.0403489 0.999164 0.00662781 -3.45614 0.0187696 -0.00587411 0.999807 186.873
0.99895 0.0411813 -0.0200859 76.2381 -0.0412394 0.999146 -0.00248586 -3.47274 0.0199664 0.00331157 0.999795 188.502
0.998827 0.0424394 -0.023316 76.1931 -0.0422817 0.99908 0.00721338 -3.48077 0.0236007 -0.00621908 0.999702 190.117
0.998827 0.0424338 -0.023315 76.1139 -0.0422761 0.99908 0.00721592 -3.50032 0.0235998 -0.00622179 0.999702 193.21
0.999173 0.0352692 -0.0202506 76.0751 -0.0354125 0.99935 -0.00676302 -3.5364 0.0199989 0.00747455 0.999772 195.284
0.998985 0.0449491 0.00274866 76.0226 -0.0449742 0.998939 0.0098991 -3.57522 -0.00230079 -0.0100127 0.999947 198.002
0.998183 0.0477732 0.0367079 76.0962 -0.047298 0.998787 -0.0137051 -3.61721 -0.0373181 0.011944 0.999232 201.226
0.997645 0.0350413 0.0589693 76.2888 -0.0351549 0.999381 0.000889228 -3.67704 -0.0589016 -0.00296019 0.998259 204.458
0.997101 0.0504327 0.0569732 76.4455 -0.0501833 0.998723 -0.00580114 -3.71053 -0.057193 0.00292523 0.998359 207.713
0.997728 0.0510017 0.0440139 76.5571 -0.0510227 0.998697 -0.000647787 -3.74366 -0.0439896 -0.00159939 0.999031 210.36
0.998664 0.0417098 0.0304917 76.645 -0.0421939 0.998991 0.0154084 -3.75068 -0.0298182 -0.0166744 0.999416 213.072
0.999701 0.0140306 0.0200031 76.7519 -0.0143147 0.999798 0.0141315 -3.7535 -0.0198008 -0.0144136 0.9997 216.564
0.99987 -0.00341115 0.0157747 76.8349 0.00327589 0.999958 0.00859216 -3.75496 -0.0158033 -0.00853936 0.999839 219.329
0.999869 -0.00341701 0.0157956 76.8622 0.00328155 0.999958 0.00859338 -3.76535 -0.0158243 -0.00854042 0.999838 221.414
0.999852 -0.00712053 0.0156914 76.8851 0.00725101 0.999939 -0.00827438 -3.78073 -0.0156315 0.00838693 0.999843 222.768
0.999851 -0.00712604 0.0157147 76.9049 0.0072567 0.999939 -0.00827335 -3.81262 -0.0156548 0.00838616 0.999842 224.772
0.999857 -0.0089785 0.0143644 76.944 0.00886785 0.999931 0.007748 -3.85234 -0.014433 -0.0076195 0.999867 226.634
0.999314 -0.025704 -0.0266469 76.9193 0.0257244 0.999669 0.000422997 -3.88379 0.0266272 -0.00110818 0.999645 229.436
0.987835 -0.030374 -0.152509 76.6013 0.0312343 0.999507 0.00324773 -3.92579 0.152336 -0.00797175 0.988297 231.899
0.931351 -0.00480268 -0.36409 75.8257 0.00115674 0.999947 -0.0102312 -3.95532 0.36412 0.00910771 0.931308 234.015
0.754111 0.0556028 -0.654389 74.2455 -0.0530246 0.998311 0.0237206 -3.96316 0.654603 0.0168107 0.755786 236.011
0.588675 0.0828025 -0.804117 72.8623 -0.0607371 0.996459 0.0581444 -3.90905 0.806084 0.0146117 0.59162 236.964
0.337994 0.0587925 -0.93931 70.9493 -0.0317866 0.998191 0.0510401 -3.7746 0.940611 0.0126063 0.339251 237.725
0.200998 0.0592965 -0.977795 69.6029 -0.0261012 0.998136 0.0551646 -3.70734 0.979244 0.0144336 0.202171 237.966
0.0964483 0.0546227 -0.993839 68.1318 -0.0235625 0.998339 0.0525834 -3.63786 0.99506 0.0183457 0.0975751 238.078
0.0316773 0.0499993 -0.998248 66.5714 -0.0265192 0.998438 0.0491673 -3.56512 0.999147 0.0249151 0.0329538 238.086
-0.00338582 0.045147 -0.998975 64.2707 -0.031829 0.998469 0.045232 -3.46006 0.999488 0.0319495 -0.00194365 238.064
-0.00336574 0.0451415 -0.998975 61.6671 -0.0318284 0.99847 0.045226 -3.35355 0.999487 0.031948 -0.0019238 238.04
-0.00334565 0.045136 -0.998975 59.5265 -0.0318276 0.99847 0.0452198 -3.26316 0.999487 0.0319463 -0.00190396 238.037
-0.00332839 0.0451304 -0.998976 57.1774 -0.0318269 0.99847 0.0452136 -3.16087 0.999489 0.0319448 -0.00188694 238.026
-0.00331113 0.0451248 -0.998977 54.6405 -0.0318262 0.998471 0.0452074 -3.05212 0.999489 0.0319432 -0.00186992 238.021
5.67108e-05 0.0564321 -0.998407 51.9901 -0.027546 0.998028 0.0564091 -2.93844 0.999621 0.0274989 0.00161108 238.008
7.11606e-05 0.0564261 -0.998407 49.3329 -0.027545 0.998028 0.0564027 -2.8268 0.99962 0.0274971 0.00162528 238
-0.00766924 0.0664321 -0.997762 46.6756 -0.02062 0.997568 0.0665778 -2.7013 0.999758 0.0210844 -0.00628076 237.991
-0.0158654 0.0684062 -0.997533 44.0252 -0.0158265 0.997515 0.0686568 -2.55146 0.99975 0.0168766 -0.0147433 237.953
-0.0158565 0.0683999 -0.997531 41.4096 -0.0158252 0.997515 0.0686503 -2.40993 0.999749 0.0168747 -0.0147346 237.873
-0.0190222 0.0609248 -0.997961 38.7997 -0.0268027 0.997752 0.061423 -2.27448 0.99946 0.0279164 -0.0173465 237.811
-0.019019 0.0609184 -0.997961 37.0803 -0.0268011 0.997752 0.0614164 -2.18939 0.99946 0.0279146 -0.0173436 237.775
-0.0190158 0.0609119 -0.997962 35.3831 -0.0267998 0.997753 0.0614098 -2.11086 0.99946 0.027913 -0.0173406 237.745
-0.0151449 0.0641095 -0.997828 33.7004 -0.0187538 0.997749 0.0643891 -2.03529 0.999709 0.0196882 -0.0139085 237.72
-0.0151446 0.064103 -0.997828 32.0384 -0.0187521 0.997749 0.0643825 -1.95467 0.999709 0.0196865 -0.0139084 237.704
-0.0151471 0.0640964 -0.99783 30.3793 -0.0187506 0.99775 0.064376 -1.87259 0.99971 0.0196849 -0.0139112 237.681
-0.0171175 0.0745546 -0.997071 27.9043 -0.0204611 0.996981 0.0748992 -1.74327 0.999645 0.0216832 -0.0155404 237.624
-0.0305079 0.0644665 -0.997453 24.654 -0.023584 0.997594 0.0651969 -1.54445 0.999256 0.025513 -0.0289141 237.525
-0.0445647 0.0659656 -0.996826 22.2653 -0.0283577 0.997332 0.0672669 -1.4197 0.998603 0.0312655 -0.0425752 237.409
-0.0535709 0.0698902 -0.996116 20.6822 -0.035463 0.996785 0.0718443 -1.33349 0.997935 0.0391739 -0.0509202 237.312
-0.0605618 0.0673637 -0.995889 18.3773 -0.0487018 0.996332 0.0703553 -1.20186 0.996976 0.0527624 -0.057059 237.143
-0.0605729 0.0673561 -0.995888 16.1617 -0.0486997 0.996333 0.0703483 -1.08053 0.996974 0.0527607 -0.0570705 236.992
-0.0562032 0.0697254 -0.995982 13.3766 -0.0561339 0.99576 0.0728775 -0.932048 0.996841 0.0600042 -0.0520509 236.816
-0.0472612 0.0681485 -0.996555 11.4685 -0.0586145 0.995762 0.070874 -0.831424 0.997161 0.0617622 -0.0430664 236.704
-0.0472779 0.0681408 -0.996555 10.2638 -0.0586124 0.995762 0.0708672 -0.766364 0.99716 0.0617609 -0.0430837 236.655
-0.0472946 0.0681329 -0.996554 9.11207 -0.05861 0.995763 0.0708603 -0.700694 0.99716 0.0617594 -0.043101 236.608
-0.0473143 0.068125 -0.996554 8.0363 -0.0586078 0.995763 0.0708535 -0.646204 0.997159 0.0617582 -0.0431212 236.571
-0.0384968 0.0691654 -0.996862 7.03176 -0.0573743 0.995803 0.0713076 -0.591967 0.99761 0.0599394 -0.0343669 236.539
-0.0142699 0.0745495 -0.997115 4.80145 -0.0559522 0.995595 0.0752365 -0.471637 0.998331 0.0568644 -0.0100358 236.494
0.0289047 0.0721227 -0.996977 2.14767 -0.0508883 0.996206 0.0705915 -0.323253 0.998286 0.048694 0.0324652 236.573
0.103433 0.0374914 -0.993929 -0.466903 -0.0493025 0.998254 0.0325239 -0.212858 0.993413 0.0456392 0.105101 236.774
0.312135 0.048324 -0.948808 -2.48142 -0.0431875 0.998395 0.0366419 -0.174552 0.949056 0.0295394 0.313721 237.38
0.578076 0.0659168 -0.813316 -4.14309 -0.0555894 0.997597 0.0413412 -0.137432 0.814087 0.0213134 0.580352 238.477
0.760531 0.0545753 -0.647004 -5.12456 -0.0594565 0.998128 0.0143039 -0.115748 0.646574 0.02759 0.762353 239.66
0.900084 0.0469935 -0.433175 -5.87982 -0.050632 0.998712 0.00313945 -0.120076 0.432765 0.0191068 0.901304 241.258
0.958896 0.0403216 -0.280877 -6.25463 -0.0451416 0.998923 -0.010709 -0.139227 0.280143 0.022948 0.959684 242.687
0.986914 0.0396258 -0.156301 -6.48024 -0.0427488 0.998947 -0.0166691 -0.177267 0.155476 0.0231327 0.987569 244.323
0.996532 0.0333911 -0.0762218 -6.61303 -0.0348696 0.999227 -0.0181503 -0.220124 0.0755568 0.0207451 0.996926 246.119
0.999086 0.031054 -0.0293647 -6.70562 -0.0316812 0.999274 -0.0211391 -0.284823 0.028687 0.0220501 0.999345 248.755
0.999448 0.0290314 -0.0161446 -6.73917 -0.0294017 0.999299 -0.023191 -0.345214 0.01546 0.0236529 0.999601 250.883
0.999448 0.0290238 -0.0161631 -6.76492 -0.0293945 0.999299 -0.023189 -0.385055 0.0154787 0.0236513 0.9996 252.403
0.999448 0.029016 -0.01618 -6.81385 -0.0293871 0.999299 -0.0231872 -0.455545 0.0154959 0.0236499 0.9996 254.745
0.999371 0.0295709 -0.0195938 -6.85423 -0.0302023 0.999007 -0.0327529 -0.507473 0.0186058 0.0333241 0.999271 256.383
0.999371 0.0295631 -0.0196078 -6.93053 -0.0301949 0.999007 -0.0327514 -0.58308 0.0186202 0.0333228 0.999271 258.946
0.999554 0.0229018 -0.0191906 -6.99096 -0.0232827 0.999532 -0.0198618 -0.682384 0.0187267 0.0202997 0.999619 261.625
0.999547 0.0181611 -0.0239976 -7.05154 -0.0190826 0.999067 -0.0387436 -0.770698 0.0232716 0.039184 0.998961 264.396
0.999547 0.0181531 -0.0240061 -7.12768 -0.0190748 0.999067 -0.0387428 -0.903072 0.0232804 0.0391832 0.998961 267.296
0.999606 0.0168178 -0.0224686 -7.20939 -0.0174797 0.999409 -0.0295928 -1.03163 0.0219577 0.0299739 0.999309 270.282
0.999606 0.0168099 -0.0224737 -7.26112 -0.0174719 0.999409 -0.0295923 -1.11013 0.021963 0.0299733 0.999309 272.303
0.999606 0.0168018 -0.0224774 -7.29451 -0.017464 0.999409 -0.0295919 -1.18214 0.0219669 0.0299728 0.999309 274.357
0.999606 0.0167938 -0.0224797 -7.35594 -0.017456 0.99941 -0.0295918 -1.25924 0.0219694 0.0299726 0.999309 276.436
0.999562 0.0127581 -0.0267059 -7.40466 -0.013739 0.999226 -0.036873 -1.35224 0.0262148 0.0372238 0.998963 278.523
0.999562 0.0127501 -0.0267054 -7.4824 -0.0137309 0.999226 -0.0368733 -1.45403 0.0262146 0.0372239 0.998963 280.62
0.999562 0.012742 -0.0267034 -7.55015 -0.0137228 0.999226 -0.0368736 -1.55087 0.0262129 0.0372239 0.998963 282.727
0.999444 0.0164397 -0.029001 -7.63321 -0.0172687 0.999443 -0.0285731 -1.64224 0.0285151 0.0290581 0.999171 284.829
0.999444 0.0164315 -0.0289962 -7.70732 -0.0172605 0.999443 -0.0285739 -1.72993 0.0285106 0.0290585 0.999171 286.933
0.999445 0.0164233 -0.0289903 -7.76787 -0.0172521 0.999443 -0.0285749 -1.82834 0.0285049 0.0290591 0.999171 288.996
0.999445 0.0164151 -0.0289822 -7.87046 -0.0172437 0.999443 -0.0285758 -1.96023 0.028497 0.0290597 0.999171 292.073
0.999446 0.0164068 -0.0289721 -7.97926 -0.0172352 0.999443 -0.0285772 -2.07718 0.0284871 0.0290607 0.999172 295.144
