0.835438 -0.0186558 0.549268 -92.4764 0.0262848 0.999636 -0.00602665 0.918126 -0.548956 0.0194723 0.835624 218.933
0.905464 -0.0131079 0.424221 -91.852 0.0190445 0.999771 -0.0097571 0.894049 -0.423996 0.0169138 0.905506 220.331
0.964881 0.0182269 0.262055 -91.2126 -0.0188525 0.999822 -0.00012669 0.8452 -0.26201 -0.00481815 0.965053 222.748
0.973466 0.0349053 0.226154 -90.559 -0.0351223 0.999378 -0.00306554 0.803632 -0.22612 -0.00495883 0.974087 225.746
0.940958 0.0214242 0.337845 -89.6901 -0.0246356 0.999683 0.0052203 0.752751 -0.337626 -0.0132351 0.941187 228.549
0.765252 0.0160533 0.643531 -88.0773 -0.0139345 0.999868 -0.00837218 0.719136 -0.64358 -0.00256047 0.765374 230.903
0.541617 -0.00750921 0.840592 -86.4747 0.0105931 0.999942 0.00210728 0.687956 -0.840559 0.00776317 0.541664 231.943
0.410614 -0.00286362 0.911805 -85.454 0.00735595 0.999973 -0.000172087 0.696879 -0.91178 0.00677785 0.410624 232.347
0.252361 -0.0108291 0.967572 -83.9123 0.00732987 0.99993 0.00927953 0.687813 -0.967605 0.00475039 0.252422 232.735
0.147345 -0.00175486 0.989083 -82.1848 0.0119251 0.999929 -2.39083e-06 0.677527 -0.989012 0.0117953 0.147355 232.961
0.0860777 0.0106743 0.996232 -80.1959 0.0104128 0.999878 -0.0116131 0.66136 -0.996235 0.0113732 0.0859561 233.147
0.063655 0.0058736 0.997956 -78.5175 0.0196653 0.999781 -0.00713872 0.641248 -0.997779 0.0200795 0.0635255 233.238
0.063655 0.0058736 0.997956 -76.7025 0.0196653 0.999781 -0.00713872 0.61879 -0.997779 0.0200795 0.0635255 233.353
0.0558543 0.0111821 0.998377 -74.0513 0.0176323 0.99977 -0.0121842 0.589591 -0.998284 0.0182842 0.0556443 233.517
0.0463532 0.0138103 0.99883 -71.1471 0.0141335 0.999795 -0.0144796 0.545154 -0.998826 0.0147882 0.0461485 233.672
0.0463532 0.0138103 0.99883 -68.8317 0.0141335 0.999795 -0.0144796 0.49357 -0.998826 0.0147882 0.0461485 233.772
0.0381393 0.0130522 0.999187 -65.6359 0.0193145 0.999718 -0.0137964 0.42023 -0.999085 0.019825 0.0378765 233.893
0.0381393 0.0130522 0.999187 -64.0022 0.0193145 0.999718 -0.0137964 0.376247 -0.999085 0.019825 0.0378765 233.959
0.0328966 0.0203506 0.999251 -61.4826 0.0146694 0.999675 -0.0208421 0.315575 -0.999351 0.0153441 0.0325874 234.061
0.0328966 0.0203506 0.999251 -58.8803 0.0146694 0.999675 -0.0208421 0.243947 -0.999351 0.0153441 0.0325874 234.153
0.0422469 0.0165791 0.998969 -56.2457 0.022533 0.999592 -0.0175424 0.167242 -0.998852 0.0232509 0.0418561 234.247
0.0505905 0.0222481 0.998472 -53.6138 0.020764 0.999512 -0.0233234 0.080051 -0.998504 0.0219122 0.0501039 234.39
0.0505905 0.0222481 0.998472 -51.8633 0.020764 0.999512 -0.0233234 0.0149564 -0.998504 0.0219122 0.0501039 234.486
0.0505905 0.0222481 0.998472 -50.1125 0.020764 0.999512 -0.0233234 -0.0433721 -0.998504 0.0219122 0.0501039 234.589
0.0560231 0.0125799 0.99835 -47.5068 0.0239645 0.999616 -0.0139407 -0.127035 -0.998141 0.0247059 0.0557001 234.738
0.0589477 0.0319882 0.997749 -44.9662 0.0243003 0.999144 -0.0334687 -0.212931 -0.997966 0.0262186 0.0581199 234.897
0.0575271 0.0132636 0.998257 -42.4318 0.0248951 0.999582 -0.0147159 -0.308626 -0.998034 0.0256982 0.0571728 235.045
0.0589723 0.0210986 0.998036 -39.9505 0.0319457 0.999225 -0.0230113 -0.389874 -0.997748 0.03324 0.0582525 235.187
0.0589723 0.0210986 0.998036 -38.3021 0.0319457 0.999225 -0.0230113 -0.451469 -0.997748 0.03324 0.0582525 235.296
0.0589723 0.0210986 0.998036 -35.9057 0.0319457 0.999225 -0.0230113 -0.543706 -0.997748 0.03324 0.0582525 235.438
0.0589723 0.0210986 0.998036 -32.7505 0.0319457 0.999225 -0.0230113 -0.654743 -0.997748 0.03324 0.0582525 235.645
0.0589723 0.0210986 0.998036 -29.7437 0.0319457 0.999225 -0.0230113 -0.771386 -0.997748 0.03324 0.0582525 235.851
0.0604236 0.0252884 0.997853 -26.9251 0.0205222 0.999436 -0.0265712 -0.881853 -0.997962 0.0220836 0.0598706 236.052
0.0604236 0.0252884 0.997853 -24.865 0.0205222 0.999436 -0.0265712 -0.959186 -0.997962 0.0220836 0.0598706 236.189
0.0604236 0.0252884 0.997853 -22.8588 0.0205222 0.999436 -0.0265712 -1.04154 -0.997962 0.0220836 0.0598706 236.298
0.0535495 0.0311972 0.998077 -20.9785 0.0200656 0.999276 -0.0323112 -1.12616 -0.998363 0.0217573 0.0528848 236.408
0.0362764 0.0280276 0.998949 -18.7253 0.0180534 0.999425 -0.0286966 -1.23127 -0.999179 0.0190754 0.0357496 236.511
-0.00255727 0.0260582 0.999657 -16.3191 0.0190616 0.99948 -0.0260048 -1.34832 -0.999815 0.0189886 -0.00305265 236.524
-0.0514845 0.0236611 0.998394 -14.33 0.0205612 0.999532 -0.0226278 -1.42963 -0.998462 0.0193632 -0.051947 236.435
-0.134882 0.0198884 0.990663 -12.2791 0.0374914 0.999185 -0.014955 -1.51644 -0.990153 0.0351241 -0.135518 236.16
-0.287134 0.0305161 0.957404 -10.4423 0.0474063 0.99872 -0.0176154 -1.57408 -0.956717 0.040329 -0.288213 235.624
-0.516564 0.0456865 0.855028 -8.66023 0.0491706 0.99851 -0.0236468 -1.63004 -0.854835 0.0298271 -0.518041 234.661
-0.670102 0.0406984 0.741153 -7.63038 0.0398113 0.999029 -0.0188643 -1.66373 -0.741202 0.0168653 -0.671071 233.742
-0.782167 0.0451504 0.621433 -6.90628 0.0446595 0.998868 -0.0163626 -1.67241 -0.621468 0.0149546 -0.783298 232.756
-0.850323 0.0492762 0.523951 -6.48095 0.0470228 0.998738 -0.0176154 -1.67805 -0.524158 0.00965887 -0.851568 231.977
-0.929439 0.0494069 0.365656 -5.97034 0.0488007 0.998749 -0.0109061 -1.70067 -0.365738 0.0077077 -0.930687 230.62
-0.973128 0.056595 0.223196 -5.69051 0.0581738 0.998306 0.000499687 -1.69889 -0.22279 0.0134705 -0.974772 229.034
-0.991195 0.0556678 0.120124 -5.4804 0.0575968 0.99826 0.0126442 -1.68488 -0.119212 0.0194517 -0.992677 227.218
-0.996581 0.0568335 0.0599915 -5.34809 0.0578299 0.998214 0.0150039 -1.65957 -0.0590316 0.0184218 -0.998088 225.233
-0.998045 0.0615354 0.0107916 -5.28588 0.061761 0.997849 0.0219863 -1.61146 -0.00941545 0.0226099 -0.999699 222.239
-0.997948 0.0640423 -0.000809886 -5.28924 0.0640048 0.997664 0.0238579 -1.56717 0.00233591 0.0237571 -0.999717 219.789
-0.997948 0.0640423 -0.000809886 -5.29524 0.0640048 0.997664 0.0238579 -1.53323 0.00233591 0.0237571 -0.999717 218.08
-0.997948 0.0640423 -0.000809886 -5.2841 0.0640048 0.997664 0.0238579 -1.47773 0.00233591 0.0237571 -0.999717 215.381
-0.997948 0.0640423 -0.000809886 -5.28153 0.0640048 0.997664 0.0238579 -1.44557 0.00233591 0.0237571 -0.999717 213.487
-0.997948 0.0640423 -0.000809886 -5.2754 0.0640048 0.997664 0.0238579 -1.41216 0.00233591 0.0237571 -0.999717 211.524
-0.997948 0.0640423 -0.000809886 -5.25877 0.0640048 0.997664 0.0238579 -1.37793 0.00233591 0.0237571 -0.999717 209.512
-0.997948 0.0640423 -0.000809886 -5.23439 0.0640048 0.997664 0.0238579 -1.33734 0.00233591 0.0237571 -0.999717 207.448
-0.997948 0.0640423 -0.000809886 -5.21485 0.0640048 0.997664 0.0238579 -1.30601 0.00233591 0.0237571 -0.999717 205.338
-0.997948 0.0640423 -0.000809886 -5.20231 0.0640048 0.997664 0.0238579 -1.266 0.00233591 0.0237571 -0.999717 203.167
-0.997948 0.0640423 -0.000809886 -5.19737 0.0640048 0.997664 0.0238579 -1.22854 0.00233591 0.0237571 -0.999717 200.956
-0.997948 0.0640423 -0.000809886 -5.19011 0.0640048 0.997664 0.0238579 -1.19655 0.00233591 0.0237571 -0.999717 198.719
-0.997948 0.0640423 -0.000809886 -5.17867 0.0640048 0.997664 0.0238579 -1.16443 0.00233591 0.0237571 -0.999717 196.459
-0.997948 0.0640423 -0.000809886 -5.18094 0.0640048 0.997664 0.0238579 -1.12973 0.00233591 0.0237571 -0.999717 194.185
-0.997948 0.0640423 -0.000809886 -5.18596 0.0640048 0.997664 0.0238579 -1.09511 0.00233591 0.0237571 -0.999717 191.876
-0.997948 0.0640423 -0.000809886 -5.17775 0.0640048 0.997664 0.0238579 -1.06572 0.00233591 0.0237571 -0.999717 189.566
-0.997948 0.0640423 -0.000809886 -5.17558 0.0640048 0.997664 0.0238579 -1.02841 0.00233591 0.0237571 -0.999717 187.225
-0.997948 0.0640423 -0.000809886 -5.17061 0.0640048 0.997664 0.0238579 -0.997337 0.00233591 0.0237571 -0.999717 184.874
-0.997948 0.0640423 -0.000809886 -5.18217 0.0640048 0.997664 0.0238579 -0.964757 0.00233591 0.0237571 -0.999717 182.497
-0.997948 0.0640423 -0.000809886 -5.18365 0.0640048 0.997664 0.0238579 -0.924357 0.00233591 0.0237571 -0.999717 180.087
-0.997948 0.0640423 -0.000809886 -5.18582 0.0640048 0.997664 0.0238579 -0.884414 0.00233591 0.0237571 -0.999717 177.659
-0.997948 0.0640423 -0.000809886 -5.20122 0.0640048 0.997664 0.0238579 -0.851821 0.00233591 0.0237571 -0.999717 175.206
-0.997948 0.0640423 -0.000809886 -5.21347 0.0640048 0.997664 0.0238579 -0.822801 0.00233591 0.0237571 -0.999717 172.716
-0.997948 0.0640423 -0.000809886 -5.22323 0.0640048 0.997664 0.0238579 -0.789633 0.00233591 0.0237571 -0.999717 170.211
-0.997948 0.0640423 -0.000809886 -5.22178 0.0640048 0.997664 0.0238579 -0.74882 0.00233591 0.0237571 -0.999717 167.652
-0.997948 0.0640423 -0.000809886 -5.21446 0.0640048 0.997664 0.0238579 -0.713659 0.00233591 0.0237571 -0.999717 165.098
-0.997948 0.0640423 -0.000809886 -5.21778 0.0640048 0.997664 0.0238579 -0.684281 0.00233591 0.0237571 -0.999717 162.538
-0.997948 0.0640423 -0.000809886 -5.22061 0.0640048 0.997664 0.0238579 -0.648655 0.00233591 0.0237571 -0.999717 159.949
-0.997948 0.0640423 -0.000809886 -5.22274 0.0640048 0.997664 0.0238579 -0.610804 0.00233591 0.0237571 -0.999717 157.359
-0.997948 0.0640423 -0.000809886 -5.21119 0.0640048 0.997664 0.0238579 -0.579521 0.00233591 0.0237571 -0.999717 154.768
-0.997948 0.0640423 -0.000809886 -5.21204 0.0640048 0.997664 0.0238579 -0.543881 0.00233591 0.0237571 -0.999717 152.162
-0.997948 0.0640423 -0.000809886 -5.21608 0.0640048 0.997664 0.0238579 -0.515555 0.00233591 0.0237571 -0.999717 149.535
-0.997948 0.0640423 -0.000809886 -5.20946 0.0640048 0.997664 0.0238579 -0.489314 0.00233591 0.0237571 -0.999717 146.924
-0.997948 0.0640423 -0.000809886 -5.20589 0.0640048 0.997664 0.0238579 -0.460804 0.00233591 0.0237571 -0.999717 144.318
-0.997948 0.0640423 -0.000809886 -5.19909 0.0640048 0.997664 0.0238579 -0.436156 0.00233591 0.0237571 -0.999717 141.734
-0.997948 0.0640423 -0.000809886 -5.19281 0.0640048 0.997664 0.0238579 -0.409897 0.00233591 0.0237571 -0.999717 139.15
-0.997948 0.0640423 -0.000809886 -5.17807 0.0640048 0.997664 0.0238579 -0.385045 0.00233591 0.0237571 -0.999717 136.588
-0.997948 0.0640423 -0.000809886 -5.17167 0.0640048 0.997664 0.0238579 -0.348063 0.00233591 0.0237571 -0.999717 134.043
-0.997948 0.0640423 -0.000809886 -5.16588 0.0640048 0.997664 0.0238579 -0.319868 0.00233591 0.0237571 -0.999717 131.488
-0.997948 0.0640423 -0.000809886 -5.1608 0.0640048 0.997664 0.0238579 -0.29748 0.00233591 0.0237571 -0.999717 128.943
-0.997948 0.0640423 -0.000809886 -5.16287 0.0640048 0.997664 0.0238579 -0.273245 0.00233591 0.0237571 -0.999717 126.417
-0.997948 0.0640423 -0.000809886 -5.16134 0.0640048 0.997664 0.0238579 -0.250431 0.00233591 0.0237571 -0.999717 123.919
-0.997948 0.0640423 -0.000809886 -5.15497 0.0640048 0.997664 0.0238579 -0.230868 0.00233591 0.0237571 -0.999717 121.445
-0.997948 0.0640423 -0.000809886 -5.14814 0.0640048 0.997664 0.0238579 -0.220106 0.00233591 0.0237571 -0.999717 119.028
-0.997948 0.0640423 -0.000809886 -5.14999 0.0640048 0.997664 0.0238579 -0.207169 0.00233591 0.0237571 -0.999717 116.676
-0.997948 0.0640423 -0.000809886 -5.15396 0.0640048 0.997664 0.0238579 -0.190748 0.00233591 0.0237571 -0.999717 113.257
-0.997948 0.0640423 -0.000809886 -5.15582 0.0640048 0.997664 0.0238579 -0.187637 0.00233591 0.0237571 -0.999717 111.094
-0.997948 0.0640423 -0.000809886 -5.17592 0.0640048 0.997664 0.0238579 -0.172901 0.00233591 0.0237571 -0.999717 107.982
-0.997948 0.0640423 -0.000809886 -5.18008 0.0640048 0.997664 0.0238579 -0.160822 0.00233591 0.0237571 -0.999717 105.997
-0.997948 0.0640423 -0.000809886 -5.1769 0.0640048 0.997664 0.0238579 -0.153369 0.00233591 0.0237571 -0.999717 104.124
-0.997948 0.0640423 -0.000809886 -5.17698 0.0640048 0.997664 0.0238579 -0.14521 0.00233591 0.0237571 -0.999717 101.512
-0.997948 0.0640423 -0.000809886 -5.17326 0.0640048 0.997664 0.0238579 -0.13934 0.00233591 0.0237571 -0.999717 99.8961
-0.997161 0.0744303 0.0114514 -5.17978 0.0746886 0.996916 0.0240843 -0.132389 -0.00962344 0.0248712 -0.999645 97.6355
-0.995891 0.080821 0.0408125 -5.13361 0.0818232 0.996369 0.0235113 -0.129122 -0.0387641 0.0267542 -0.998888 96.2395
-0.984855 0.085092 0.151053 -4.82741 0.0885888 0.995931 0.0165603 -0.135274 -0.14903 0.0296912 -0.988386 93.7445
-0.961281 0.0724302 0.265874 -4.36976 0.0774864 0.996957 0.00856269 -0.153188 -0.264445 0.0288328 -0.963968 92.0761
-0.915645 0.0501641 0.398846 -3.69411 0.0570084 0.99836 0.00530956 -0.173963 -0.397926 0.0275993 -0.917003 90.5883
-0.809592 0.0182126 0.586709 -2.50083 0.0295781 0.999515 0.00978757 -0.191308 -0.586246 0.0252777 -0.809738 88.8542
-0.645244 0.0131638 0.763864 -1.00929 0.0293688 0.99954 0.00758286 -0.207643 -0.763413 0.0273266 -0.645333 87.4475
-0.49796 0.00934373 0.86715 0.326611 0.0247782 0.999687 0.00345703 -0.210334 -0.866846 0.0232079 -0.498036 86.6997
-0.296291 0.0119578 0.955024 2.26739 0.0203296 0.999774 -0.00621099 -0.244647 -0.954882 0.017575 -0.296467 86.0847
-0.178263 0.0103461 0.983928 3.78676 0.00695173 0.999933 -0.00925494 -0.264231 -0.983958 0.00519019 -0.178323 85.8667
-0.10747 0.0205943 0.993995 5.34425 0.00813679 0.99977 -0.0198342 -0.315616 -0.994175 0.00595636 -0.107613 85.7221
-0.0722139 0.0260395 0.997049 6.9817 0.0119613 0.99961 -0.02524 -0.350665 -0.997317 0.0101033 -0.0724972 85.6031
-0.0596754 0.0186651 0.998044 8.71023 0.0116316 0.99977 -0.0180019 -0.400653 -0.99815 0.0105346 -0.0598788 85.5064
-0.0580413 0.0213737 0.998086 10.5652 0.0204948 0.999586 -0.020214 -0.448826 -0.998105 0.0192823 -0.0584553 85.3913
-0.0580413 0.0213737 0.998086 11.8765 0.0204948 0.999586 -0.020214 -0.480787 -0.998105 0.0192823 -0.0584553 85.3125
-0.0555973 0.021198 0.998227 13.9547 0.0308639 0.999333 -0.0195025 -0.53141 -0.997975 0.0297249 -0.0562145 85.1787
-0.0423575 0.0215415 0.99887 16.1838 0.0412365 0.998953 -0.0197946 -0.582485 -0.99825 0.0403515 -0.0432014 85.0563
-0.0147062 0.0189704 0.999711 18.5479 0.0470336 0.998726 -0.0182597 -0.634954 -0.998784 0.0467515 -0.0155797 85.0091
0.0172818 0.018103 0.999687 21.0164 0.0427077 0.99891 -0.0188273 -0.689435 -0.998938 0.0430197 0.0164898 85.0666
0.0433636 0.0285198 0.998652 23.5898 0.0310047 0.999073 -0.0298781 -0.764849 -0.998578 0.0322586 0.0424391 85.192
0.0430673 0.0240376 0.998783 26.1944 0.0197143 0.999495 -0.0249048 -0.8676 -0.998878 0.0207629 0.0425717 85.3619
0.0221398 0.0264088 0.999407 28.7677 0.0119209 0.999573 -0.0266773 -0.963073 -0.999685 0.0125044 0.0218155 85.4636
-0.0113921 0.0235976 0.999658 31.3533 0.00680264 0.9997 -0.0235212 -1.06462 -0.999913 0.00653238 -0.0115492 85.4701
-0.0477858 0.0249235 0.998547 33.9054 0.00953612 0.999654 -0.0244948 -1.15669 -0.998813 0.00835178 -0.048007 85.3775
-0.0719899 0.025175 0.997088 35.6053 0.0129406 0.999621 -0.0243047 -1.21418 -0.997322 0.0111532 -0.0722884 85.2634
-0.0935542 0.024281 0.995317 37.2886 0.0164121 0.999604 -0.0228429 -1.2704 -0.995478 0.0141982 -0.0939157 85.1107
-0.106573 0.0255512 0.993977 38.9677 0.0196558 0.999529 -0.0235865 -1.3319 -0.994111 0.0170237 -0.107025 84.9263
-0.107398 0.0260066 0.993876 40.6458 0.0191957 0.999526 -0.0240802 -1.38984 -0.994031 0.016492 -0.107846 84.7344
-0.107627 0.0262608 0.993844 42.3697 0.0187163 0.999527 -0.0243841 -1.44616 -0.994015 0.0159767 -0.108067 84.5494
-0.106887 0.026191 0.993926 45.0068 0.0182057 0.999537 -0.024381 -1.52173 -0.994104 0.015489 -0.107315 84.298
-0.10549 0.0259152 0.994082 46.7965 0.0176704 0.999551 -0.0241826 -1.58243 -0.994263 0.0150148 -0.105901 84.1271
-0.103467 0.0254351 0.994308 48.5778 0.0171147 0.99957 -0.0237887 -1.64206 -0.994486 0.0145559 -0.103857 83.9402
-0.121242 0.0252705 0.992301 51.24 0.00139463 0.999679 -0.0252879 -1.74072 -0.992622 -0.00168206 -0.121238 83.6594
-0.169904 0.0327208 0.984916 53.8727 -0.00597574 0.999396 -0.0342327 -1.84497 -0.985441 -0.0117019 -0.169606 83.2846
-0.209694 0.0255639 0.977432 55.6257 -0.000474873 0.999655 -0.0262469 -1.91506 -0.977766 -0.00596799 -0.209609 82.9195
-0.271857 0.0278689 0.961936 58.1772 0.0113646 0.999604 -0.0257485 -2.01682 -0.962272 0.00393209 -0.272066 82.2432
-0.310363 0.0267079 0.950243 59.8363 0.0194787 0.999574 -0.0217324 -2.08814 -0.950418 0.0117645 -0.310751 81.7086
-0.352845 0.0285954 0.935246 62.2717 0.0295034 0.999376 -0.0194253 -2.16781 -0.935217 0.0207388 -0.353468 80.7968
-0.369345 0.00924997 0.929246 63.9102 0.0301394 0.999544 0.00202971 -2.19789 -0.928803 0.0287566 -0.369455 80.1483
-0.375893 0.0252009 0.926321 66.3799 0.0349767 0.999304 -0.0129932 -2.22738 -0.926003 0.0275156 -0.376513 79.1565
-0.375893 0.0252009 0.926321 68.8615 0.0349767 0.999304 -0.0129932 -2.30155 -0.926003 0.0275156 -0.376513 78.1575
-0.382503 0.0164161 0.923808 70.5528 0.0357294 0.999357 -0.00296487 -2.33271 -0.923263 0.031873 -0.382844 77.4561
-0.397244 0.0146009 0.917596 72.2569 0.0354935 0.99937 -0.00053631 -2.35772 -0.917026 0.0323557 -0.397512 76.7337
-0.421436 0.0201681 0.906634 73.953 0.0369196 0.999305 -0.00506801 -2.37688 -0.906107 0.0313367 -0.421888 75.9606
-0.44837 0.0263682 0.89346 75.6515 0.0371632 0.99925 -0.0108406 -2.40982 -0.893077 0.0283432 -0.449014 75.1169
-0.477837 0.0378048 0.877637 78.1885 0.0413164 0.998935 -0.0205349 -2.47612 -0.877478 0.0264484 -0.47889 73.7586
-0.484971 0.0319574 0.873945 79.9124 0.043244 0.998986 -0.0125327 -2.52166 -0.873459 0.0317149 -0.485861 72.8081
-0.484971 0.0319574 0.873945 81.6397 0.043244 0.998986 -0.0125327 -2.56344 -0.873459 0.0317149 -0.485861 71.8425
-0.484971 0.0319574 0.873945 83.3707 0.043244 0.998986 -0.0125327 -2.6088 -0.873459 0.0317149 -0.485861 70.882
-0.484971 0.0319574 0.873945 85.084 0.043244 0.998986 -0.0125327 -2.65616 -0.873459 0.0317149 -0.485861 69.9472
-0.496502 0.0277774 0.867592 86.8068 0.0348322 0.99932 -0.0120613 -2.70956 -0.867337 0.0242317 -0.497133 69.0004
-0.52571 0.0179891 0.850475 89.2951 0.0278679 0.999604 -0.00391734 -2.77229 -0.850208 0.0216416 -0.526003 67.5256
-0.561211 0.0153378 0.827532 91.684 0.0238532 0.999713 -0.00235249 -2.82647 -0.82733 0.018419 -0.561415 65.9637
-0.598413 0.018018 0.800985 93.9835 0.021889 0.999742 -0.00613574 -2.88221 -0.800889 0.0138611 -0.598653 64.3039
-0.622206 0.0159562 0.782691 95.458 0.0227737 0.999738 -0.00227684 -2.91833 -0.782523 0.0164081 -0.622406 63.1496
-0.643256 0.0184432 0.765429 96.8772 0.0269065 0.999637 -0.00147468 -2.94712 -0.765178 0.0196465 -0.643518 61.9631
-0.656926 0.0235738 0.753585 98.2589 0.0348168 0.999393 -0.000912187 -2.97122 -0.75315 0.0256382 -0.657348 60.7537
-0.66314 0.0266695 0.748018 99.6085 0.0399071 0.999203 -0.000246265 -2.99872 -0.747429 0.029688 -0.663676 59.5577
-0.66314 0.0266695 0.748018 100.926 0.0399071 0.999203 -0.000246265 -3.02493 -0.747429 0.029688 -0.663676 58.3862
-0.66314 0.0266695 0.748018 102.206 0.0399071 0.999203 -0.000246265 -3.04541 -0.747429 0.029688 -0.663676 57.2761
-0.653276 0.0284376 0.756585 103.413 0.0432149 0.999066 -0.000237666 -3.07499 -0.755885 0.0325405 -0.653895 56.2327
-0.64379 0.0271632 0.764721 104.577 0.0427587 0.999085 0.000508877 -3.10634 -0.764008 0.0330261 -0.644362 55.2682
-0.633876 0.0275953 0.772942 106.206 0.0423321 0.999103 -0.000953868 -3.14002 -0.772275 0.0321156 -0.634475 53.9368
-0.641367 0.0420371 0.766083 108.302 0.0488529 0.998709 -0.0139023 -3.20018 -0.765679 0.0285089 -0.642593 52.1934
-0.658682 0.0224814 0.752087 110.333 0.0431999 0.999035 0.00797151 -3.24762 -0.751182 0.0377407 -0.659017 50.4491
-0.66879 0.0287404 0.742896 112.348 0.0360891 0.99933 -0.00617189 -3.26855 -0.742575 0.0226827 -0.669379 48.672
-0.66879 0.0287404 0.742896 113.913 0.0360891 0.99933 -0.00617189 -3.303 -0.742575 0.0226827 -0.669379 47.2639
-0.658656 0.0173523 0.752244 115.555 0.038772 0.999189 0.0108996 -3.3144 -0.751444 0.036345 -0.658794 45.8035
-0.639255 0.0144652 0.768858 117.288 0.0313686 0.999481 0.00727678 -3.31351 -0.768354 0.0287698 -0.639377 44.3797
-0.628229 0.00543598 0.778011 118.515 0.0180899 0.999807 0.00762152 -3.32376 -0.77782 0.0188622 -0.628206 43.428
-0.622507 0.00545425 0.782595 119.771 -0.000253235 0.999974 -0.0071707 -3.3253 -0.782614 -0.00466199 -0.622489 42.473
-0.618918 0.00235271 0.785452 121.062 -0.00967252 0.999897 -0.0106168 -3.34574 -0.785396 -0.0141682 -0.618831 41.4946
-0.618918 0.00235271 0.785452 122.391 -0.00967252 0.999897 -0.0106168 -3.36799 -0.785396 -0.0141682 -0.618831 40.4649
-0.618918 0.00235271 0.785452 123.756 -0.00967252 0.999897 -0.0106168 -3.39842 -0.785396 -0.0141682 -0.618831 39.3929
-0.618918 0.00235271 0.785452 125.155 -0.00967252 0.999897 -0.0106168 -3.43215 -0.785396 -0.0141682 -0.618831 38.3055
-0.618918 0.00235271 0.785452 126.564 -0.00967252 0.999897 -0.0106168 -3.4585 -0.785396 -0.0141682 -0.618831 37.1681
-0.618918 0.00235271 0.785452 128.043 -0.00967252 0.999897 -0.0106168 -3.48868 -0.785396 -0.0141682 -0.618831 36.0256
-0.622967 -0.00701477 0.782216 130.298 -0.0130726 0.999914 -0.00144417 -3.54095 -0.782139 -0.0111253 -0.623005 34.2544
-0.625055 -0.0156679 0.780421 133.338 -0.0244169 0.999702 0.000514225 -3.57097 -0.780197 -0.018734 -0.625251 31.8612
-0.625055 -0.0156679 0.780421 134.856 -0.0244169 0.999702 0.000514225 -3.59266 -0.780197 -0.018734 -0.625251 30.6777
-0.616664 -0.00533378 0.787208 137.13 -0.00848674 0.999964 0.000127184 -3.63271 -0.78718 -0.0066024 -0.616687 28.8738
-0.611429 0.00750974 0.791266 138.652 0.00988105 0.999949 -0.00185503 -3.64958 -0.79124 0.00668431 -0.611472 27.6769
-0.611429 0.00750974 0.791266 140.162 0.00988105 0.999949 -0.00185503 -3.67746 -0.79124 0.00668431 -0.611472 26.535
-0.613111 -0.00361086 0.789986 141.671 0.00231542 0.999977 0.00636769 -3.70371 -0.789991 0.00573326 -0.613088 25.3826
-0.613111 -0.00361086 0.789986 143.179 0.00231542 0.999977 0.00636769 -3.71424 -0.789991 0.00573326 -0.613088 24.2224
-0.613111 -0.00361086 0.789986 144.661 0.00231542 0.999977 0.00636769 -3.72612 -0.789991 0.00573326 -0.613088 23.0929
-0.616731 0.00361698 0.787167 146.143 -0.00133665 0.999983 -0.0056421 -3.74216 -0.787174 -0.00453182 -0.616716 21.9554
-0.618394 0.00128104 0.785869 147.622 0.00443677 0.999988 0.00186118 -3.76462 -0.785857 0.00463765 -0.618393 20.8015
-0.618394 0.00128104 0.785869 149.081 0.00443677 0.999988 0.00186118 -3.7783 -0.785857 0.00463765 -0.618393 19.6608
-0.616587 0.0079377 0.787248 150.513 0.00156149 0.99996 -0.00885945 -3.79854 -0.787287 -0.00423333 -0.616574 18.5437
-0.616587 0.0079377 0.787248 151.93 0.00156149 0.99996 -0.00885945 -3.83473 -0.787287 -0.00423333 -0.616574 17.4533
-0.616587 0.0079377 0.787248 153.971 0.00156149 0.99996 -0.00885945 -3.89698 -0.787287 -0.00423333 -0.616574 15.8575
-0.626259 0.0163013 0.779442 155.885 0.0111062 0.999866 -0.0119877 -3.96252 -0.779533 0.00114922 -0.626357 14.3391
-0.638978 0.00557531 0.769205 157.652 0.0113599 0.999933 0.002189 -4.01149 -0.769141 0.0101368 -0.638999 12.9105
-0.643509 0.0233849 0.765083 158.699 0.017496 0.999721 -0.0158409 -4.03718 -0.765241 0.00319216 -0.643739 12.0228
-0.635362 0.034339 0.771451 160.132 0.0377555 0.999197 -0.0133814 -4.08726 -0.771291 0.0206245 -0.636149 10.8051
-0.581797 0.0469646 0.811978 161.523 0.0595659 0.998111 -0.0150505 -4.151 -0.811151 0.0396098 -0.583496 9.74205
-0.440782 0.0431738 0.896574 163.514 0.0573133 0.998158 -0.0198886 -4.22163 -0.895781 0.0426191 -0.442444 8.6787
-0.279625 0.056318 0.958457 165.611 0.053589 0.997637 -0.042986 -4.3239 -0.958614 0.0393428 -0.281982 7.99621
-0.162136 0.0430914 0.985827 167.335 0.0398288 0.998518 -0.0370956 -4.40289 -0.985964 0.0332498 -0.163612 7.73615
-0.076065 0.031283 0.996612 169.131 0.0232385 0.999292 -0.0295934 -4.47468 -0.996832 0.0209087 -0.0767381 7.63149
-0.0383305 0.0277802 0.998879 170.987 -0.00588068 0.99959 -0.0280256 -4.55487 -0.999248 -0.00694832 -0.0381514 7.61979
-0.0345215 0.0304828 0.998938 172.915 -0.0135342 0.999429 -0.0309654 -4.62099 -0.999312 -0.0145888 -0.0340892 7.56797
-0.0480006 0.0255882 0.99852 174.899 -0.0135096 0.999564 -0.0262643 -4.70131 -0.998756 -0.0147503 -0.047634 7.48575
-0.0733649 0.0454519 0.99627 177.618 -0.012668 0.998838 -0.046502 -4.82038 -0.997226 -0.0160323 -0.0727039 7.3181
-0.0935083 0.0306177 0.995148 179.755 -0.0215953 0.99923 -0.0327724 -4.9236 -0.995385 -0.024555 -0.092775 7.15178
-0.103879 0.0392719 0.993815 181.919 -0.0134869 0.999073 -0.0408894 -5.02324 -0.994499 -0.017651 -0.103253 6.92957
-0.103879 0.0392719 0.993815 183.398 -0.0134869 0.999073 -0.0408894 -5.08901 -0.994499 -0.017651 -0.103253 6.78637
-0.103879 0.0392719 0.993815 184.896 -0.0134869 0.999073 -0.0408894 -5.15887 -0.994499 -0.017651 -0.103253 6.64375
-0.103879 0.0392719 0.993815 186.406 -0.0134869 0.999073 -0.0408894 -5.23885 -0.994499 -0.017651 -0.103253 6.49382
-0.103879 0.0392719 0.993815 187.166 -0.0134869 0.999073 -0.0408894 -5.27359 -0.994499 -0.017651 -0.103253 6.42323
-0.103879 0.0392719 0.993815 188.705 -0.0134869 0.999073 -0.0408894 -5.34657 -0.994499 -0.017651 -0.103253 6.2886
-0.102524 0.0461704 0.993659 190.236 -0.00709187 0.998863 -0.0471439 -5.43434 -0.994706 -0.0118803 -0.10208 6.13364
-0.103107 0.0512187 0.99335 191.768 -0.0138555 0.998502 -0.0529225 -5.51209 -0.994574 -0.0192201 -0.102243 5.98482
-0.103107 0.0512187 0.99335 193.342 -0.0138555 0.998502 -0.0529225 -5.60817 -0.994574 -0.0192201 -0.102243 5.82897
-0.106242 0.0577671 0.992661 194.894 -0.0184213 0.998025 -0.0600508 -5.70627 -0.99417 -0.024666 -0.104969 5.6715
-0.106242 0.0577671 0.992661 196.484 -0.0184213 0.998025 -0.0600508 -5.80935 -0.99417 -0.024666 -0.104969 5.5085
-0.111863 0.0559079 0.99215 198.917 -0.0113461 0.998279 -0.0575326 -5.9838 -0.993659 -0.0176928 -0.111036 5.2392
-0.112188 0.0478495 0.992535 201.365 -0.00194538 0.998827 -0.0483728 -6.13987 -0.993686 -0.0073577 -0.111964 4.9541
-0.109943 0.0514754 0.992604 203.859 0.00827058 0.998671 -0.050874 -6.28947 -0.993903 0.00261617 -0.110223 4.67565
-0.109943 0.0514754 0.992604 205.533 0.00827058 0.998671 -0.050874 -6.39148 -0.993903 0.00261617 -0.110223 4.51015
-0.109943 0.0514754 0.992604 207.199 0.00827058 0.998671 -0.050874 -6.49308 -0.993903 0.00261617 -0.110223 4.34155
-0.107064 0.068775 0.991869 208.847 0.006599 0.997632 -0.0684622 -6.60914 -0.994229 -0.000784584 -0.107264 4.17951
-0.10442 0.057551 0.992867 210.513 0.00017609 0.998325 -0.0578489 -6.72748 -0.994533 -0.00586576 -0.104256 4.01971
-0.10442 0.057551 0.992867 213.037 0.00017609 0.998325 -0.0578489 -6.88507 -0.994533 -0.00586576 -0.104256 3.77032
-0.10442 0.057551 0.992867 215.554 0.00017609 0.998325 -0.0578489 -7.05731 -0.994533 -0.00586576 -0.104256 3.52178
-0.104673 0.054278 0.993025 218.117 0.00844814 0.998522 -0.053688 -7.22894 -0.994471 0.00276955 -0.104977 3.25255
-0.101354 0.0608333 0.992989 220.681 0.0169054 0.99809 -0.0594203 -7.39727 -0.994707 0.0107644 -0.102189 2.97918
-0.101354 0.0608333 0.992989 223.324 0.0169054 0.99809 -0.0594203 -7.5669 -0.994707 0.0107644 -0.102189 2.72411
-0.103667 0.0612733 0.992722 225.977 0.00697824 0.998121 -0.0608777 -7.75864 -0.994586 0.000616353 -0.1039 2.47204
-0.103667 0.0612733 0.992722 227.776 0.00697824 0.998121 -0.0608777 -7.87234 -0.994586 0.000616353 -0.1039 2.2856
-0.107603 0.0694798 0.991764 230.435 0.0175396 0.997532 -0.067981 -8.07215 -0.99404 0.0100802 -0.108556 1.99755
-0.112826 0.0543721 0.992126 233.105 0.00826232 0.998518 -0.0537829 -8.28644 -0.99358 0.00212913 -0.113108 1.73093
-0.112826 0.0543721 0.992126 234.885 0.00826232 0.998518 -0.0537829 -8.40798 -0.99358 0.00212913 -0.113108 1.53987
-0.113259 0.0660287 0.991369 236.653 0.00714348 0.997818 -0.0656421 -8.53993 -0.99354 -0.000352711 -0.113484 1.3535
-0.113259 0.0660287 0.991369 238.42 0.00714348 0.997818 -0.0656421 -8.6782 -0.99354 -0.000352711 -0.113484 1.15135
