1 0 0 0 0 1 0 0 0 0 1 0
1 0 0 -0.009262 0 1 0 -0.024832 0 0 1 2.4701
1 0 0 0.000566 0 1 0 -0.067314 0 0 1 4.94916
1 0 0 0.01053 0 1 0 -0.116637 0 0 1 7.42615
1 0 0 0.015702 0 1 0 -0.160781 0 0 1 9.93946
1 0 0 0.014724 0 1 0 -0.181506 0 0 1 12.4573
1 0 0 0.0101 0 1 0 -0.198839 0 0 1 14.9692
1 0 0 0.018103 0 1 0 -0.219804 0 0 1 17.4736
1 0 0 0.022269 0 1 0 -0.272363 0 0 1 19.9749
1 0 0 0.031979 0 1 0 -0.302845 0 0 1 22.5241
1 0 0 0.036153 0 1 0 -0.326926 0 0 1 25.0626
1 0 0 0.033045 0 1 0 -0.349158 0 0 1 27.6026
1 0 0 0.015158 0 1 0 -0.374793 0 0 1 30.1461
1 0 0 0.026217 0 1 0 -0.413638 0 0 1 32.6802
1 0 0 0.016443 0 1 0 -0.452685 0 0 1 35.1993
1 0 0 0.014919 0 1 0 -0.479894 0 0 1 37.7241
1 0 0 0.01539 0 1 0 -0.494886 0 0 1 40.2198
1 0 0 0.015933 0 1 0 -0.524158 0 0 1 42.7154
1 0 0 0.031775 0 1 0 -0.530936 0 0 1 45.2135
1 0 0 0.036978 0 1 0 -0.562629 0 0 1 47.6648
1 0 0 0.033802 0 1 0 -0.591176 0 0 1 50.0716
1 0 0 0.040676 0 1 0 -0.611634 0 0 1 52.4358
1 0 0 0.020398 0 1 0 -0.631235 0 0 1 55.8756
1 0 0 -0.004126 0 1 0 -0.651426 0 0 1 58.0651
1 0 0 -0.017446 0 1 0 -0.690776 0 0 1 61.2501
1 0 0 -0.016281 0 1 0 -0.725728 0 0 1 64.2753
1 0 0 0.006564 0 1 0 -0.751083 0 0 1 66.2172
1 0 0 0.039024 0 1 0 -0.769885 0 0 1 68.0667
0.999695 -0.0151418 0.0195061 0.062741 0.0148913 0.999806 0.012924 -0.784991 -0.019698 -0.0126296 0.999726 69.8175
1 0 0 0.097625 0 1 0 -0.80118 0 0 1 71.4546
0.999577 -0.0121575 0.0264102 0.134228 0.0120919 0.999923 0.00264197 -0.818631 -0.0264402 -0.0023215 0.999648 73.0005
0.999598 -0.00984361 0.0265926 0.191376 0.00969836 0.999937 0.00558551 -0.853818 -0.0266459 -0.00532536 0.999631 75.1259
1 0 0 0.196107 0 1 0 -0.884466 0 0 1 77.0067
0.998919 0.00207185 -0.0464408 0.1105 -0.00195106 0.999995 0.00264603 -0.921471 0.046446 -0.00255256 0.998918 79.221
0.96447 0.00169955 -0.264187 -0.454508 0.00281348 0.999857 0.0167034 -0.949504 0.264177 -0.0168532 0.964327 81.5983
0.857591 0.0221319 -0.513855 -1.40152 8.66297e-05 0.999068 0.0431747 -0.933314 0.514332 -0.0370708 0.85679 83.1721
0.603247 0.0404808 -0.796526 -3.12415 0.0086614 0.99832 0.0572959 -0.841592 0.797507 -0.0414626 0.601883 84.6752
0.238451 0.019118 -0.970967 -5.5257 0.0429397 0.998621 0.0302077 -0.735132 0.970205 -0.0488961 0.237301 85.4978
0.0467232 0.0297356 -0.998465 -7.2012 0.0410228 0.998656 0.0316609 -0.68602 0.998065 -0.0424391 0.0454406 85.5557
-0.0678098 0.034357 -0.997106 -8.92688 0.0297388 0.999032 0.0324009 -0.639568 0.997255 -0.0274556 -0.0687659 85.3856
-0.113474 0.047347 -0.992412 -11.4064 0.0199193 0.998772 0.0453728 -0.56379 0.993341 -0.0146195 -0.114278 85.0534
-0.113566 0.0222389 -0.99328 -14.1022 0.0268924 0.999452 0.0193023 -0.474257 0.993165 -0.0245196 -0.114102 84.7445
-0.105389 0.0282568 -0.99403 -16.3602 0.0234831 0.999388 0.0259194 -0.430474 0.994154 -0.0206113 -0.105988 84.4936
-0.091185 0.0259482 -0.995496 -17.9532 0.00978322 0.999636 0.02516 -0.392618 0.995786 -0.00744494 -0.0914056 84.3171
-0.0712423 0.0275463 -0.997078 -19.6233 0.00107867 0.99962 0.0275395 -0.349981 0.997458 0.000886473 -0.071245 84.1755
-0.0508399 0.0347299 -0.998104 -21.3718 -0.00782637 0.999351 0.035172 -0.30357 0.998677 0.00959962 -0.0505351 84.0606
-0.0251616 0.033391 -0.999126 -24.1307 -0.00564327 0.999421 0.033543 -0.213846 0.999668 0.00648232 -0.0249586 83.9679
-0.0147864 0.045063 -0.998875 -27.0532 -0.00017587 0.998984 0.0450706 -0.113026 0.999891 0.000842078 -0.0147634 83.9102
-0.0119582 0.0420647 -0.999043 -29.0451 -0.00512043 0.999099 0.0421284 -0.037649 0.999915 0.00561932 -0.0117321 83.8661
-0.00880052 0.0366893 -0.999288 -32.1417 -0.00863181 0.999287 0.0367653 0.065913 0.999924 0.00894922 -0.00847755 83.8196
-0.00499788 0.0381806 -0.999259 -34.2671 -0.00986223 0.99922 0.0382284 0.125353 0.999939 0.010046 -0.00461743 83.7978
-0.0011227 0.0404991 -0.99918 -36.4128 -0.0141898 0.999078 0.040511 0.191732 0.999899 0.0142236 -0.000546986 83.779
0.00111539 0.0417433 -0.999128 -38.5784 -0.0143761 0.999026 0.041723 0.255207 0.999896 0.014317 0.00171441 83.7742
0.000817524 0.0390636 -0.999236 -40.746 -0.0131209 0.999151 0.0390495 0.3216 0.999913 0.0130789 0.00132938 83.7634
0.000140665 0.0468114 -0.998905 -42.9365 -0.0152014 0.998788 0.0468038 0.390568 0.999886 0.0151781 0.00085209 83.7467
-0.00182685 0.0450692 -0.998982 -45.1182 -0.0195327 0.998792 0.0450964 0.473494 0.999808 0.0195952 -0.000944319 83.7238
-0.00612121 0.0388612 -0.999225 -47.2872 -0.0153505 0.999123 0.0389512 0.542585 0.999863 0.0155771 -0.0055193 83.7111
-0.0089256 0.0437795 -0.999001 -49.4947 -0.0125094 0.998958 0.0438894 0.606475 0.999882 0.0128887 -0.00836865 83.6882
-0.0108229 0.0409691 -0.999101 -51.6512 -0.0151443 0.999039 0.0411306 0.675258 0.999826 0.0155759 -0.010192 83.6549
-0.00931588 0.0443429 -0.998973 -53.804 -0.0192958 0.998822 0.0445162 0.732532 0.99977 0.0196907 -0.00844927 83.6133
-0.00449438 0.0475875 -0.998856 -55.9503 -0.0197601 0.998668 0.0476674 0.803207 0.999794 0.0199518 -0.00354806 83.5856
0.00552136 0.0421848 -0.999095 -59.1248 -0.0217092 0.998879 0.0420557 0.903823 0.999749 0.0214573 0.00643097 83.5748
0.0129733 0.0428141 -0.998998 -61.2296 -0.0241548 0.998805 0.0424921 0.962543 0.999623 0.0235794 0.013992 83.5861
0.0236209 0.0522757 -0.998353 -64.3241 -0.024443 0.998364 0.051698 1.05892 0.999422 0.0231816 0.02486 83.6606
0.0333593 0.0449985 -0.99843 -67.2691 -0.0184548 0.998843 0.0444006 1.1513 0.999273 0.0169446 0.0341512 83.744
0.0370197 0.0417558 -0.998441 -69.1385 -0.0119818 0.999073 0.041338 1.1952 0.999242 0.0104329 0.0374857 83.806
0.0391794 0.0410726 -0.998389 -71.8151 -0.00501242 0.99915 0.0409073 1.25571 0.999221 0.00340157 0.039352 83.8974
0.0256662 0.0400923 -0.998867 -74.4306 0.00704236 0.999163 0.0402852 1.32211 0.999646 -0.00806837 0.0253624 83.986
-0.00943628 0.0395938 -0.999172 -77.0451 0.0105093 0.999165 0.0394943 1.40018 0.999901 -0.010128 -0.0098445 83.9955
-0.0472384 0.0248406 -0.998575 -79.636 0.00454249 0.999686 0.0246533 1.46456 0.998874 -0.00337144 -0.0473364 83.8827
-0.064253 0.0229845 -0.997669 -82.2732 -0.00466488 0.999717 0.0233321 1.50244 0.997923 0.00615316 -0.0641276 83.6918
-0.0618178 0.0204928 -0.997876 -84.9734 -0.00944792 0.999732 0.0211162 1.54492 0.998042 0.0107332 -0.0616077 83.4839
-0.0554648 0.0489591 -0.997261 -87.8139 -0.0140574 0.99866 0.0498097 1.6132 0.998363 0.0167815 -0.0547022 83.3258
-0.0445327 0.0456929 -0.997962 -89.7665 -0.0260429 0.998561 0.0468824 1.69838 0.998668 0.0280776 -0.0432787 83.2109
-0.0315853 0.0355547 -0.998867 -91.771 -0.0293844 0.998902 0.0364851 1.78893 0.999068 0.0305036 -0.0305059 83.1235
-0.0203706 0.0494077 -0.998572 -93.8903 -0.0230027 0.998491 0.049873 1.86955 0.999529 0.0239857 -0.0192034 83.0826
-0.0126381 0.0297657 -0.999477 -96.0403 -0.0244964 0.999248 0.0300686 1.95851 0.99962 0.0248636 -0.0118994 83.0511
-0.0036501 0.0381241 -0.999266 -98.2303 -0.0370141 0.998583 0.0382332 2.01323 0.999308 0.0371265 -0.0022338 83.0063
0.00741797 0.0210058 -0.999752 -100.475 -0.0365937 0.999115 0.0207209 2.06631 0.999303 0.0364309 0.00818009 83.0021
0.0186684 0.019832 -0.999628 -102.786 -0.0246613 0.999508 0.0193691 2.10584 0.999521 0.0242906 0.0191483 83.04
0.0309806 0.0381748 -0.998791 -105.157 -0.0216019 0.999063 0.0375151 2.15356 0.999287 0.0204135 0.0317763 83.1038
0.039814 0.0354268 -0.998579 -107.516 -0.0226277 0.999147 0.0345448 2.2225 0.998951 0.0212202 0.0405816 83.1832
0.0447479 0.0335025 -0.998436 -109.856 -0.0178086 0.999305 0.0327335 2.2751 0.998839 0.016316 0.0453134 83.2817
0.0453631 0.0415602 -0.998105 -112.204 -0.0187024 0.998994 0.0407472 2.33262 0.998794 0.0168186 0.0460947 83.3735
0.0413881 0.0301621 -0.998688 -114.529 -0.00933566 0.999512 0.0298001 2.39224 0.999099 0.00809005 0.0416495 83.4733
0.0286012 0.0274627 -0.999214 -116.865 0.00516236 0.999605 0.0276212 2.43294 0.999578 -0.0059483 0.0284481 83.5684
0.0147077 0.035307 -0.999267 -119.19 0.00390403 0.999367 0.0353679 2.47451 0.999883 -0.00442131 0.0145605 83.607
0.00492533 0.0289605 -0.999569 -121.496 -0.00765927 0.999552 0.0289223 2.53141 0.999959 0.0075135 0.00514494 83.6048
-0.000610829 0.0290693 -0.999577 -123.817 -0.00908112 0.999536 0.0290736 2.57134 0.999958 0.00909506 -0.000346564 83.6031
-0.00416699 0.0425715 -0.999085 -126.139 -0.00230888 0.99909 0.0425814 2.61885 0.999989 0.0024842 -0.00406491 83.5964
-0.0054004 0.0447008 -0.998985 -127.284 -0.00344246 0.998994 0.0447197 2.65403 0.999978 0.00368052 -0.00524108 83.585
-0.00586305 0.0313798 -0.99949 -129.549 -0.00983957 0.999457 0.0314365 2.71611 0.999935 0.0100189 -0.00555111 83.5548
-0.00610844 0.0304692 -0.999517 -130.691 -0.00664489 0.999512 0.0305097 2.7452 0.99996 0.00682804 -0.005903 83.5482
-0.00781475 0.0350045 -0.999356 -131.832 -0.00316579 0.999381 0.0350301 2.76317 0.999964 0.00343751 -0.00769909 83.5353
-0.0140537 0.0444828 -0.998912 -134.098 0.004252 0.999004 0.0444271 2.83071 0.999892 -0.00362301 -0.0142289 83.5283
-0.0183659 0.0457429 -0.998785 -136.35 0.00102425 0.998953 0.0457318 2.90187 0.999831 -0.000183123 -0.0183935 83.4705
-0.0210393 0.0438304 -0.998816 -137.464 -0.00412101 0.999026 0.0439264 2.93216 0.999769 0.00504036 -0.0208381 83.4365
-0.0254989 0.0355852 -0.99904 -139.675 -0.00536787 0.999347 0.0357331 2.99465 0.99966 0.00627391 -0.0252913 83.3737
-0.0291921 0.047821 -0.998429 -143.039 0.00010177 0.998855 0.0478384 3.07776 0.999574 0.0012949 -0.0291636 83.2677
-0.0297007 0.0475198 -0.998429 -145.236 -0.00160023 0.998866 0.0475882 3.15869 0.999558 0.00301112 -0.029591 83.1954
-0.0300984 0.0464952 -0.998465 -148.507 -0.00554164 0.998894 0.0466822 3.26286 0.999532 0.00693818 -0.0298075 83.0811
-0.0298883 0.0363654 -0.998892 -150.645 -0.000655316 0.999337 0.0364012 3.32363 0.999554 0.00174253 -0.0298447 83.0058
-0.0305601 0.0375861 -0.998826 -152.791 0.00437821 0.999288 0.0374695 3.37886 0.999524 -0.00322801 -0.0307029 82.9359
-0.0289094 0.0366728 -0.998909 -154.906 -0.000190768 0.999327 0.0366936 3.42998 0.999582 0.00125134 -0.028883 82.8574
-0.0236793 0.0296226 -0.99928 -157.002 -0.0136637 0.999458 0.0299517 3.47451 0.999626 0.0143631 -0.0232617 82.764
-0.0154444 0.0354185 -0.999253 -159.138 -0.0177878 0.999205 0.0356917 3.51716 0.999723 0.0183258 -0.0148021 82.6895
-0.00209329 0.0313034 -0.999507 -162.345 -0.00753271 0.999481 0.0313183 3.59531 0.999969 0.00759457 -0.0018564 82.6761
0.00642469 0.0273176 -0.999607 -164.506 0.0019644 0.999625 0.0273307 3.63884 0.999978 -0.00213924 0.00636862 82.6828
0.0126809 0.0384142 -0.999181 -166.673 0.0133809 0.999166 0.0385834 3.68714 0.99983 -0.0138592 0.0121564 82.715
0.0156101 0.0382689 -0.999145 -168.864 0.0169075 0.999114 0.0385319 3.7576 0.999735 -0.0174945 0.0149493 82.7474
0.0169591 0.0386834 -0.999108 -169.948 0.0140594 0.999143 0.0389235 3.7841 0.999758 -0.014707 0.0164007 82.751
0.0227136 0.0415447 -0.998878 -172.137 0.00179779 0.999133 0.0415962 3.84936 0.99974 -0.00274056 0.0226192 82.7652
0.03174 0.0374149 -0.998795 -174.361 -0.00861383 0.999272 0.037159 3.92272 0.999459 0.00742405 0.0320392 82.7983
0.0417184 0.0403209 -0.998316 -176.601 -0.0129417 0.999123 0.0398128 3.9847 0.999046 0.011259 0.0422036 82.853
0.0488206 0.0437484 -0.997849 -178.875 -0.0124599 0.998989 0.0431888 4.05656 0.99873 0.0103246 0.0493163 82.9605
0.0532898 0.0450733 -0.997561 -181.151 -0.00961286 0.998958 0.0446228 4.13268 0.998532 0.00721151 0.0536676 83.0731
0.055797 0.0460195 -0.997381 -183.423 -0.00936745 0.998917 0.0455664 4.20319 0.998399 0.00680043 0.0561676 83.1924
0.0586462 0.0483357 -0.997107 -185.691 -0.00969403 0.998808 0.047848 4.27596 0.998231 0.00685993 0.0590449 83.3166
0.0614783 0.0453993 -0.997076 -187.941 -0.00633307 0.998963 0.0450948 4.35227 0.998089 0.00354219 0.0617021 83.448
0.0652236 0.0433582 -0.996928 -190.194 -0.00549764 0.999056 0.0430911 4.42261 0.997855 0.00267021 0.0654004 83.5865
0.071302 0.0414635 -0.996593 -192.421 -0.00444978 0.999139 0.0412511 4.48583 0.997445 0.00149332 0.0714252 83.7347
0.0795221 0.0477566 -0.995689 -194.636 -0.00471699 0.998859 0.0475319 4.55122 0.996822 0.000916809 0.0796566 83.8934
0.0905902 0.0507667 -0.994594 -196.816 -0.00990856 0.998696 0.0500737 4.62133 0.99584 0.00531876 0.0909752 84.0745
0.104251 0.0476842 -0.993408 -198.939 -0.0119792 0.998838 0.0466877 4.68812 0.994479 0.00703297 0.104701 84.2789
0.116012 0.0475719 -0.992108 -200.999 -0.00999042 0.998858 0.0467273 4.74747 0.993197 0.00449066 0.116355 84.5062
0.122385 0.0453389 -0.991446 -202.979 -0.0052858 0.998972 0.0450306 4.80159 0.992468 -0.000270453 0.122499 84.7498
0.127452 0.052539 -0.990452 -204.925 -0.00140273 0.998605 0.052791 4.8585 0.991843 -0.00533896 0.127348 84.9948
0.131206 0.0466913 -0.990256 -206.8 0.00205308 0.998875 0.0473697 4.91324 0.991354 -0.00824829 0.130962 85.2433
0.136641 0.0377202 -0.989902 -208.597 -0.00217722 0.999284 0.0377772 4.97477 0.990618 -0.00300667 0.136625 85.4823
0.147266 0.0593077 -0.987318 -210.327 -0.0100625 0.998239 0.0584629 5.01399 0.989046 0.00132523 0.147603 85.7188
0.164772 0.0546454 -0.984817 -211.951 -0.0161729 0.99848 0.0526976 5.07881 0.986199 0.00724431 0.165405 85.9666
0.186772 0.0528854 -0.980979 -213.464 -0.0131942 0.998595 0.051323 5.12347 0.982314 0.00335754 0.187207 86.26
0.249346 0.0364049 -0.96773 -216.172 0.00151867 0.999277 0.037983 5.20223 0.968413 -0.0109406 0.24911 86.9448
0.29653 0.0333081 -0.954442 -219.069 0.0292395 0.998606 0.0439336 5.2639 0.954575 -0.0409351 0.295143 87.8646
0.294816 0.032599 -0.954999 -220.606 0.036851 0.998287 0.045453 5.31091 0.954844 -0.0485929 0.29311 88.3534
0.274033 0.0366158 -0.961023 -222.022 0.0360001 0.998184 0.048297 5.34305 0.961046 -0.0478318 0.272217 88.7562
0.238541 0.0322356 -0.970597 -223.284 0.0400554 0.998272 0.042999 5.38573 0.970306 -0.0491347 0.236837 89.0547
0.155616 0.0357468 -0.987171 -224.919 0.0354672 0.998498 0.041748 5.42458 0.987181 -0.0415089 0.154115 89.2928
0.0778182 0.0387571 -0.996214 -226.493 0.0298738 0.998705 0.0411875 5.46323 0.996519 -0.0329658 0.0765596 89.3978
0.0393637 0.0371733 -0.998534 -228.118 0.0134435 0.999198 0.037728 5.50963 0.999135 -0.0149089 0.0388324 89.4152
0.0386302 0.0388806 -0.998497 -228.973 0.00825924 0.999196 0.0392274 5.53358 0.99922 -0.0097622 0.038278 89.437
0.0453624 0.0395735 -0.998186 -229.841 0.00319058 0.999204 0.0397588 5.55787 0.998965 -0.00498833 0.0452001 89.4693
0.067344 0.0386238 -0.996982 -231.124 -0.00894877 0.999234 0.0381066 5.5974 0.99769 0.0063555 0.067638 89.5466
0.109447 0.0438787 -0.993025 -232.83 -0.0161641 0.998972 0.04236 5.65132 0.993862 0.0114151 0.110044 89.7391
0.188346 0.0388627 -0.981334 -235.87 -0.0219687 0.999133 0.0353512 5.72727 0.981858 0.0149004 0.189036 90.2583
0.0316301 0.0267507 -0.999142 -239.358 -0.00485695 0.999634 0.0266101 5.787 0.999488 0.00401108 0.0317484 90.7356
-0.279132 0.0336509 -0.959663 -241.966 -0.000105877 0.999385 0.0350746 5.86843 0.960253 0.00989203 -0.278956 90.1923
-0.542666 0.0332918 -0.839289 -244.024 0.0220546 0.999434 0.0253842 5.93414 0.839659 -0.00473509 -0.543093 89.0891
-0.68651 0.0432614 -0.725831 -245.17 0.0318744 0.999059 0.0293988 5.95253 0.72642 -0.00295287 -0.687243 87.9622
-0.809206 0.0539574 -0.585044 -246.238 0.0449509 0.998541 0.0299195 5.98643 0.585805 -0.0020872 -0.810451 86.5475
-0.86651 0.0522629 -0.496418 -246.824 0.0436585 0.998628 0.0289287 6.03472 0.497248 0.00339415 -0.867602 85.4313
-0.906458 0.0530504 -0.418955 -247.373 0.0445194 0.998554 0.0301197 6.06449 0.419947 0.00865054 -0.907509 84.1962
-0.935865 0.056006 -0.347875 -247.872 0.0484633 0.998364 0.0303535 6.09997 0.349006 0.0115476 -0.937048 82.8495
-0.955462 0.0598953 -0.288973 -248.31 0.0563224 0.998199 0.0206712 6.13363 0.289691 0.00347488 -0.957114 81.4069
-0.969312 0.0643004 -0.237273 -248.7 0.0635392 0.99792 0.0108622 6.16385 0.237478 -0.00454724 -0.971381 79.8659
-0.979426 0.0756459 -0.187097 -249.044 0.0742122 0.997135 0.014666 6.18158 0.18767 0.000479393 -0.982234 78.2144
-0.986123 0.0751434 -0.14804 -249.301 0.0737597 0.997166 0.0148221 6.20498 0.148734 0.00369708 -0.988871 76.4727
-0.989818 0.0610114 -0.1286 -249.512 0.060466 0.998137 0.00814465 6.22143 0.128857 0.000285791 -0.991663 74.6458
-0.990589 0.0608518 -0.122594 -249.858 0.06021 0.998146 0.00893642 6.24702 0.12291 0.00147097 -0.992416 71.718
-0.990787 0.0634535 -0.119648 -250.117 0.0626784 0.997981 0.0102339 6.26196 0.120056 0.00264026 -0.992765 69.665
-0.99121 0.0627531 -0.116485 -250.366 0.0616553 0.998013 0.0130074 6.27888 0.11707 0.00571113 -0.993109 67.5435
-0.991668 0.0600612 -0.113975 -250.601 0.0585523 0.998147 0.016544 6.29986 0.114758 0.00973257 -0.993347 65.3663
-0.992225 0.0589557 -0.109594 -250.847 0.0574867 0.99821 0.0165181 6.31751 0.110372 0.0100895 -0.993837 63.1485
-0.992655 0.0612149 -0.104365 -251.081 0.060068 0.998095 0.0141 6.3299 0.10503 0.00772744 -0.99444 60.8851
-0.993245 0.0622981 -0.0978783 -251.308 0.0609103 0.997997 0.0171065 6.35518 0.0987479 0.0110292 -0.99505 58.5754
-0.993659 0.0666646 -0.0905401 -251.525 0.0643003 0.997515 0.028787 6.38891 0.0922342 0.0227827 -0.995477 56.2032
-0.994106 0.0694107 -0.0832788 -251.734 0.0675305 0.997399 0.0251878 6.42999 0.0848105 0.0194155 -0.996208 53.8246
-0.994887 0.0612904 -0.080292 -251.912 0.0614963 0.998107 -9.21255e-05 6.44181 0.0801344 -0.00502931 -0.996773 51.4665
-0.995629 0.0569833 -0.0740031 -252.081 0.0562995 0.99835 0.0112957 6.41486 0.0745247 0.00707999 -0.997194 49.1065
-0.996419 0.055253 -0.0640053 -252.233 0.0538104 0.998262 0.0240498 6.435 0.0652228 0.0205195 -0.99766 46.7652
-0.997047 0.0550426 -0.0535901 -252.356 0.0539997 0.998326 0.0207184 6.46366 0.0546408 0.0177633 -0.99835 44.3935
-0.997557 0.0552461 -0.0427858 -252.44 0.0543612 0.998288 0.0215778 6.47912 0.0439047 0.0191992 -0.998853 42.0659
-0.997811 0.0585739 -0.0307157 -252.541 0.0578547 0.998041 0.0238045 6.50112 0.0320498 0.0219754 -0.999245 39.7071
-0.997984 0.0605243 -0.019075 -252.585 0.0600668 0.997913 0.0237116 6.52446 0.0204704 0.022518 -0.999537 37.3847
-0.997909 0.0641209 -0.00832795 -252.625 0.0639159 0.997692 0.0229048 6.55071 0.00977741 0.0223246 -0.999704 35.0501
-0.997807 0.0657399 0.0078609 -252.617 0.0658924 0.997605 0.0210472 6.57098 -0.00645843 0.021519 -0.999749 32.7433
-0.997351 0.0716193 0.0128225 -252.601 0.0718511 0.997241 0.0186385 6.58273 -0.0114523 0.0195104 -0.999746 30.454
-0.996798 0.0767664 0.0224009 -252.561 0.0771869 0.996844 0.0185487 6.59844 -0.0209063 0.0202184 -0.999577 28.1675
-0.996297 0.0799061 0.0317554 -252.498 0.0805368 0.996569 0.0191027 6.61921 -0.03012 0.0215894 -0.999314 25.8871
-0.995784 0.0826439 0.0398456 -252.414 0.083487 0.996309 0.0199768 6.62565 -0.0380476 0.0232191 -0.999008 23.6275
-0.995724 0.0801851 0.0458538 -252.303 0.0809761 0.996593 0.0156575 6.63897 -0.0444421 0.0193037 -0.998824 21.3638
-0.995377 0.0807737 0.0519769 -252.181 0.0816404 0.996552 0.0147703 6.64704 -0.0506047 0.0189454 -0.99854 19.0924
-0.9948 0.0827837 0.0593436 -252.065 0.0836667 0.996415 0.0125481 6.65415 -0.0580921 0.017448 -0.99816 16.7984
-0.994475 0.0814434 0.0662353 -251.912 0.0823856 0.996533 0.0116155 6.65946 -0.0650596 0.0170081 -0.997736 14.5145
-0.994184 0.0785905 0.0736232 -251.755 0.0796825 0.996748 0.0120095 6.65589 -0.0724399 0.0178062 -0.997213 12.2204
-0.993615 0.0790116 0.0805402 -251.566 0.0801775 0.996716 0.0113418 6.65562 -0.0793796 0.0177269 -0.996687 9.91374
-0.993265 0.0796755 0.0841306 -251.47 0.0808535 0.996669 0.0106828 6.6593 -0.0829992 0.0174131 -0.996398 8.75591
-0.99257 0.0799671 0.0917035 -251.269 0.0814429 0.9966 0.0124594 6.65666 -0.0903953 0.0198354 -0.995708 6.41867
-0.992104 0.0775645 0.0985502 -251.034 0.079271 0.996761 0.0135142 6.65322 -0.0971828 0.0212197 -0.995039 4.09679
-0.991757 0.0732947 0.105112 -250.774 0.0748113 0.997142 0.0105535 6.66174 -0.104038 0.01833 -0.994406 1.75385
-0.991394 0.0672541 0.112305 -250.504 0.0686062 0.99761 0.00821474 6.66391 -0.111484 0.0158489 -0.993639 -0.602648
-0.991145 0.0650078 0.115788 -250.354 0.0665689 0.997735 0.0096626 6.66272 -0.114898 0.0172849 -0.993228 -1.78715
-0.990147 0.0633225 0.124898 -250.065 0.0651086 0.997825 0.0102669 6.66428 -0.123976 0.0182977 -0.992117 -4.15859
-0.989628 0.0628007 0.129187 -249.906 0.0644972 0.997877 0.00898609 6.66218 -0.128349 0.0172251 -0.991578 -5.34148
-0.988899 0.0644542 0.133892 -249.745 0.066183 0.997771 0.00849631 6.6554 -0.133046 0.0172634 -0.990961 -6.53953
-0.987393 0.0642239 0.144676 -249.409 0.0667166 0.997694 0.0124392 6.65058 -0.143544 0.0219347 -0.989401 -8.92629
-0.985923 0.0614589 0.155484 -249.031 0.0646403 0.997788 0.0154845 6.65196 -0.154188 0.025317 -0.987716 -11.3179
-0.984246 0.0597498 0.166414 -248.633 0.0625215 0.997978 0.0114618 6.66699 -0.165392 0.0216857 -0.985991 -13.7164
-0.98209 0.0608308 0.178316 -248.217 0.0633185 0.997959 0.00828805 6.66106 -0.177448 0.0194303 -0.983937 -16.12
-0.980408 0.0578688 0.188295 -247.745 0.0610164 0.998077 0.0109584 6.66034 -0.187299 0.0222327 -0.982053 -18.5362
-0.979572 0.0559554 0.193149 -247.496 0.0596959 0.998124 0.0135959 6.66167 -0.192026 0.0248484 -0.981075 -19.7604
-0.978707 0.053389 0.198199 -247.245 0.0575654 0.998223 0.0153655 6.66496 -0.197026 0.0264477 -0.980042 -20.9837
-0.976332 0.0573485 0.208535 -246.75 0.0613692 0.998032 0.0128564 6.6733 -0.207387 0.0253497 -0.977931 -23.4139
-0.974902 0.0613911 0.214 -246.485 0.0652535 0.997808 0.0110243 6.6763 -0.212854 0.0247119 -0.976771 -24.6188
-0.971775 0.0672072 0.226132 -245.937 0.0716319 0.997366 0.0114089 6.66624 -0.22477 0.0272852 -0.97403 -27.0416
-0.96941 0.066985 0.236132 -245.364 0.0726169 0.997244 0.0152253 6.66046 -0.234461 0.0319067 -0.971602 -29.4176
-0.967226 0.0695521 0.244206 -244.765 0.0751538 0.997078 0.0136845 6.66497 -0.24254 0.0315889 -0.969627 -31.8177
-0.965268 0.0731545 0.250802 -244.147 0.0767864 0.997036 0.00471291 6.66075 -0.249714 0.0238074 -0.968025 -34.2078
-0.963133 0.0742132 0.258583 -243.519 0.0788738 0.996855 0.00768138 6.6457 -0.257199 0.0277936 -0.965958 -36.6205
-0.961345 0.0731447 0.265459 -242.86 0.0790295 0.996805 0.0115403 6.63932 -0.263767 0.0320733 -0.964055 -39.0055
-0.959266 0.0737439 0.272705 -242.198 0.0795382 0.996779 0.0102382 6.63643 -0.271072 0.0315116 -0.962042 -41.3846
-0.956409 0.0766398 0.281801 -241.51 0.0815179 0.996656 0.00560967 6.63225 -0.280429 0.0283369 -0.959458 -43.75
-0.953344 0.0790469 0.291352 -240.789 0.0834393 0.996509 0.0026614 6.61168 -0.290124 0.0268474 -0.956612 -46.087
-0.95201 0.0782487 0.295902 -240.414 0.0836661 0.996478 0.00566996 6.60227 -0.294416 0.0301548 -0.955203 -47.2653
-0.948667 0.0807382 0.305802 -239.687 0.0888868 0.99596 0.0127922 6.59524 -0.303533 0.0393172 -0.95201 -49.6185
-0.945528 0.0853523 0.314151 -238.924 0.0932227 0.995594 0.0100857 6.59709 -0.311907 0.0388224 -0.949319 -51.9803
-0.943429 0.086431 0.320106 -238.128 0.0921768 0.995739 0.00281093 6.57845 -0.318499 0.0321583 -0.947376 -54.3149
-0.942072 0.0809484 0.325493 -237.313 0.0871945 0.996181 0.00462187 6.55341 -0.323875 0.0327353 -0.945532 -56.6504
-0.940846 0.0770372 0.329957 -236.486 0.0837072 0.996472 0.00603207 6.53891 -0.328328 0.0332951 -0.943976 -58.9765
-0.939263 0.0767619 0.334507 -235.679 0.0825996 0.996578 0.00323918 6.51703 -0.333113 0.0306725 -0.942389 -61.2825
-0.93788 0.0755192 0.338646 -234.841 0.0826331 0.996558 0.00661626 6.48751 -0.336981 0.0341886 -0.940893 -63.5801
-0.935846 0.0751229 0.344308 -234.004 0.0828781 0.996529 0.00783905 6.47881 -0.342524 0.0358717 -0.938823 -65.8695
-0.933583 0.0748844 0.350446 -233.142 0.0808419 0.996724 0.00237865 6.46439 -0.349119 0.0305514 -0.936579 -68.1411
-0.931052 0.0751811 0.357061 -232.282 0.0816844 0.996653 0.00314474 6.43884 -0.355629 0.0320942 -0.934077 -70.4217
-0.928162 0.0724105 0.365064 -231.392 0.0806151 0.996719 0.00726177 6.41689 -0.36334 0.0361698 -0.930954 -72.6907
-0.926952 0.068804 0.368812 -230.934 0.0768833 0.997014 0.00723606 6.40784 -0.367213 0.0350631 -0.929474 -73.8188
-0.924476 0.0619604 0.376176 -230.015 0.0681428 0.997671 0.00313734 6.39274 -0.375106 0.0285341 -0.926544 -76.069
-0.921407 0.0576275 0.384298 -229.079 0.0626271 0.998037 0.000496184 6.36963 -0.383515 0.0245247 -0.923207 -78.3082
-0.919455 0.05748 0.388972 -228.605 0.0634336 0.997983 0.00246866 6.36108 -0.388045 0.0269437 -0.921246 -79.4179
-0.917354 0.0557541 0.394148 -228.124 0.0635908 0.997953 0.00683848 6.34526 -0.39296 0.0313375 -0.919021 -80.5292
-0.915322 0.0548732 0.398966 -227.633 0.0638003 0.997921 0.00912041 6.34185 -0.397636 0.0338023 -0.91692 -81.6357
-0.913455 0.0536954 0.403386 -227.147 0.0622723 0.998026 0.00816465 6.3409 -0.402151 0.0325778 -0.914995 -82.703
-0.908896 0.0548171 0.413406 -226.167 0.0629671 0.997997 0.00610324 6.32964 -0.412244 0.0315782 -0.910527 -84.9111
-0.904651 0.0546854 0.422629 -225.158 0.0623831 0.998043 0.00439285 6.31662 -0.421562 0.0303389 -0.906291 -87.1156
-0.90295 0.0536816 0.426378 -224.651 0.0608851 0.998139 0.00327084 6.30658 -0.425409 0.0289135 -0.904539 -88.1799
-0.899768 0.0505271 0.433435 -223.626 0.0584699 0.998277 0.00500486 6.28225 -0.432435 0.0298461 -0.901172 -90.3031
-0.895803 0.0530083 0.44128 -222.588 0.0629754 0.997983 0.00795906 6.27561 -0.439968 0.0349195 -0.897334 -92.4379
-0.891949 0.0576724 0.448447 -221.526 0.0683614 0.997631 0.00766855 6.25929 -0.446942 0.0374963 -0.893779 -94.5607
-0.887961 0.0598289 0.456009 -220.448 0.0725311 0.997312 0.0103874 6.24348 -0.454162 0.0422985 -0.889914 -96.6784
-0.884117 0.0636005 0.462917 -219.366 0.0742036 0.997232 0.00470965 6.23018 -0.461337 0.038514 -0.886389 -98.7642
-0.880375 0.0607796 0.470367 -218.241 0.072124 0.997377 0.00611434 6.21593 -0.468762 0.0393077 -0.88245 -100.872
-0.876895 0.0584279 0.477121 -217.095 0.0683881 0.997653 0.00351766 6.20137 -0.475795 0.035714 -0.878832 -102.974
-0.872781 0.0580649 0.484649 -215.929 0.0661451 0.99781 -0.000428463 6.18577 -0.483613 0.0316832 -0.87471 -105.081
-0.86841 0.0635842 0.491751 -214.745 0.0701862 0.997521 -0.00503521 6.15461 -0.490853 0.0301416 -0.87072 -107.18
-0.863015 0.0690031 0.500439 -213.556 0.0778016 0.996963 -0.00329605 6.12202 -0.499147 0.0360905 -0.865763 -109.293
-0.858216 0.0715299 0.50828 -212.307 0.0787541 0.996867 -0.0073145 6.08376 -0.507211 0.0337517 -0.86116 -111.413
-0.85567 0.0711261 0.512614 -211.679 0.0784807 0.996889 -0.00731813 6.06345 -0.51154 0.0339684 -0.85859 -112.471
-0.85131 0.0673448 0.520322 -210.404 0.0774728 0.996992 -0.00228464 6.02638 -0.518911 0.0383659 -0.853967 -114.557
-0.849045 0.064937 0.524313 -209.754 0.0746122 0.997209 -0.00268282 6.00381 -0.523024 0.0368423 -0.851521 -115.604
-0.847117 0.0624573 0.527725 -209.091 0.0705976 0.997494 -0.00473047 5.98992 -0.526698 0.0332488 -0.849404 -116.647
-0.845367 0.0592356 0.530893 -208.431 0.0657814 0.997812 -0.00658628 5.97442 -0.530122 0.0293551 -0.847415 -117.668
-0.843322 0.0560372 0.534482 -207.775 0.0635452 0.997969 -0.00436778 5.94247 -0.533642 0.0302803 -0.84517 -118.691
-0.841293 0.0550489 0.537769 -207.11 0.0634231 0.997982 -0.00293873 5.92037 -0.536846 0.0316347 -0.843087 -119.723
-0.836763 0.05434 0.54486 -205.78 0.063135 0.998002 -0.00257369 5.88094 -0.543911 0.0322462 -0.838522 -121.766
-0.832932 0.0494039 0.551163 -204.442 0.0596304 0.99822 0.000638867 5.84773 -0.550151 0.0333982 -0.834395 -123.805
-0.829329 0.0450331 0.556942 -203.069 0.0545417 0.998511 0.000479316 5.81751 -0.556092 0.0307741 -0.83055 -125.828
-0.824572 0.0485942 0.563665 -201.709 0.0563651 0.998404 -0.00361833 5.78542 -0.562941 0.0287875 -0.825995 -127.834
-0.820532 0.0491596 0.569482 -200.331 0.0530597 0.998544 -0.00974711 5.74583 -0.569132 0.0222188 -0.821945 -129.814
-0.818992 0.0458965 0.571965 -199.634 0.0516098 0.998648 -0.00623541 5.71946 -0.571477 0.0244122 -0.820253 -130.794
-0.813978 0.0465429 0.579026 -198.247 0.0545115 0.998507 -0.00363053 5.67607 -0.57833 0.0286084 -0.815299 -132.749
-0.807484 0.0476884 0.587957 -196.857 0.0548282 0.99848 -0.00568575 5.63467 -0.587334 0.0276454 -0.808871 -134.69
-0.802218 0.0425209 0.595517 -195.424 0.0528427 0.998603 -0.000117868 5.59621 -0.59469 0.0313742 -0.803344 -136.626
-0.795767 0.0475091 0.603734 -193.988 0.0597916 0.998211 0.000258686 5.56953 -0.602642 0.0363041 -0.797184 -138.547
-0.789051 0.0482451 0.612432 -192.539 0.0614983 0.998107 0.000606601 5.54564 -0.611243 0.0381422 -0.790524 -140.438
-0.782953 0.0429059 0.620597 -191.045 0.0567027 0.998388 0.00251194 5.52368 -0.619489 0.0371563 -0.784124 -142.327
-0.77678 0.0493317 0.627836 -189.538 0.0603611 0.99817 -0.00374958 5.50061 -0.626872 0.0349843 -0.778336 -144.2
-0.77117 0.0533817 0.634391 -188.022 0.063881 0.997938 -0.00631894 5.46938 -0.63342 0.0356525 -0.77299 -146.074
-0.766149 0.0516255 0.640585 -186.458 0.0628919 0.998007 -0.00521071 5.43079 -0.639577 0.0362955 -0.767869 -147.961
-0.760708 0.0520031 0.647005 -184.868 0.0658521 0.997826 -0.00277535 5.39151 -0.645743 0.0404955 -0.762478 -149.845
-0.75466 0.0591613 0.653445 -183.274 0.06976 0.997516 -0.00974735 5.36003 -0.652398 0.0382283 -0.756912 -151.717
-0.748957 0.058358 0.660043 -181.645 0.066641 0.997698 -0.0125936 5.31616 -0.659258 0.0345539 -0.751121 -153.582
-0.744022 0.0539929 0.665968 -179.974 0.0595879 0.99812 -0.01435 5.25918 -0.665491 0.029007 -0.74584 -155.434
-0.738059 0.0515643 0.672764 -178.294 0.0587751 0.998199 -0.0120279 5.19879 -0.672172 0.0306645 -0.73976 -157.266
-0.732273 0.0496171 0.679201 -176.591 0.0579694 0.998264 -0.0104262 5.14045 -0.678539 0.031738 -0.733878 -159.109
-0.729479 0.049928 0.682178 -175.726 0.0578546 0.998262 -0.0111957 5.11628 -0.681551 0.0313001 -0.7311 -160.025
-0.72306 0.0466984 0.689204 -173.998 0.0564651 0.998369 -0.00840755 5.05817 -0.688472 0.0328368 -0.724517 -161.838
-0.716212 0.0507345 0.696034 -172.27 0.0578608 0.998237 -0.0132239 5.00683 -0.695478 0.0308019 -0.717885 -163.659
-0.706978 0.0472203 0.705658 -169.555 0.0575298 0.998302 -0.0091658 4.92308 -0.704893 0.0341163 -0.708494 -166.399
-0.701757 0.0416757 0.711196 -167.732 0.0499533 0.998709 -0.00923347 4.8678 -0.710663 0.0290469 -0.702932 -168.202
-0.698031 0.0384439 0.715035 -165.867 0.0416531 0.999047 -0.0130513 4.81476 -0.714855 0.0206732 -0.698967 -170.008
-0.694017 0.0375542 0.718977 -163.987 0.041605 0.999062 -0.0120231 4.75268 -0.718754 0.0215688 -0.694928 -171.824
-0.691484 0.0384839 0.721366 -162.12 0.0453534 0.998923 -0.0098165 4.69583 -0.720967 0.0259285 -0.692485 -173.625
-0.689398 0.0339048 0.723587 -160.209 0.0395802 0.999175 -0.00910782 4.64749 -0.723298 0.0223608 -0.690171 -175.415
-0.687972 0.0320297 0.72503 -158.3 0.0329656 0.999374 -0.0128687 4.59854 -0.724988 0.0150478 -0.688597 -177.215
-0.686613 0.026079 0.726556 -156.368 0.0293542 0.999536 -0.00813691 4.54473 -0.726431 0.0157406 -0.68706 -179.015
-0.686813 0.0171204 0.726631 -154.433 0.0217376 0.999759 -0.00300924 4.50565 -0.726508 0.0137284 -0.68702 -180.815
-0.689361 0.0206814 0.724123 -152.517 0.0250033 0.999676 -0.00474827 4.46292 -0.723986 0.0148322 -0.689655 -182.614
-0.690439 0.0359151 0.722499 -150.625 0.0439318 0.999005 -0.0076777 4.41443 -0.722056 0.0264397 -0.69133 -184.447
-0.691947 0.0436468 0.720625 -148.739 0.0564274 0.998387 -0.00628823 4.36177 -0.719737 0.036312 -0.693294 -186.282
-0.694293 0.0435472 0.718373 -146.876 0.0558051 0.99842 -0.00658886 4.31535 -0.717525 0.0355143 -0.695626 -188.096
-0.696721 0.0395977 0.71625 -144.991 0.0494634 0.998751 -0.00710101 4.27212 -0.715636 0.0304808 -0.697809 -189.899
-0.698305 0.0385167 0.714761 -143.109 0.044384 0.99896 -0.0104693 4.21773 -0.714421 0.0244132 -0.699288 -191.712
-0.698651 0.0441775 0.714097 -141.232 0.0467869 0.998777 -0.0160142 4.15653 -0.713931 0.022222 -0.699863 -193.548
-0.698024 0.0499015 0.714333 -139.377 0.0543288 0.998384 -0.0166562 4.07439 -0.71401 0.0271824 -0.699607 -195.372
-0.696764 0.0511863 0.715473 -137.519 0.0614032 0.998046 -0.0116046 4.00647 -0.714668 0.0358467 -0.698545 -197.183
-0.694928 0.0550328 0.716968 -135.679 0.0651953 0.997783 -0.0133961 3.95353 -0.716115 0.0374337 -0.696975 -198.972
