0.999636 0.0165481 -0.0213066 -7.75659 -0.0169864 0.999644 -0.0205608 -1.72912 0.0209588 0.0209152 0.999562 285.037
0.999636 0.0165481 -0.0213066 -7.81889 -0.0169864 0.999644 -0.0205608 -1.80457 0.0209588 0.0209152 0.999562 287.505
0.999683 0.0158849 -0.019548 -7.86928 -0.0164574 0.99943 -0.0294822 -1.89793 0.0190686 0.0297946 0.999374 289.982
0.999683 0.0158849 -0.019548 -7.91961 -0.0164574 0.99943 -0.0294822 -1.99808 0.0190686 0.0297946 0.999374 292.457
0.999683 0.0158849 -0.019548 -7.9812 -0.0164574 0.99943 -0.0294822 -2.09306 0.0190686 0.0297946 0.999374 294.968
0.999612 0.0209048 -0.0183887 -8.0525 -0.0212725 0.999573 -0.0200327 -2.18074 0.0179621 0.0204161 0.99963 297.484
0.999452 0.0277475 -0.0180307 -8.12724 -0.0282339 0.999228 -0.0273043 -2.26483 0.0172591 0.0277985 0.999465 299.993
0.999216 0.0347388 -0.0189808 -8.18919 -0.0353901 0.998756 -0.0351294 -2.3525 0.0177369 0.0357736 0.999203 302.495
0.999216 0.0347388 -0.0189808 -8.25527 -0.0353901 0.998756 -0.0351294 -2.47163 0.0177369 0.0357736 0.999203 304.993
0.999216 0.0347388 -0.0189808 -8.31406 -0.0353901 0.998756 -0.0351294 -2.57888 0.0177369 0.0357736 0.999203 307.54
0.999216 0.0347388 -0.0189808 -8.37471 -0.0353901 0.998756 -0.0351294 -2.69185 0.0177369 0.0357736 0.999203 310.075
0.999216 0.0347388 -0.0189808 -8.44044 -0.0353901 0.998756 -0.0351294 -2.80668 0.0177369 0.0357736 0.999203 312.612
0.999216 0.0347388 -0.0189808 -8.51708 -0.0353901 0.998756 -0.0351294 -2.92585 0.0177369 0.0357736 0.999203 315.152
0.999216 0.0347388 -0.0189808 -8.56329 -0.0353901 0.998756 -0.0351294 -3.05319 0.0177369 0.0357736 0.999203 317.683
0.999216 0.0347388 -0.0189808 -8.628 -0.0353901 0.998756 -0.0351294 -3.17182 0.0177369 0.0357736 0.999203 320.198
0.999216 0.0347388 -0.0189808 -8.68813 -0.0353901 0.998756 -0.0351294 -3.29666 0.0177369 0.0357736 0.999203 322.719
0.999216 0.0347388 -0.0189808 -8.74814 -0.0353901 0.998756 -0.0351294 -3.41526 0.0177369 0.0357736 0.999203 325.212
0.999216 0.0347388 -0.0189808 -8.80862 -0.0353901 0.998756 -0.0351294 -3.53533 0.0177369 0.0357736 0.999203 327.704
0.999386 0.0284659 -0.0204242 -8.85214 -0.0290492 0.999161 -0.0288536 -3.63332 0.0195858 0.0294292 0.999375 330.2
0.999539 0.0203415 -0.0225222 -8.90574 -0.0210946 0.999209 -0.0337224 -3.75426 0.0218184 0.034182 0.999177 332.648
0.999539 0.0203415 -0.0225222 -8.96658 -0.0210946 0.999209 -0.0337224 -3.87023 0.0218184 0.034182 0.999177 335.051
0.999539 0.0203415 -0.0225222 -9.01191 -0.0210946 0.999209 -0.0337224 -3.97685 0.0218184 0.034182 0.999177 337.412
0.999539 0.0203415 -0.0225222 -9.10322 -0.0210946 0.999209 -0.0337224 -4.14578 0.0218184 0.034182 0.999177 340.847
0.999539 0.0203415 -0.0225222 -9.16949 -0.0210946 0.999209 -0.0337224 -4.26094 0.0218184 0.034182 0.999177 343.033
0.999539 0.0203415 -0.0225222 -9.24156 -0.0210946 0.999209 -0.0337224 -4.42356 0.0218184 0.034182 0.999177 346.213
0.999539 0.0203415 -0.0225222 -9.30649 -0.0210946 0.999209 -0.0337224 -4.57881 0.0218184 0.034182 0.999177 349.234
0.999539 0.0203415 -0.0225222 -9.34021 -0.0210946 0.999209 -0.0337224 -4.6784 0.0218184 0.034182 0.999177 351.173
0.999539 0.0203415 -0.0225222 -9.36948 -0.0210946 0.999209 -0.0337224 -4.77139 0.0218184 0.034182 0.999177 353.02
0.999539 0.0203415 -0.0225222 -9.41278 -0.0210946 0.999209 -0.0337224 -4.86187 0.0218184 0.034182 0.999177 354.769
0.999582 0.0217616 -0.0190095 -9.44802 -0.0225427 0.998868 -0.0418896 -4.95449 0.0180764 0.0423006 0.998941 356.403
0.999582 0.0217616 -0.0190095 -9.47773 -0.0225427 0.998868 -0.0418896 -5.04425 0.0180764 0.0423006 0.998941 357.947
0.999582 0.0217616 -0.0190095 -9.51854 -0.0225427 0.998868 -0.0418896 -5.17409 0.0180764 0.0423006 0.998941 360.069
0.998939 0.0287721 -0.0359585 -9.60082 -0.0304428 0.99844 -0.0468134 -5.29247 0.0345554 0.0478584 0.998256 361.944
0.995195 0.0335337 -0.0919911 -9.78877 -0.0375558 0.998397 -0.0423453 -5.42972 0.0904237 0.0455966 0.994859 364.148
0.950987 0.0338127 -0.307378 -10.4626 -0.0417911 0.998938 -0.0194093 -5.54955 0.306395 0.0313037 0.951389 366.494
0.83274 0.0551134 -0.550914 -11.4796 -0.0525894 0.998408 0.0203886 -5.57501 0.55116 0.0119938 0.834313 368.024
0.5661 0.0736111 -0.821043 -13.2655 -0.0487064 0.997252 0.0558267 -5.49579 0.822896 0.00838659 0.568129 369.452
0.195035 0.0526318 -0.979383 -15.6976 -0.0103176 0.998614 0.0516106 -5.34743 0.980742 3.89225e-05 0.195308 370.171
0.0022674 0.062938 -0.998014 -17.3717 -0.0071101 0.997993 0.0629205 -5.245 0.999971 0.00695339 0.00271034 370.157
-0.112408 0.066879 -0.99141 -19.0855 -0.0145029 0.997516 0.0689353 -5.13292 0.993557 0.0221271 -0.111159 369.914
-0.158131 0.0792529 -0.984233 -21.5436 -0.0225959 0.996222 0.0838487 -4.95877 0.98716 0.0354987 -0.155743 369.476
-0.157996 0.0546593 -0.985926 -24.2183 -0.015623 0.998203 0.0578436 -4.76474 0.987317 0.0245422 -0.156858 369.053
-0.149982 0.0604856 -0.986837 -26.4599 -0.0193469 0.997756 0.0640953 -4.63374 0.9885 0.0287054 -0.148475 368.705
-0.136303 0.0575874 -0.988992 -28.0413 -0.0335753 0.997467 0.0627083 -4.53439 0.990098 0.0417531 -0.134025 368.46
-0.116742 0.0588005 -0.991421 -29.701 -0.0430123 0.99701 0.0641968 -4.42931 0.992231 0.0501377 -0.113864 368.247
-0.0967036 0.0655662 -0.993152 -31.4401 -0.0526411 0.996094 0.0708861 -4.31908 0.993921 0.0591355 -0.0928745 368.057
-0.0710412 0.0643742 -0.995393 -34.1877 -0.0513684 0.996355 0.0681025 -4.13281 0.996149 0.0559699 -0.0674754 367.847
-0.0605227 0.076273 -0.99525 -37.0999 -0.0462679 0.99579 0.079128 -3.93162 0.997095 0.050837 -0.0567389 367.665
-0.0605227 0.076273 -0.99525 -39.0843 -0.0462679 0.99579 0.079128 -3.78763 0.997095 0.050837 -0.0567389 367.537
-0.0605227 0.076273 -0.99525 -42.1696 -0.0462679 0.99579 0.079128 -3.56892 0.997095 0.050837 -0.0567389 367.35
-0.0605227 0.076273 -0.99525 -44.2869 -0.0462679 0.99579 0.079128 -3.4192 0.997095 0.050837 -0.0567389 367.224
-0.0605227 0.076273 -0.99525 -46.4241 -0.0462679 0.99579 0.079128 -3.26465 0.997095 0.050837 -0.0567389 367.093
-0.0605227 0.076273 -0.99525 -48.582 -0.0462679 0.99579 0.079128 -3.11733 0.997095 0.050837 -0.0567389 366.966
-0.0605227 0.076273 -0.99525 -50.7411 -0.0462679 0.99579 0.079128 -2.9693 0.997095 0.050837 -0.0567389 366.827
-0.0605227 0.076273 -0.99525 -52.9223 -0.0462679 0.99579 0.079128 -2.8118 0.997095 0.050837 -0.0567389 366.683
-0.0605227 0.076273 -0.99525 -55.0951 -0.0462679 0.99579 0.079128 -2.65748 0.997095 0.050837 -0.0567389 366.534
-0.0605227 0.076273 -0.99525 -57.2564 -0.0462679 0.99579 0.079128 -2.51419 0.997095 0.050837 -0.0567389 366.399
-0.0605227 0.076273 -0.99525 -59.4554 -0.0462679 0.99579 0.079128 -2.36118 0.997095 0.050837 -0.0567389 366.262
-0.0605227 0.076273 -0.99525 -61.6038 -0.0462679 0.99579 0.079128 -2.21578 0.997095 0.050837 -0.0567389 366.124
-0.0605227 0.076273 -0.99525 -63.7484 -0.0462679 0.99579 0.079128 -2.07598 0.997095 0.050837 -0.0567389 365.981
-0.0605227 0.076273 -0.99525 -65.8871 -0.0462679 0.99579 0.079128 -1.93065 0.997095 0.050837 -0.0567389 365.849
-0.0505796 0.0708042 -0.996207 -69.0517 -0.0485301 0.996131 0.0732628 -1.73002 0.99754 0.0520516 -0.0469477 365.667
-0.0505796 0.0708042 -0.996207 -71.1512 -0.0485301 0.996131 0.0732628 -1.60547 0.99754 0.0520516 -0.0469477 365.565
-0.0399549 0.0802531 -0.995974 -74.24 -0.0491451 0.995405 0.0821788 -1.4145 0.997993 0.0522306 -0.0358272 365.45
-0.0300503 0.0733998 -0.99685 -77.1804 -0.0434624 0.996261 0.0746666 -1.2324 0.998603 0.0455692 -0.0267478 365.353
-0.0300503 0.0733998 -0.99685 -79.0479 -0.0434624 0.996261 0.0746666 -1.13176 0.998603 0.0455692 -0.0267478 365.3
-0.0300503 0.0733998 -0.99685 -81.7212 -0.0434624 0.996261 0.0746666 -0.981571 0.998603 0.0455692 -0.0267478 365.217
-0.0431592 0.0732143 -0.996381 -84.3331 -0.0309616 0.996734 0.0745813 -0.826135 0.998588 0.0340685 -0.0407514 365.131
-0.0780652 0.072861 -0.994282 -86.938 -0.0262681 0.996829 0.0751101 -0.656157 0.996602 0.0319814 -0.0759038 364.967
-0.11588 0.0577005 -0.991585 -89.5115 -0.0308532 0.99762 0.0616572 -0.496137 0.992784 0.0377384 -0.113824 364.682
-0.133081 0.0551941 -0.989568 -92.1266 -0.0394133 0.997364 0.0609294 -0.358046 0.990322 0.0471106 -0.130555 364.314
-0.133081 0.0551941 -0.989568 -94.8031 -0.0394133 0.997364 0.0609294 -0.212509 0.990322 0.0471106 -0.130555 363.926
-0.126931 0.0831006 -0.988424 -97.6209 -0.0442682 0.995017 0.0893397 -0.0314745 0.990922 0.0550958 -0.12262 363.572
-0.116483 0.0790366 -0.990042 -99.5561 -0.0566627 0.994676 0.0860732 0.131375 0.991574 0.0661246 -0.111385 363.323
-0.103725 0.0687704 -0.992226 -101.545 -0.060505 0.995323 0.0753101 0.300665 0.992764 0.0678461 -0.0990788 363.099
-0.0923503 0.0830298 -0.992259 -103.652 -0.0545716 0.994598 0.0883045 0.462883 0.99423 0.0623041 -0.0873203 362.913
-0.0847035 0.0634127 -0.994387 -105.789 -0.0563598 0.99607 0.0683209 0.634293 0.994811 0.0618304 -0.0807967 362.734
-0.0761647 0.0708487 -0.994575 -107.967 -0.0691924 0.994692 0.0761558 0.773447 0.994692 0.0746174 -0.0708582 362.538
-0.0651179 0.0538535 -0.996424 -110.203 -0.069192 0.995896 0.0583467 0.91175 0.995477 0.0727439 -0.0611245 362.378
-0.0534939 0.0535622 -0.99713 -112.508 -0.0577086 0.996726 0.0566365 1.03765 0.996899 0.0605727 -0.0502277 362.256
-0.0410947 0.0721064 -0.99655 -114.874 -0.0551116 0.995711 0.0743183 1.17316 0.997634 0.0579755 -0.0369445 362.155
-0.0323022 0.069313 -0.997072 -117.229 -0.0564608 0.995873 0.0710588 1.32889 0.997882 0.0585909 -0.0282554 362.071
-0.0323022 0.069313 -0.997072 -119.566 -0.0564608 0.995873 0.0710588 1.46696 0.997882 0.0585909 -0.0282554 362.008
-0.0323022 0.069313 -0.997072 -121.911 -0.0564608 0.995873 0.0710588 1.61521 0.997882 0.0585909 -0.0282554 361.926
-0.0360134 0.0586399 -0.99763 -124.234 -0.0469882 0.997074 0.0603034 1.74574 0.998247 0.0490485 -0.0331526 361.851
-0.0483677 0.0570358 -0.997199 -126.568 -0.0321139 0.997763 0.0586257 1.85792 0.998313 0.0348596 -0.0464279 361.77
-0.0622757 0.0647277 -0.995958 -128.887 -0.032936 0.997218 0.066869 1.97266 0.997515 0.0369672 -0.0599706 361.634
-0.0723673 0.057488 -0.995719 -131.184 -0.0441746 0.997173 0.0607825 2.1036 0.996399 0.0483842 -0.0696233 361.459
-0.0723673 0.057488 -0.995719 -133.495 -0.0441746 0.997173 0.0607825 2.21803 0.996399 0.0483842 -0.0696233 361.282
-0.0757181 0.0714092 -0.994569 -135.808 -0.037299 0.996531 0.0743897 2.3394 0.996432 0.0427291 -0.0727919 361.114
-0.0757181 0.0714092 -0.994569 -136.948 -0.037299 0.996531 0.0743897 2.41132 0.996432 0.0427291 -0.0727919 361.023
-0.076351 0.0576944 -0.995411 -139.203 -0.0436731 0.997173 0.0611464 2.54132 0.996124 0.0481413 -0.0736154 360.839
-0.076351 0.0576944 -0.995411 -140.34 -0.0436731 0.997173 0.0611464 2.60438 0.996124 0.0481413 -0.0736154 360.754
-0.076351 0.0576944 -0.995411 -141.476 -0.0436731 0.997173 0.0611464 2.65755 0.996124 0.0481413 -0.0736154 360.663
-0.0823971 0.0676232 -0.994303 -143.735 -0.0360987 0.996838 0.0707871 2.78392 0.995946 0.0417257 -0.0796955 360.506
-0.0823971 0.0676232 -0.994303 -145.975 -0.0360987 0.996838 0.0707871 2.91559 0.995946 0.0417257 -0.0796955 360.3
-0.0823971 0.0676232 -0.994303 -147.084 -0.0360987 0.996838 0.0707871 2.97435 0.995946 0.0417257 -0.0796955 360.196
-0.0868693 0.0593284 -0.994451 -149.285 -0.0372244 0.997335 0.0627522 3.09687 0.995523 0.0424692 -0.0844293 360.002
-0.0904153 0.071832 -0.99331 -152.633 -0.0316584 0.996684 0.0749577 3.27167 0.9954 0.038224 -0.0878414 359.696
-0.0904153 0.071832 -0.99331 -154.818 -0.0316584 0.996684 0.0749577 3.41256 0.9954 0.038224 -0.0878414 359.494
-0.0904153 0.071832 -0.99331 -158.073 -0.0316584 0.996684 0.0749577 3.60696 0.9954 0.038224 -0.0878414 359.187
-0.0900785 0.0620484 -0.994 -160.2 -0.0267822 0.997546 0.0646968 3.72863 0.995575 0.0324493 -0.0881957 358.986
-0.0900785 0.0620484 -0.994 -162.336 -0.0267822 0.997546 0.0646968 3.84483 0.995575 0.0324493 -0.0881957 358.79
-0.0900785 0.0620484 -0.994 -164.44 -0.0267822 0.997546 0.0646968 3.95404 0.995575 0.0324493 -0.0881957 358.589
-0.0852109 0.0542136 -0.994888 -166.525 -0.0403886 0.99751 0.0578157 4.05825 0.995545 0.0451085 -0.0828091 358.371
-0.0771016 0.0597474 -0.995231 -168.651 -0.0447388 0.99699 0.0633189 4.16116 0.996019 0.0494075 -0.0741965 358.168
-0.0635358 0.0563055 -0.996389 -171.848 -0.0348622 0.997673 0.058601 4.32708 0.99737 0.0384597 -0.061425 357.963
-0.0547935 0.0529286 -0.997094 -174.003 -0.0256046 0.998191 0.0543939 4.4293 0.998169 0.0285106 -0.0533392 357.84
-0.0482497 0.0647078 -0.996736 -176.166 -0.0143623 0.997751 0.0654689 4.53578 0.998731 0.0174743 -0.0472119 357.743
-0.0482497 0.0647078 -0.996736 -178.352 -0.0143623 0.997751 0.0654689 4.66503 0.998731 0.0174743 -0.0472119 357.645
-0.0482497 0.0647078 -0.996736 -179.434 -0.0143623 0.997751 0.0654689 4.72118 0.998731 0.0174743 -0.0472119 357.58
-0.0428196 0.0667774 -0.996848 -181.616 -0.0267714 0.997329 0.0679595 4.8452 0.998724 0.0295971 -0.0409175 357.455
-0.0340597 0.0619942 -0.997495 -183.836 -0.0374113 0.997296 0.0632592 4.97779 0.99872 0.0394722 -0.0316483 357.346
-0.0241855 0.0646396 -0.997615 -186.072 -0.0419937 0.996961 0.0656153 5.09878 0.998824 0.0434805 -0.0213976 357.257
-0.0241855 0.0646396 -0.997615 -188.346 -0.0419937 0.996961 0.0656153 5.22912 0.998824 0.0434805 -0.0213976 357.219
-0.0241855 0.0646396 -0.997615 -190.622 -0.0419937 0.996961 0.0656153 5.35641 0.998824 0.0434805 -0.0213976 357.17
-0.0241855 0.0646396 -0.997615 -192.894 -0.0419937 0.996961 0.0656153 5.47483 0.998824 0.0434805 -0.0213976 357.117
-0.0241855 0.0646396 -0.997615 -195.163 -0.0419937 0.996961 0.0656153 5.59331 0.998824 0.0434805 -0.0213976 357.064
-0.0241855 0.0646396 -0.997615 -197.414 -0.0419937 0.996961 0.0656153 5.70979 0.998824 0.0434805 -0.0213976 357.013
-0.0241855 0.0646396 -0.997615 -199.669 -0.0419937 0.996961 0.0656153 5.82656 0.998824 0.0434805 -0.0213976 356.962
-0.0241855 0.0646396 -0.997615 -201.898 -0.0419937 0.996961 0.0656153 5.94006 0.998824 0.0434805 -0.0213976 356.915
-0.0159549 0.0709526 -0.997352 -204.117 -0.0424598 0.996531 0.0715734 6.05964 0.998971 0.0434893 -0.0128869 356.867
-0.00496531 0.0735242 -0.997281 -206.302 -0.0479111 0.996131 0.073678 6.18218 0.998839 0.0481466 -0.00142347 356.844
0.00870805 0.0702971 -0.997488 -208.433 -0.0503008 0.996294 0.0697738 6.29904 0.998696 0.0495669 0.0122118 356.849
0.0205801 0.0704274 -0.997304 -210.502 -0.0485869 0.996408 0.0693615 6.4059 0.998607 0.0470285 0.023928 356.884
0.0205801 0.0704274 -0.997304 -212.495 -0.0485869 0.996408 0.0693615 6.50484 0.998607 0.0470285 0.023928 356.941
0.0257824 0.0780949 -0.996611 -214.454 -0.0448323 0.996031 0.0768896 6.60936 0.998661 0.0426981 0.0291812 356.991
0.0257824 0.0780949 -0.996611 -216.342 -0.0448323 0.996031 0.0768896 6.70947 0.998661 0.0426981 0.0291812 357.052
0.0311296 0.0686366 -0.997157 -218.152 -0.0492186 0.996534 0.0670572 6.82456 0.998304 0.0469911 0.0343999 357.105
0.0416125 0.0896034 -0.995108 -219.895 -0.0574013 0.99454 0.0871519 6.91508 0.997484 0.0534939 0.0465286 357.162
0.0591251 0.0843523 -0.994681 -221.534 -0.064003 0.994694 0.080549 7.02695 0.996197 0.0589 0.0642102 357.242
0.0814939 0.0830157 -0.99321 -223.067 -0.0616449 0.995037 0.0781104 7.11278 0.994765 0.0548609 0.0862069 357.378
0.145609 0.0681666 -0.986991 -225.828 -0.048586 0.996912 0.061684 7.25841 0.988148 0.0389722 0.148471 357.78
0.194825 0.0682352 -0.978461 -228.802 -0.021994 0.99763 0.0651927 7.38369 0.980591 0.00881921 0.195864 358.395
0.194825 0.0682352 -0.978461 -230.381 -0.021994 0.99763 0.0651927 7.46442 0.980591 0.00881921 0.195864 358.723
0.173492 0.0721452 -0.982189 -231.829 -0.022402 0.997344 0.0693014 7.52748 0.98458 0.00997981 0.174647 358.98
0.13737 0.067931 -0.988188 -233.114 -0.0175357 0.997656 0.0661442 7.60077 0.990365 0.00824227 0.138239 359.149
0.0530374 0.0706338 -0.996091 -234.762 -0.0199618 0.997371 0.0696616 7.68676 0.998393 0.0161891 0.054308 359.22
-0.0254448 0.0727425 -0.997026 -236.337 -0.0231968 0.997038 0.0733353 7.77705 0.999407 0.0249938 -0.023682 359.166
-0.0644513 0.0693046 -0.995512 -237.953 -0.0383336 0.996677 0.0718675 7.88135 0.997185 0.0427934 -0.0615805 359.019
-0.0644513 0.0693046 -0.995512 -238.805 -0.0383336 0.996677 0.0718675 7.93515 0.997185 0.0427934 -0.0615805 358.955
-0.0644513 0.0693046 -0.995512 -239.669 -0.0383336 0.996677 0.0718675 7.98784 0.997185 0.0427934 -0.0615805 358.9
-0.042831 0.0671162 -0.996826 -240.952 -0.0511532 0.996285 0.0692777 8.06792 0.997772 0.053958 -0.0392387 358.839
-0.000789045 0.0717736 -0.99742 -242.667 -0.0596381 0.995642 0.0716929 8.17212 0.998219 0.0595409 0.00349484 358.848
0.0787441 0.0664124 -0.99468 -245.742 -0.0676396 0.995835 0.0611348 8.33065 0.994597 0.0624658 0.0829083 359.037
-0.0783881 0.0555886 -0.995372 -249.257 -0.0459233 0.997183 0.0593063 8.48988 0.995865 0.0503597 -0.0756144 359.136
-0.382693 0.061792 -0.921806 -251.787 -0.0290324 0.996464 0.0788495 8.68172 0.923419 0.0569375 -0.379545 358.317
-0.630638 0.0630412 -0.773512 -253.708 0.00689222 0.997111 0.0756454 8.86153 0.776046 0.0423737 -0.629251 357.001
-0.76084 0.0727401 -0.644851 -254.723 0.0261248 0.996326 0.0815632 8.96398 0.648415 0.0452099 -0.759945 355.759
-0.866924 0.0832571 -0.491438 -255.628 0.0489871 0.995409 0.0822217 9.0908 0.496027 0.0472058 -0.867023 354.239
-0.914181 0.0809741 -0.39714 -256.085 0.0531908 0.995334 0.0805017 9.20361 0.401805 0.0524688 -0.914223 353.069
-0.945359 0.0811773 -0.315759 -256.495 0.0585036 0.995024 0.0806513 9.30147 0.320735 0.0577715 -0.945404 351.784
-0.966679 0.0837904 -0.241887 -256.842 0.0662819 0.994617 0.0796488 9.40777 0.247259 0.0609622 -0.967029 350.394
-0.979409 0.0885354 -0.181443 -257.117 0.0771711 0.994643 0.0687772 9.51401 0.186561 0.0533587 -0.980995 348.916
-0.987225 0.0937838 -0.128793 -257.336 0.0869386 0.994536 0.0577924 9.61916 0.133509 0.0458572 -0.989985 347.344
-0.991491 0.104481 -0.0776282 -257.495 0.0999347 0.993164 0.0603169 9.71465 0.0833995 0.052046 -0.995154 345.668
-0.993887 0.103629 -0.0380781 -257.559 0.101269 0.993084 0.0594072 9.81646 0.0439711 0.0551879 -0.997508 343.911
-0.995769 0.0899922 -0.0186434 -257.568 0.0889159 0.994671 0.05219 9.91318 0.0232408 0.0503115 -0.998464 342.074
-0.995769 0.0899922 -0.0186434 -257.59 0.0889159 0.994671 0.05219 10.0677 0.0232408 0.0503115 -0.998464 339.13
-0.995769 0.0899922 -0.0186434 -257.633 0.0889159 0.994671 0.05219 10.1723 0.0232408 0.0503115 -0.998464 337.064
-0.995769 0.0899922 -0.0186434 -257.667 0.0889159 0.994671 0.05219 10.2787 0.0232408 0.0503115 -0.998464 334.931
-0.995769 0.0899922 -0.0186434 -257.688 0.0889159 0.994671 0.05219 10.3849 0.0232408 0.0503115 -0.998464 332.743
-0.995769 0.0899922 -0.0186434 -257.722 0.0889159 0.994671 0.05219 10.4819 0.0232408 0.0503115 -0.998464 330.514
-0.995769 0.0899922 -0.0186434 -257.75 0.0889159 0.994671 0.05219 10.575 0.0232408 0.0503115 -0.998464 328.241
-0.995769 0.0899922 -0.0186434 -257.778 0.0889159 0.994671 0.05219 10.6883 0.0232408 0.0503115 -0.998464 325.923
-0.995568 0.0934035 -0.0109537 -257.807 0.0925256 0.993674 0.0636406 10.8052 0.0168287 0.062345 -0.997912 323.544
-0.995568 0.0934035 -0.0109537 -257.826 0.0925256 0.993674 0.0636406 10.9293 0.0168287 0.062345 -0.997912 321.159
-0.996166 0.0870775 -0.00857805 -257.835 0.0866892 0.995498 0.0383225 11.0317 0.0118765 0.0374319 -0.99923 318.796
-0.996636 0.0819222 -0.00197475 -257.835 0.0817243 0.995423 0.0495351 11.0951 0.00602374 0.0492071 -0.99877 316.431
-0.996821 0.0792304 0.00837331 -257.819 0.0795983 0.994896 0.0620091 11.2045 -0.00341757 0.0624785 -0.998041 314.087
-0.99668 0.07922 0.0187534 -257.771 0.0801908 0.995067 0.0584098 11.3226 -0.0140336 0.0597198 -0.998116 311.716
-0.996409 0.0793181 0.0296311 -257.687 0.0809575 0.994971 0.058979 11.4248 -0.024804 0.0611661 -0.997819 309.39
-0.995717 0.0824296 0.0418416 -257.619 0.084889 0.994529 0.0608698 11.5352 -0.0365953 0.064161 -0.997267 307.033
-0.994991 0.0843287 0.0536628 -257.496 0.0875323 0.994326 0.060446 11.644 -0.048261 0.0648405 -0.996727 304.716
-0.993996 0.0879127 0.0651344 -257.368 0.0917995 0.994011 0.0592951 11.756 -0.0595314 0.0649184 -0.996113 302.387
-0.993164 0.0896695 0.0747101 -257.195 0.0940535 0.993912 0.0573829 11.8597 -0.0691098 0.0640174 -0.995551 300.089
-0.991871 0.0956082 0.0839518 -257.015 0.100379 0.993452 0.0545703 11.954 -0.0781846 0.0625538 -0.994973 297.808
-0.990476 0.100674 0.0939025 -256.81 0.106055 0.992883 0.0541781 12.0515 -0.0877799 0.063621 -0.994104 295.533
-0.989221 0.103698 0.10337 -256.583 0.109728 0.992469 0.0544468 12.1532 -0.0969458 0.0652027 -0.99315 293.265
-0.989221 0.103698 0.10337 -256.337 0.109728 0.992469 0.0544468 12.2391 -0.0969458 0.0652027 -0.99315 291.019
-0.989221 0.103698 0.10337 -256.083 0.109728 0.992469 0.0544468 12.33 -0.0969458 0.0652027 -0.99315 288.768
-0.989221 0.103698 0.10337 -255.83 0.109728 0.992469 0.0544468 12.4259 -0.0969458 0.0652027 -0.99315 286.51
-0.989221 0.103698 0.10337 -255.597 0.109728 0.992469 0.0544468 12.5242 -0.0969458 0.0652027 -0.99315 284.227
-0.989221 0.103698 0.10337 -255.343 0.109728 0.992469 0.0544468 12.625 -0.0969458 0.0652027 -0.99315 281.954
-0.989221 0.103698 0.10337 -255.101 0.109728 0.992469 0.0544468 12.7198 -0.0969458 0.0652027 -0.99315 279.669
-0.989221 0.103698 0.10337 -254.843 0.109728 0.992469 0.0544468 12.8172 -0.0969458 0.0652027 -0.99315 277.372
-0.989221 0.103698 0.10337 -254.722 0.109728 0.992469 0.0544468 12.8709 -0.0969458 0.0652027 -0.99315 276.217
-0.989221 0.103698 0.10337 -254.476 0.109728 0.992469 0.0544468 12.9708 -0.0969458 0.0652027 -0.99315 273.887
-0.989221 0.103698 0.10337 -254.214 0.109728 0.992469 0.0544468 13.0648 -0.0969458 0.0652027 -0.99315 271.57
-0.989221 0.103698 0.10337 -253.943 0.109728 0.992469 0.0544468 13.169 -0.0969458 0.0652027 -0.99315 269.23
-0.989065 0.0976693 0.110496 -253.678 0.103875 0.993238 0.051858 13.2746 -0.104684 0.0627687 -0.992522 266.875
-0.989065 0.0976693 0.110496 -253.53 0.103875 0.993238 0.051858 13.3249 -0.104684 0.0627687 -0.992522 265.692
-0.988166 0.0959926 0.119631 -253.254 0.102804 0.993336 0.0521147 13.4268 -0.113831 0.0637966 -0.991449 263.321
-0.988166 0.0959926 0.119631 -253.102 0.102804 0.993336 0.0521147 13.4743 -0.113831 0.0637966 -0.991449 262.138
-0.988166 0.0959926 0.119631 -252.953 0.102804 0.993336 0.0521147 13.5195 -0.113831 0.0637966 -0.991449 260.939
-0.986797 0.0958279 0.130561 -252.651 0.103796 0.993041 0.0556457 13.6193 -0.12432 0.0684629 -0.989876 258.55
-0.98555 0.0931171 0.141485 -252.309 0.102192 0.993056 0.0582737 13.7243 -0.135076 0.0718904 -0.988223 256.155
-0.984101 0.0913608 0.152311 -251.945 0.100564 0.993473 0.0538378 13.8427 -0.146399 0.0682988 -0.986865 253.754
-0.982098 0.0924076 0.164141 -251.565 0.101874 0.99353 0.0502055 13.9398 -0.15844 0.0660285 -0.985157 251.347
-0.980629 0.0894926 0.174228 -251.127 0.0999995 0.993603 0.0524742 14.041 -0.168417 0.0688805 -0.983305 248.926
-0.980629 0.0894926 0.174228 -250.897 0.0999995 0.993603 0.0524742 14.0936 -0.168417 0.0688805 -0.983305 247.7
-0.980629 0.0894926 0.174228 -250.669 0.0999995 0.993603 0.0524742 14.1451 -0.168417 0.0688805 -0.983305 246.473
-0.978378 0.0934135 0.18452 -250.235 0.10418 0.993325 0.0495193 14.2454 -0.178662 0.0676719 -0.981579 244.033
-0.978378 0.0934135 0.18452 -250 0.10418 0.993325 0.0495193 14.2933 -0.178662 0.0676719 -0.981579 242.823
-0.975415 0.0992885 0.196738 -249.526 0.111003 0.992591 0.0494131 14.3782 -0.190374 0.0700369 -0.979209 240.386
-0.973317 0.0992022 0.206922 -249.026 0.112361 0.992263 0.0528121 14.4646 -0.200082 0.0746527 -0.976932 237.995
-0.973317 0.0992022 0.206922 -248.5 0.112361 0.992263 0.0528121 14.5615 -0.200082 0.0746527 -0.976932 235.58
-0.97159 0.102499 0.213317 -247.975 0.114277 0.992492 0.0436026 14.6533 -0.207246 0.0667412 -0.976008 233.169
-0.97159 0.102499 0.213317 -247.441 0.114277 0.992492 0.0436026 14.7352 -0.207246 0.0667412 -0.976008 230.735
-0.97159 0.102499 0.213317 -246.894 0.114277 0.992492 0.0436026 14.817 -0.207246 0.0667412 -0.976008 228.324
-0.97159 0.102499 0.213317 -246.362 0.114277 0.992492 0.0436026 14.8931 -0.207246 0.0667412 -0.976008 225.913
-0.969256 0.105192 0.222427 -245.821 0.116576 0.99243 0.0386487 14.9705 -0.216678 0.0633901 -0.974181 223.511
-0.966745 0.107497 0.232052 -245.245 0.118823 0.992286 0.035351 15.0296 -0.226462 0.0617485 -0.97206 221.135
-0.966745 0.107497 0.232052 -244.943 0.118823 0.992286 0.035351 15.0601 -0.226462 0.0617485 -0.97206 219.936
-0.963873 0.110573 0.242338 -244.374 0.124308 0.99135 0.0420927 15.1262 -0.235587 0.0706964 -0.969281 217.541
-0.961176 0.115131 0.250769 -243.77 0.128885 0.990889 0.0390777 15.2007 -0.243985 0.069881 -0.967258 215.135
-0.959549 0.115771 0.256637 -243.131 0.128045 0.991265 0.031585 15.2528 -0.250739 0.0631684 -0.965991 212.753
-0.959549 0.115771 0.256637 -242.473 0.128045 0.991265 0.031585 15.2981 -0.250739 0.0631684 -0.965991 210.369
-0.959549 0.115771 0.256637 -241.816 0.128045 0.991265 0.031585 15.3491 -0.250739 0.0631684 -0.965991 207.989
-0.959549 0.115771 0.256637 -241.19 0.128045 0.991265 0.031585 15.3897 -0.250739 0.0631684 -0.965991 205.628
-0.959549 0.115771 0.256637 -240.543 0.128045 0.991265 0.031585 15.4286 -0.250739 0.0631684 -0.965991 203.27
-0.959549 0.115771 0.256637 -239.906 0.128045 0.991265 0.031585 15.4802 -0.250739 0.0631684 -0.965991 200.917
-0.959549 0.115771 0.256637 -239.258 0.128045 0.991265 0.031585 15.5223 -0.250739 0.0631684 -0.965991 198.576
-0.959549 0.115771 0.256637 -238.627 0.128045 0.991265 0.031585 15.5677 -0.250739 0.0631684 -0.965991 196.222
-0.95753 0.113449 0.265075 -237.983 0.127214 0.991247 0.0352939 15.6141 -0.258751 0.0675162 -0.963581 193.872
-0.95753 0.113449 0.265075 -237.646 0.127214 0.991247 0.0352939 15.6385 -0.258751 0.0675162 -0.963581 192.702
-0.956291 0.105966 0.272538 -236.98 0.11875 0.992446 0.0307995 15.6904 -0.267216 0.0618173 -0.961651 190.365
-0.954394 0.101241 0.280862 -236.296 0.113509 0.99315 0.0277152 15.7332 -0.276132 0.0583315 -0.959348 188.037
-0.954394 0.101241 0.280862 -235.947 0.113509 0.99315 0.0277152 15.757 -0.276132 0.0583315 -0.959348 186.882
-0.954394 0.101241 0.280862 -235.597 0.113509 0.99315 0.0277152 15.7712 -0.276132 0.0583315 -0.959348 185.722
-0.954394 0.101241 0.280862 -235.243 0.113509 0.99315 0.0277152 15.7923 -0.276132 0.0583315 -0.959348 184.565
-0.954394 0.101241 0.280862 -234.895 0.113509 0.99315 0.0277152 15.8122 -0.276132 0.0583315 -0.959348 183.445
-0.951161 0.102221 0.291279 -234.212 0.114414 0.993116 0.0250921 15.8479 -0.286709 0.0571931 -0.956309 181.128
-0.948196 0.101931 0.300892 -233.5 0.114025 0.993215 0.0228583 15.8806 -0.296521 0.0559832 -0.953386 178.811
-0.948196 0.101931 0.300892 -233.137 0.114025 0.993215 0.0228583 15.8918 -0.296521 0.0559832 -0.953386 177.689
-0.948196 0.101931 0.300892 -232.408 0.114025 0.993215 0.0228583 15.9126 -0.296521 0.0559832 -0.953386 175.447
-0.945129 0.10509 0.309335 -231.685 0.118657 0.992612 0.0253201 15.9478 -0.304389 0.0606355 -0.950617 173.186
-0.942049 0.11005 0.31691 -230.937 0.12415 0.991959 0.0245815 15.9718 -0.311656 0.0625013 -0.948137 170.934
-0.938933 0.112848 0.325067 -230.172 0.128433 0.991356 0.0268183 15.9954 -0.31923 0.0669298 -0.94531 168.684
-0.936072 0.116036 0.332127 -229.399 0.130228 0.991268 0.0207153 16.0202 -0.326823 0.0626432 -0.943009 166.465
-0.936072 0.116036 0.332127 -228.587 0.130228 0.991268 0.0207153 16.043 -0.326823 0.0626432 -0.943009 164.218
-0.936072 0.116036 0.332127 -227.771 0.130228 0.991268 0.0207153 16.0621 -0.326823 0.0626432 -0.943009 161.967
-0.933364 0.11505 0.339993 -226.954 0.128148 0.991622 0.016243 16.0867 -0.335276 0.05873 -0.940288 159.702
-0.929984 0.120235 0.34738 -226.119 0.132303 0.991147 0.0111375 16.0947 -0.342966 0.0563173 -0.937658 157.442
-0.92557 0.126485 0.356824 -225.282 0.140022 0.990073 0.0122492 16.1016 -0.351732 0.0613008 -0.934092 155.166
-0.922057 0.128604 0.365068 -224.386 0.141112 0.989964 0.0076681 16.1003 -0.360418 0.0585859 -0.930951 152.874
-0.922057 0.128604 0.365068 -223.935 0.141112 0.989964 0.0076681 16.0983 -0.360418 0.0585859 -0.930951 151.729
-0.919015 0.125598 0.373681 -223.02 0.140235 0.990044 0.0121247 16.0963 -0.368438 0.0635461 -0.927478 149.462
-0.919015 0.125598 0.373681 -222.551 0.140235 0.990044 0.0121247 16.0909 -0.368438 0.0635461 -0.927478 148.322
-0.919015 0.125598 0.373681 -222.074 0.140235 0.990044 0.0121247 16.0942 -0.368438 0.0635461 -0.927478 147.182
-0.919015 0.125598 0.373681 -221.6 0.140235 0.990044 0.0121247 16.0977 -0.368438 0.0635461 -0.927478 146.062
-0.919015 0.125598 0.373681 -221.135 0.140235 0.990044 0.0121247 16.0875 -0.368438 0.0635461 -0.927478 144.939
-0.919015 0.125598 0.373681 -220.668 0.140235 0.990044 0.0121247 16.0849 -0.368438 0.0635461 -0.927478 143.803
-0.919015 0.125598 0.373681 -219.738 0.140235 0.990044 0.0121247 16.0806 -0.368438 0.0635461 -0.927478 141.549
-0.916684 0.120998 0.380854 -218.819 0.136864 0.99048 0.0147432 16.0825 -0.375445 0.0656402 -0.924517 139.29
-0.916684 0.120998 0.380854 -217.861 0.136864 0.99048 0.0147432 16.0844 -0.375445 0.0656402 -0.924517 137.04
-0.913253 0.124081 0.388036 -216.929 0.138789 0.990272 0.00998697 16.086 -0.383022 0.0629757 -0.92159 134.803
-0.91076 0.12335 0.394086 -215.975 0.135609 0.990757 0.00329304 16.0775 -0.390038 0.0564409 -0.919069 132.587
-0.91076 0.12335 0.394086 -215.488 0.135609 0.990757 0.00329304 16.0656 -0.390038 0.0564409 -0.919069 131.487
-0.90702 0.124811 0.402169 -214.528 0.138565 0.99034 0.00516095 16.0435 -0.39764 0.0604077 -0.915553 129.291
-0.902452 0.125734 0.412029 -213.561 0.13897 0.990294 0.00218451 16.0224 -0.407755 0.0592312 -0.911166 127.107
-0.898925 0.121443 0.420934 -212.552 0.137069 0.990537 0.00693977 16.0013 -0.416108 0.0639354 -0.907065 124.92
-0.893706 0.127273 0.430223 -211.535 0.144027 0.989553 0.00644671 15.9908 -0.424908 0.067725 -0.9027 122.747
-0.888739 0.128353 0.440078 -210.5 0.145781 0.9893 0.00586625 15.9806 -0.434616 0.0693685 -0.897941 120.601
-0.884787 0.12296 0.449478 -209.421 0.141076 0.989975 0.00688655 15.9694 -0.444125 0.0695039 -0.893263 118.449
-0.879965 0.128787 0.457248 -208.325 0.144741 0.98947 -0.000138491 15.9552 -0.452451 0.0660608 -0.88934 116.309
-0.875533 0.13286 0.464533 -207.222 0.148258 0.988943 -0.00341507 15.9326 -0.45985 0.0658807 -0.885549 114.166
-0.875533 0.13286 0.464533 -206.074 0.148258 0.988943 -0.00341507 15.9001 -0.45985 0.0658807 -0.885549 112
-0.871287 0.134088 0.472101 -204.918 0.151202 0.988501 -0.0017065 15.8641 -0.466901 0.0698958 -0.881543 109.822
-0.866477 0.140574 0.479013 -203.756 0.155078 0.987858 -0.00938447 15.835 -0.474516 0.066153 -0.877756 107.656
-0.862578 0.139038 0.486441 -202.558 0.151987 0.988297 -0.0129725 15.7908 -0.482552 0.0627429 -0.873616 105.489
-0.859595 0.133659 0.493186 -201.319 0.144992 0.989313 -0.0154027 15.7303 -0.489974 0.0582678 -0.869788 103.324
-0.85523 0.131642 0.501253 -200.066 0.144173 0.989455 -0.0138719 15.6645 -0.497794 0.0604034 -0.865191 101.178
-0.85523 0.131642 0.501253 -198.793 0.144173 0.989455 -0.0138719 15.5999 -0.497794 0.0604034 -0.865191 99.0149
-0.85523 0.131642 0.501253 -198.152 0.144173 0.989455 -0.0138719 15.5704 -0.497794 0.0604034 -0.865191 97.9307
-0.85062 0.12885 0.509749 -196.875 0.142767 0.989684 -0.0119292 15.5033 -0.506027 0.0626278 -0.860241 95.7762
-0.8454 0.132316 0.517485 -195.6 0.144111 0.989406 -0.0175515 15.4435 -0.514325 0.0597371 -0.855512 93.6133
-0.83852 0.129635 0.529224 -193.571 0.143716 0.98951 -0.0146741 15.3396 -0.525575 0.0637535 -0.848354 90.3332
-0.835294 0.123156 0.53583 -192.201 0.136158 0.990567 -0.0154206 15.2687 -0.532675 0.0600768 -0.844183 88.1671
-0.833232 0.118192 0.540147 -190.79 0.127884 0.991593 -0.0197005 15.1974 -0.537935 0.0526612 -0.841342 85.9886
-0.833232 0.118192 0.540147 -189.367 0.127884 0.991593 -0.0197005 15.1167 -0.537935 0.0526612 -0.841342 83.7969
-0.833232 0.118192 0.540147 -187.965 0.127884 0.991593 -0.0197005 15.0397 -0.537935 0.0526612 -0.841342 81.6145
-0.833232 0.118192 0.540147 -186.525 0.127884 0.991593 -0.0197005 14.9629 -0.537935 0.0526612 -0.841342 79.4281
-0.833232 0.118192 0.540147 -185.097 0.127884 0.991593 -0.0197005 14.8849 -0.537935 0.0526612 -0.841342 77.2276
-0.833232 0.118192 0.540147 -183.652 0.127884 0.991593 -0.0197005 14.8108 -0.537935 0.0526612 -0.841342 75.0188
-0.834122 0.109066 0.540686 -182.207 0.120324 0.992627 -0.0146054 14.7391 -0.538293 0.0528751 -0.841096 72.806
-0.834122 0.109066 0.540686 -180.782 0.120324 0.992627 -0.0146054 14.6652 -0.538293 0.0528751 -0.841096 70.5993
-0.833097 0.126468 0.538472 -179.379 0.139124 0.990124 -0.0172976 14.593 -0.535342 0.060504 -0.842464 68.3699
-0.832952 0.136202 0.53632 -177.984 0.151528 0.988329 -0.015656 14.5173 -0.532193 0.068227 -0.843869 66.1397
-0.832952 0.136202 0.53632 -176.605 0.151528 0.988329 -0.015656 14.4482 -0.532193 0.068227 -0.843869 63.9354
-0.832952 0.136202 0.53632 -175.195 0.151528 0.988329 -0.015656 14.3798 -0.532193 0.068227 -0.843869 61.7415
-0.832952 0.136202 0.53632 -173.784 0.151528 0.988329 -0.015656 14.3017 -0.532193 0.068227 -0.843869 59.5434
-0.832952 0.136202 0.53632 -172.379 0.151528 0.988329 -0.015656 14.2271 -0.532193 0.068227 -0.843869 57.3254
-0.832952 0.136202 0.53632 -170.991 0.151528 0.988329 -0.015656 14.1466 -0.532193 0.068227 -0.843869 55.1258
-0.832952 0.136202 0.53632 -169.596 0.151528 0.988329 -0.015656 14.0808 -0.532193 0.068227 -0.843869 52.9376
-0.832952 0.136202 0.53632 -168.217 0.151528 0.988329 -0.015656 14.017 -0.532193 0.068227 -0.843869 50.7734
