1 0 0 0 0 1 0 0 0 0 1 -0
1 0 0 -0.014986 0 1 0 0.000666 0 0 1 0.721769
1 0 0 -0.030935 0 1 0 -0.005914 0 0 1 2.21997
1 0 0 -0.068386 0 1 0 -0.012972 0 0 1 3.76946
0.999604 0.00452962 -0.0277585 -0.145001 -0.00442148 0.999982 0.00395576 -0.025232 0.0277759 -0.00383146 0.999607 6.18743
0.999584 0.00465715 -0.0284563 -0.236702 -0.00454988 0.999982 0.00383313 -0.030369 0.0284737 -0.00370207 0.999588 8.6758
0.999551 0.00478922 -0.029574 -0.324625 -0.0046817 0.999982 0.00370365 -0.043928 0.0295912 -0.00356353 0.999556 11.2561
0.999504 0.00492568 -0.0311196 -0.420542 -0.00481709 0.999982 0.0035634 -0.059026 0.0311366 -0.00341172 0.999509 13.919
0.999497 0.00484421 -0.0313309 -0.529218 -0.00469857 0.999978 0.0047202 -0.068206 0.0313531 -0.00457061 0.999498 16.6343
0.999495 0.00475299 -0.0314052 -0.588591 -0.0045818 0.999974 0.00552063 -0.077367 0.0314306 -0.00537395 0.999491 18.4762
0.999497 0.00464824 -0.0313564 -0.654079 -0.00446257 0.999972 0.0059887 -0.078661 0.0313834 -0.00584576 0.99949 20.3377
0.999506 0.00452653 -0.031095 -0.746192 -0.00434434 0.999973 0.00592426 -0.0876 0.031121 -0.00578624 0.999499 23.1616
0.999523 0.00438531 -0.030585 -0.82993 -0.00422563 0.999977 0.00528324 -0.108324 0.0306075 -0.00515148 0.999518 26.0167
0.99953 -0.00142576 -0.0306377 -0.890851 0.0018018 0.999923 0.0122496 -0.104177 0.0306179 -0.0122991 0.999455 27.9806
0.999535 -0.0113629 -0.028281 -0.938271 0.0115623 0.999909 0.00689524 -0.106542 0.0282001 -0.00721903 0.999576 29.9363
0.999598 -0.0113385 -0.0259984 -1.0441 0.0115071 0.999914 0.00634701 -0.120722 0.0259241 -0.00664362 0.999642 32.8895
0.999607 -0.0112771 -0.0256476 -1.08923 0.0114405 0.999915 0.00623186 -0.135391 0.0255751 -0.00652283 0.999652 34.8332
0.999561 -0.00349364 -0.0294275 -1.17933 0.00392935 0.999883 0.0147614 -0.152955 0.0293725 -0.0148705 0.999458 37.7424
0.999388 -0.00330399 -0.0348121 -1.27986 0.00385868 0.999866 0.0158787 -0.141302 0.034755 -0.0160034 0.999268 40.727
0.999381 -0.00319045 -0.0350477 -1.3578 0.00376025 0.999862 0.0162041 -0.141153 0.0349911 -0.0163258 0.999254 42.6993
0.999376 -0.00307658 -0.0351853 -1.48699 0.00366213 0.999856 0.0165896 -0.136427 0.0351292 -0.0167081 0.999243 45.6404
0.999374 -0.00296123 -0.035253 -1.60828 0.00356151 0.99985 0.0169772 -0.114557 0.0351974 -0.0170922 0.999234 48.5617
0.999372 -0.00284456 -0.0353267 -1.70628 0.00346221 0.999842 0.0174349 -0.110732 0.0352715 -0.0175463 0.999224 51.4246
0.99912 -0.00907075 -0.0409451 -1.8064 0.0102231 0.999555 0.028022 -0.08501 0.0406727 -0.0284159 0.998768 54.2754
0.998998 -0.00436653 -0.0445452 -1.93776 0.00519067 0.999817 0.0184022 -0.047928 0.0444567 -0.018615 0.998838 57.0576
0.998948 0.00438736 -0.0456566 -2.09524 -0.00361825 0.99985 0.0169145 -0.040364 0.045724 -0.0167315 0.998814 59.779
0.999126 0.00420982 -0.0415786 -2.23252 -0.00354424 0.999865 0.0160687 -0.03558 0.0416406 -0.0159073 0.999006 62.4003
0.999248 0.00388433 -0.0385817 -2.35492 -0.00337015 0.999905 0.0133832 -0.037824 0.03863 -0.0132432 0.999166 64.9104
0.998956 0.0136218 -0.0435932 -2.50187 -0.0129104 0.99978 0.0165593 -0.037551 0.0438091 -0.0159792 0.998912 68.0431
0.998722 0.0137167 -0.048643 -2.60908 -0.0136066 0.999904 0.00259387 -0.050736 0.0486739 -0.00192869 0.998813 70.1877
0.998541 0.0136656 -0.0522334 -2.71096 -0.0135005 0.999903 0.00351199 -0.087123 0.0522763 -0.00280169 0.998629 72.1499
0.998755 0.00944179 -0.0489846 -2.82525 -0.00954428 0.999953 -0.00185874 -0.123421 0.0489648 0.00232395 0.998798 74.5532
1 0 0 -2.87834 0 1 0 -0.154467 0 0 1 76.7086
0.997977 0.00737539 0.0631465 -2.79454 -0.00808453 0.999907 0.010982 -0.16691 -0.0630596 -0.0114703 0.997944 78.6715
0.978541 0.00549947 0.205978 -2.44842 -0.008755 0.999851 0.0148971 -0.177141 -0.205866 -0.0163808 0.978443 80.4538
0.886131 0.00932414 0.463341 -1.57215 -0.0136483 0.999889 0.00598069 -0.192824 -0.463233 -0.0116235 0.88616 82.3205
0.641066 0.00528856 0.767468 0.089225 -0.0116105 0.999929 0.00280783 -0.216052 -0.767398 -0.0107107 0.641081 83.8958
0.354999 0.0065005 0.934844 2.15202 -0.00349526 0.999978 -0.00562612 -0.25026 -0.93486 -0.00127026 0.355014 84.7302
0.211259 0.00694715 0.977406 3.64382 0.00154323 0.999971 -0.0074411 -0.277025 -0.97743 0.00308036 0.211242 85.0261
0.110983 0.0208452 0.993603 5.23908 0.0113034 0.999689 -0.0222354 -0.317928 -0.993757 0.0136989 0.110713 85.1755
0.0568777 0.0241482 0.998088 6.5618 0.00887299 0.999656 -0.0246918 -0.34663 -0.998341 0.0102604 0.0566439 85.2491
0.0171249 0.0182392 0.999688 8.01544 0.0147567 0.99972 -0.0184926 -0.392704 -0.999745 0.0150688 0.016851 85.26
-0.00632423 0.0202496 0.999776 9.60697 0.0217859 0.99956 -0.0201074 -0.43182 -0.999743 0.0216538 -0.0067626 85.2376
-0.0213786 0.0223448 0.999522 11.3457 0.0261182 0.999421 -0.0217839 -0.476179 -0.99943 0.02564 -0.0219498 85.1875
-0.0200524 0.0225447 0.999544 12.6034 0.0261639 0.999415 -0.0220168 -0.507388 -0.999456 0.0257105 -0.0206305 85.1459
-0.0199947 0.021641 0.999566 14.6252 0.0362229 0.999125 -0.0209069 -0.560747 -0.999144 0.0357892 -0.0207612 85.0878
-0.0063813 0.021409 0.999751 16.7943 0.0413576 0.998921 -0.0211273 -0.615015 -0.999124 0.0412125 -0.00725984 85.0502
0.0134507 0.015309 0.999792 19.9096 0.0382251 0.999144 -0.0158133 -0.694538 -0.999178 0.0384298 0.012854 85.0877
0.0227687 0.0250361 0.999427 22.3296 0.027398 0.999295 -0.025657 -0.768494 -0.999365 0.0279665 0.0220667 85.1573
0.0204378 0.0244173 0.999493 24.7944 0.0271079 0.999321 -0.0249674 -0.850812 -0.999424 0.0276044 0.019762 85.2466
0.0147678 0.0233124 0.999619 27.2729 0.0269412 0.999356 -0.0237043 -0.948997 -0.999528 0.027281 0.0141302 85.3081
0.00376121 0.0223593 0.999742 30.5486 0.0150297 0.999636 -0.0224134 -1.06751 -0.999879 0.0151101 0.00342378 85.3709
-0.014489 0.0178756 0.999735 32.9864 0.0111768 0.999781 -0.0177144 -1.1454 -0.999832 0.0109171 -0.0146856 85.3537
-0.0404575 0.0192322 0.998997 35.4026 0.0127083 0.999744 -0.018732 -1.21651 -0.999101 0.0119377 -0.0406915 85.2718
-0.0577029 0.0189988 0.998152 36.9975 0.0125886 0.999753 -0.0183015 -1.2703 -0.998253 0.0115093 -0.0579279 85.1735
-0.0793841 0.0198134 0.996647 38.5521 0.0129483 0.999739 -0.0188435 -1.31986 -0.996759 0.011409 -0.0796199 85.0511
-0.109497 0.0227146 0.993727 40.8344 0.0145407 0.999668 -0.0212482 -1.39758 -0.99388 0.0121228 -0.109791 84.812
-0.13718 0.0229941 0.990278 43.0828 0.0171996 0.999635 -0.0208287 -1.47261 -0.990396 0.014175 -0.137526 84.5221
-0.153758 0.0192693 0.987921 45.2241 0.0252053 0.999561 -0.0155734 -1.54392 -0.987787 0.0225063 -0.154176 84.1855
-0.153785 0.0192377 0.987916 46.5952 0.0252283 0.999561 -0.0155372 -1.589 -0.987782 0.022534 -0.154203 83.9687
-0.15381 0.0192076 0.987912 47.8942 0.0252527 0.999561 -0.0155024 -1.62883 -0.987776 0.0225631 -0.154227 83.756
-0.137634 0.0217311 0.990245 49.7133 0.0259613 0.999495 -0.0183258 -1.70103 -0.990143 0.0231858 -0.138129 83.4957
-0.074938 0.025369 0.996866 51.8973 0.0209877 0.999495 -0.0238582 -1.79122 -0.996968 0.019134 -0.0754326 83.3221
0.0493311 0.0270076 0.998417 53.9341 0.0133957 0.999527 -0.0276995 -1.87678 -0.998693 0.014741 0.048946 83.3908
0.239709 0.0135767 0.97075 55.8691 0.00073452 0.999899 -0.0141658 -1.95469 -0.970845 0.0041087 0.239675 83.8036
0.415406 0.0177164 0.909464 57.268 0.00364493 0.99977 -0.0211404 -1.99239 -0.909629 0.0120968 0.415245 84.3882
0.5355 0.0246375 0.844175 58.0705 0.0015188 0.999545 -0.0301355 -2.02892 -0.844533 0.0174197 0.535219 84.9266
0.648051 0.0290889 0.761041 58.7617 -0.0042105 0.999392 -0.0346139 -2.0529 -0.761585 0.0192272 0.647779 85.5591
0.745506 0.0243444 0.666054 59.3567 -0.00687432 0.99956 -0.0288397 -2.08056 -0.666463 0.0169215 0.745346 86.2858
0.860311 0.0130128 0.509604 60.038 -0.0103421 0.999914 -0.00807337 -2.1133 -0.509665 0.00167521 0.860371 87.5175
0.949534 0.0272891 0.312474 60.7306 -0.0297252 0.999554 0.00303456 -2.15011 -0.312251 -0.0121698 0.949922 89.7227
0.968588 0.0421233 0.245078 61.4399 -0.0433056 0.999062 -0.000565253 -2.16695 -0.244871 -0.0100657 0.969503 92.675
0.966212 0.0416934 0.254353 62.0061 -0.0383679 0.999101 -0.0180239 -2.19424 -0.254876 0.00765589 0.966944 94.811
0.961245 0.0408924 0.272645 62.6521 -0.0415173 0.999132 -0.00347926 -2.23566 -0.27255 -0.00797506 0.962108 97.1764
0.959767 0.0293673 0.279258 63.392 -0.0283036 0.999569 -0.00784163 -2.26723 -0.279368 -0.000377866 0.960184 99.6883
0.961277 0.0332368 0.273574 63.9511 -0.030524 0.999434 -0.014168 -2.29059 -0.27389 0.00526881 0.961747 101.691
0.96282 0.0322689 0.26821 64.538 -0.033186 0.999449 -0.00111477 -2.32952 -0.268098 -0.00782748 0.96336 103.834
0.965241 0.0384004 0.258525 65.1181 -0.0359164 0.999252 -0.0143264 -2.35328 -0.258882 0.0045432 0.965898 106.052
0.968258 0.0272937 0.248458 65.9108 -0.0268078 0.999626 -0.00533959 -2.408 -0.248511 -0.0014905 0.968628 109.157
0.968249 0.0272558 0.248497 66.5218 -0.0267662 0.999627 -0.00534901 -2.43732 -0.24855 -0.00147215 0.968618 111.551
0.964786 0.0506948 0.258106 67.5469 -0.0502327 0.998702 -0.00838869 -2.51685 -0.258196 -0.00487206 0.96608 115.667
0.964507 0.0366258 0.261507 68.2285 -0.034855 0.999327 -0.011408 -2.56668 -0.261748 0.00188831 0.965134 118.142
0.962616 0.0439357 0.267283 69.1057 -0.0460189 0.998939 0.00153198 -2.6417 -0.266933 -0.0137748 0.963617 121.464
0.963174 0.0346661 0.266636 70.0206 -0.0306939 0.999347 -0.0190521 -2.71902 -0.267122 0.0101664 0.963609 124.711
0.964137 0.0274878 0.263976 70.6793 -0.0315142 0.999442 0.0110296 -2.7595 -0.263526 -0.0189531 0.964466 127.151
0.966054 0.0328531 0.256242 71.5099 -0.0309103 0.999455 -0.0116072 -2.82348 -0.256483 0.00329265 0.966543 130.329
0.9687 0.0382317 0.245273 72.0965 -0.0358131 0.999256 -0.0143151 -2.88722 -0.245638 0.00508306 0.969348 132.728
0.969704 0.043771 0.240331 72.6596 -0.0432264 0.999037 -0.00753944 -2.9505 -0.240429 -0.00307763 0.970662 135.101
0.969696 0.04373 0.240368 73.0384 -0.043184 0.999039 -0.00754114 -2.98991 -0.240467 -0.00306742 0.970653 136.669
0.972663 0.0366305 0.229313 73.4148 -0.0347003 0.99932 -0.0124454 -3.01724 -0.229613 0.0041479 0.973273 138.227
0.975698 0.0317609 0.216807 73.77 -0.0327116 0.999465 0.000797041 -3.03551 -0.216666 -0.00786979 0.976214 139.797
0.977982 0.0381066 0.205179 74.2391 -0.0406866 0.999137 0.00836878 -3.05674 -0.204683 -0.0165325 0.978689 142.173
0.983147 0.04213 0.177898 74.7973 -0.0424712 0.999096 -0.00189178 -3.09363 -0.177817 -0.00569565 0.984047 145.316
0.988381 0.0495073 0.14371 75.2611 -0.0487817 0.998773 -0.00857035 -3.13708 -0.143958 0.00146036 0.989583 148.539
0.991913 0.0543122 0.114714 75.6365 -0.0558101 0.998392 0.00988413 -3.16675 -0.113993 -0.0162064 0.993349 151.811
0.992694 0.0649886 0.101663 75.8685 -0.0649295 0.997882 -0.00389362 -3.18595 -0.101701 -0.00273574 0.994811 154.247
0.993224 0.0687891 0.0936744 76.0785 -0.070032 0.997494 0.0100431 -3.20437 -0.0927488 -0.0165352 0.995552 156.745
0.996043 0.0519098 0.0721312 76.3519 -0.0520391 0.998645 -8.67681e-05 -3.21753 -0.072038 -0.00366722 0.997395 160.012
0.998222 0.0389354 0.0451389 76.517 -0.039675 0.999091 0.0156065 -3.22493 -0.0444902 -0.0173697 0.998859 163.328
1 0 0 76.6413 0 1 0 -3.24599 0 0 1 167.511
0.999459 0.032658 -0.00377545 76.5974 -0.0326204 0.999422 0.00961877 -3.24131 0.0040874 -0.00949042 0.999947 170.873
0.999461 0.0326159 -0.00374366 76.5549 -0.0325786 0.999423 0.00961818 -3.25744 0.0040552 -0.00949103 0.999947 174.256
1 0 0 76.537 0 1 0 -3.27197 0 0 1 177.625
1 0 0 76.4835 0 1 0 -3.31445 0 0 1 181.035
0.999457 0.0283591 -0.0167586 76.4029 -0.0283412 0.999597 0.00130569 -3.34852 0.0167889 -0.000830021 0.999859 184.408
0.999091 0.0387654 -0.0177128 76.3272 -0.0386446 0.999228 0.00711391 -3.37386 0.0179749 -0.00642294 0.999818 186.903
0.999036 0.0394536 -0.0192363 76.2872 -0.0394993 0.999218 -0.00200048 -3.38969 0.0191424 0.00275837 0.999813 188.532
0.99892 0.0406686 -0.0224568 76.2436 -0.0405049 0.99915 0.00769496 -3.39696 0.0227507 -0.00677703 0.999718 190.147
0.998923 0.0406266 -0.0224328 76.1671 -0.040463 0.999151 0.007702 -3.41503 0.0227267 -0.006786 0.999719 193.24
0.999254 0.0334403 -0.0193207 76.1302 -0.0335669 0.999417 -0.0062668 -3.45008 0.0190999 0.00691067 0.999794 195.315
0.999065 0.0430692 0.00366589 76.0803 -0.0431054 0.999016 0.0104453 -3.48755 -0.00321241 -0.0105935 0.999939 198.032
0.998236 0.0458792 0.0376854 76.157 -0.0454148 0.998882 -0.0130877 -3.52767 -0.0382437 0.0113531 0.999204 201.257
0.997654 0.0330959 0.0599312 76.3528 -0.0332491 0.999446 0.00156 -3.58535 -0.0598463 -0.003549 0.998201 204.488
0.997142 0.0484593 0.0579585 76.5127 -0.0482434 0.998822 -0.00512071 -3.61674 -0.0581384 0.00230997 0.998306 207.743
0.997785 0.0489875 0.0449966 76.627 -0.0490381 0.998797 2.01244e-05 -3.64814 -0.0449415 -0.00222663 0.998987 210.39
0.998719 0.0396461 0.0314461 76.7175 -0.0401656 0.999064 0.0160628 -3.65341 -0.0307798 -0.0173053 0.999376 213.102
0.999709 0.0119312 0.020962 76.8279 -0.0122424 0.999816 0.0147783 -3.65395 -0.0207818 -0.0150307 0.999671 216.594
1 0 0 76.9136 0 1 0 -3.65357 0 0 1 219.358
1 0 0 76.943 0 1 0 -3.66261 0 0 1 221.444
1 0 0 76.9673 0 1 0 -3.67708 0 0 1 222.798
1 0 0 76.9891 0 1 0 -3.70761 0 0 1 224.802
1 0 0 77.0301 0 1 0 -3.746 0 0 1 226.663
0.999277 -0.0280026 -0.0256974 77.0081 0.0280393 0.999606 0.00106786 -3.77558 0.0256573 -0.00178762 0.999669 229.465
0.987902 -0.0327132 -0.151591 76.6926 0.0336489 0.999427 0.00361072 -3.81658 0.151387 -0.00866792 0.988437 231.929
0.931681 -0.00716341 -0.363208 75.9191 0.00363515 0.999939 -0.0103967 -3.84639 0.36326 0.00836612 0.93165 234.046
0.754827 0.0532189 -0.653761 74.3407 -0.0507101 0.998455 0.0227289 -3.85648 0.653961 0.0159959 0.756359 236.044
0.589534 0.0803871 -0.803734 72.9582 -0.0586666 0.996669 0.0566524 -3.80496 0.805611 0.0137539 0.592286 236.997
0.338883 0.0563372 -0.939141 71.0456 -0.0301866 0.998343 0.048996 -3.67456 0.940344 0.0117456 0.340022 237.76
0.201887 0.0568102 -0.977759 69.6992 -0.02478 0.998293 0.0528867 -3.61044 0.979095 0.0135519 0.20295 238.002
0.0973273 0.0521057 -0.993887 68.228 -0.0224645 0.998489 0.0501471 -3.54454 0.994999 0.0174465 0.0983508 238.115
0.0325451 0.0474556 -0.998343 66.6675 -0.025559 0.998585 0.0466339 -3.47576 0.999144 0.023999 0.033712 238.124
-0.00252926 0.0425778 -0.99909 64.3665 -0.0309348 0.998612 0.0426357 -3.37661 0.999518 0.0310145 -0.00120861 238.105
-0.00253273 0.042541 -0.999092 61.7626 -0.0309122 0.998614 0.042599 -3.27689 0.999519 0.0309919 -0.00121419 238.083
-0.00253631 0.0425071 -0.999094 59.6218 -0.0308895 0.998616 0.0425652 -3.19213 0.99952 0.0309694 -0.00121978 238.081
-0.00254262 0.0424716 -0.999094 57.2724 -0.0308653 0.998618 0.0425299 -3.09609 0.99952 0.0309455 -0.00122821 238.072
-0.00254904 0.0424376 -0.999096 54.7352 -0.0308426 0.99862 0.0424961 -2.99415 0.999521 0.030923 -0.00123663 238.068
0.000779055 0.053716 -0.998556 52.0845 -0.0265305 0.998206 0.0536764 -2.88768 0.999648 0.0264504 0.00220277 238.057
0.00076991 0.0536847 -0.998557 49.427 -0.0265076 0.998208 0.0536455 -2.78332 0.999648 0.0264281 0.00219159 238.05
-0.00701955 0.0636621 -0.997947 46.7693 -0.0195812 0.997771 0.0637886 -2.66517 0.999783 0.0199888 -0.00575732 238.043
-0.0152567 0.0656103 -0.997729 44.1185 -0.0147889 0.997721 0.0658359 -2.52276 0.999774 0.0157597 -0.0142516 238.006
-0.0152802 0.0655806 -0.997731 41.5025 -0.0147643 0.997723 0.0658063 -2.38867 0.999775 0.0157363 -0.0142771 237.928
-0.0184423 0.0580875 -0.998141 38.8921 -0.02573 0.997953 0.0585519 -2.2607 0.999498 0.0267621 -0.0169099 237.866
-0.0184715 0.0580591 -0.998142 37.1726 -0.0257068 0.997955 0.0585239 -2.18056 0.999499 0.0267401 -0.0169412 237.831
-0.0184978 0.058032 -0.998143 35.475 -0.0256822 0.997957 0.0584972 -2.10695 0.999498 0.0267166 -0.0169697 237.802
-0.0146815 0.0612051 -0.998018 33.7922 -0.017602 0.997954 0.0614602 -2.03629 0.999738 0.0184694 -0.0135741 237.778
-0.0147136 0.0611767 -0.998018 32.1299 -0.0175785 0.997956 0.0614321 -1.96054 0.999737 0.0184476 -0.0136082 237.762
-0.0147459 0.0611512 -0.99802 30.4706 -0.0175551 0.997958 0.0614068 -1.88336 0.999737 0.0184258 -0.0136423 237.74
-0.0167454 0.071594 -0.997294 27.9952 -0.0192482 0.997225 0.0719123 -1.76144 0.999675 0.0204002 -0.0153208 237.683
-0.0301585 0.0614865 -0.997652 24.7442 -0.0223896 0.997814 0.0621733 -1.57242 0.999294 0.0242121 -0.028716 237.586
-0.0442356 0.0629718 -0.997034 22.3552 -0.0271829 0.997566 0.0642114 -1.45497 0.998651 0.0299427 -0.0424161 237.469
-0.0532551 0.066883 -0.996339 20.7718 -0.0342949 0.997043 0.0687633 -1.37365 0.997992 0.0378313 -0.0508039 237.373
-0.0602367 0.0643435 -0.996107 18.4665 -0.0475336 0.996603 0.06725 -1.24921 0.997051 0.0513996 -0.0569736 237.204
-0.0602835 0.0643204 -0.996106 16.2505 -0.0475101 0.996606 0.0672279 -1.13483 0.997049 0.0513779 -0.0570231 237.054
-0.0559306 0.0666764 -0.996206 13.4649 -0.0549097 0.996052 0.0697489 -0.995094 0.996924 0.0586025 -0.0520486 236.878
-0.0470169 0.0650848 -0.996771 11.5565 -0.0573401 0.996054 0.0677427 -0.900479 0.997246 0.0603401 -0.0430994 236.766
-0.0470662 0.065064 -0.99677 10.3516 -0.0573163 0.996056 0.0677239 -0.839201 0.997245 0.0603188 -0.0431514 236.716
-0.0471241 0.0650403 -0.99677 9.19966 -0.0572923 0.996059 0.0677025 -0.77716 0.997245 0.0602976 -0.0432121 236.67
-0.0471792 0.0650194 -0.996769 8.12373 -0.0572683 0.996062 0.0676839 -0.726065 0.997244 0.0602765 -0.0432699 236.633
-0.0384034 0.0660469 -0.997077 7.11903 -0.0559837 0.996104 0.0681387 -0.675005 0.997692 0.0584368 -0.0345563 236.601
-0.0142166 0.0714205 -0.997345 4.88834 -0.0544631 0.99591 0.0720941 -0.561717 0.998414 0.0553435 -0.0102687 236.555
0.0289016 0.0689821 -0.997199 2.2341 -0.0492411 0.996503 0.0675068 -0.421536 0.998368 0.0471522 0.0321973 236.634
0.10338 0.0343326 -0.99405 -0.380845 -0.0474048 0.998438 0.0295541 -0.319052 0.993512 0.0440673 0.104846 236.834
0.312036 0.0451607 -0.948996 -2.39561 -0.0406774 0.998589 0.0341458 -0.286144 0.949199 0.027948 0.313433 237.44
0.578013 0.0627493 -0.813611 -4.05766 -0.0524308 0.997835 0.0397091 -0.252519 0.814341 0.0197059 0.580051 238.536
0.760499 0.0513965 -0.647301 -5.03954 -0.0559722 0.998341 0.0135091 -0.23202 0.646922 0.0259573 0.762114 239.719
0.900075 0.0438099 -0.433527 -5.79532 -0.0470431 0.998887 0.00327279 -0.236106 0.433188 0.0174487 0.901135 241.317
0.958914 0.0371282 -0.281256 -6.17061 -0.0416079 0.999084 -0.00997017 -0.254057 0.280628 0.021263 0.959581 242.745
0.986971 0.0364248 -0.156721 -6.39681 -0.0393279 0.999107 -0.0154618 -0.290033 0.156018 0.0214239 0.987522 244.381
0.996598 0.0301841 -0.0766935 -6.53031 -0.0315488 0.999364 -0.0166446 -0.330212 0.0761422 0.0190076 0.996916 246.177
0.999166 0.0278385 -0.029882 -6.6241 -0.028427 0.999407 -0.0194523 -0.390583 0.0293227 0.0202855 0.999364 248.814
0.999527 0.0258075 -0.0167104 -6.65869 -0.0261633 0.999428 -0.0214326 -0.447291 0.0161477 0.0218597 0.999631 250.941
0.999526 0.025793 -0.0167859 -6.68529 -0.0261499 0.999429 -0.0214018 -0.484463 0.0162243 0.0218306 0.99963 252.462
0.999525 0.0257784 -0.0168633 -6.73562 -0.0261365 0.99943 -0.0213709 -0.550805 0.0163028 0.0218015 0.999629 254.804
0.999447 0.0263188 -0.0203062 -6.77707 -0.0269394 0.999159 -0.0309189 -0.599804 0.0194754 0.0314489 0.999316 256.441
0.999446 0.0263039 -0.0203836 -6.85522 -0.0269263 0.99916 -0.030886 -0.670789 0.019554 0.0314178 0.999315 259.004
0.999605 0.0196465 -0.0200753 -6.91769 -0.0200079 0.999638 -0.0179622 -0.765116 0.0197151 0.0183567 0.999637 261.684
0.999579 0.0148801 -0.0248892 -6.98061 -0.0157914 0.999197 -0.036827 -0.848186 0.0243212 0.0372045 0.999012 264.455
0.999578 0.0148651 -0.0249686 -7.05926 -0.0157784 0.999198 -0.0367905 -0.975017 0.0244017 0.037169 0.999011 267.355
0.999631 0.0135312 -0.023536 -7.14381 -0.0141795 0.999518 -0.027601 -1.09777 0.0231512 0.0279245 0.999342 270.341
0.99963 0.0135165 -0.0236195 -7.19763 -0.0141663 0.99952 -0.0275626 -1.17226 0.0232356 0.027887 0.999341 272.363
0.999628 0.0135018 -0.0237011 -7.23334 -0.014153 0.999521 -0.0275262 -1.24006 0.0233181 0.0278514 0.99934 274.417
0.999626 0.0134871 -0.0237846 -7.29726 -0.0141397 0.999522 -0.0274878 -1.31291 0.0234025 0.0278138 0.999339 276.495
0.999561 0.00943459 -0.0280698 -7.3486 -0.0104082 0.999342 -0.0347444 -1.40152 0.0277236 0.0350213 0.999002 278.583
0.999559 0.00941766 -0.0281533 -7.42912 -0.0103932 0.999344 -0.0347062 -1.49892 0.027808 0.0349835 0.999001 280.68
0.999557 0.00940272 -0.0282389 -7.49985 -0.0103801 0.999345 -0.034666 -1.59122 0.0278944 0.0349438 0.999 282.787
0.999444 0.0131064 -0.0306524 -7.58608 -0.0139155 0.999556 -0.026332 -1.67803 0.0302937 0.0267439 0.999183 284.889
0.999442 0.0130919 -0.0307399 -7.66358 -0.013902 0.999558 -0.0262897 -1.76103 0.0303822 0.0267023 0.999182 286.993
0.999439 0.0130773 -0.0308274 -7.72759 -0.0138885 0.999559 -0.0262473 -1.85473 0.0304706 0.0266607 0.99918 289.056
0.999437 0.0130628 -0.0309149 -7.83569 -0.013875 0.99956 -0.0262049 -1.97949 0.030559 0.0266191 0.999178 292.134
0.999434 0.0130483 -0.0310045 -7.95032 -0.0138616 0.999562 -0.0261625 -2.08923 0.0306495 0.0265775 0.999177 295.205
0.99926 0.0174678 -0.0342695 -8.03022 -0.0180483 0.999698 -0.0167032 -2.16335 0.0339674 0.0173093 0.999273 297.269
0.999155 0.0177424 -0.037075 -8.11842 -0.0183647 0.999695 -0.0165144 -2.23189 0.0367707 0.0171813 0.999176 299.308
0.999044 0.0231577 -0.0370782 -8.2233 -0.0240793 0.999407 -0.0246054 -2.28321 0.0364864 0.0254747 0.999009 301.34
0.999105 0.0233224 -0.035286 -8.35624 -0.0242309 0.99938 -0.0255419 -2.39812 0.0346684 0.0263741 0.999051 304.37
0.999225 0.023456 -0.0315972 -8.44159 -0.0243103 0.999342 -0.0269285 -2.46591 0.0309448 0.0276758 0.999138 306.406
0.999385 0.0235605 -0.0259779 -8.51996 -0.0243071 0.999289 -0.0288076 -2.54374 0.0252807 0.0294213 0.999247 308.472
0.99965 0.023239 -0.0126757 -8.56685 -0.0236503 0.999165 -0.0333263 -2.62411 0.0118907 0.0336144 0.999364 310.491
0.999709 0.0230531 -0.00708102 -8.59531 -0.0232884 0.99911 -0.0351706 -2.7113 0.00626393 0.0353253 0.999356 312.527
0.999692 0.0229991 -0.00937241 -8.61021 -0.0233065 0.999146 -0.0341244 -2.81184 0.00857957 0.0343323 0.999374 314.596
0.999542 0.0230857 -0.0195857 -8.63199 -0.0236715 0.999263 -0.0302281 -2.9081 0.0188734 0.0306778 0.999351 316.686
0.999008 0.023359 -0.0379228 -8.67008 -0.0242657 0.999426 -0.0236299 -2.98935 0.0373491 0.0245267 0.999001 318.796
0.998951 0.0228225 -0.0397067 -8.77244 -0.0237699 0.99944 -0.0235524 -3.06506 0.0391469 0.0244715 0.998934 320.998
0.998976 0.0222401 -0.0394108 -8.87199 -0.0231968 0.999443 -0.0239871 -3.14266 0.0388553 0.0248767 0.998935 323.181
0.999088 0.0216012 -0.036838 -8.9614 -0.0225331 0.999432 -0.0250725 -3.22819 0.0362754 0.0258797 0.999007 325.356
0.999267 0.0209235 -0.0320673 -9.04763 -0.0217808 0.999408 -0.0266231 -3.30867 0.0314913 0.0273021 0.999131 327.516
0.999481 0.0202217 -0.0250889 -9.12236 -0.0209366 0.999373 -0.028566 -3.38997 0.0244955 0.0290765 0.999277 329.665
0.999522 0.0200981 -0.0234705 -9.17251 -0.0207015 0.999454 -0.0257559 -3.47603 0.02294 0.0262295 0.999393 331.71
0.99955 0.0199337 -0.022404 -9.22393 -0.0204866 0.999484 -0.0247253 -3.55199 0.0218996 0.0251732 0.999443 333.743
0.999567 0.0197278 -0.0218362 -9.27451 -0.0202806 0.999472 -0.0253952 -3.62517 0.0213236 0.0258271 0.999439 335.743
0.999593 0.0140196 -0.024827 -9.35284 -0.0145479 0.999669 -0.0212263 -3.74312 0.0245212 0.0215789 0.999466 338.712
0.999584 0.0136897 -0.0253692 -9.43795 -0.0143649 0.999542 -0.0266261 -3.85492 0.0249931 0.0269795 0.999323 341.591
0.999538 0.0134551 -0.027238 -9.52085 -0.0141037 0.999618 -0.0237609 -3.96867 0.0269079 0.0241341 0.999347 344.413
0.999491 0.0131921 -0.029031 -9.62429 -0.0138268 0.999667 -0.0217727 -4.07642 0.0287341 0.022163 0.999341 347.15
0.999446 0.0129034 -0.0306738 -9.70634 -0.0135395 0.999696 -0.02062 -4.17495 0.0303984 0.0210239 0.999317 349.746
0.999405 0.0125922 -0.0321138 -9.7706 -0.0132466 0.999707 -0.0202492 -4.2664 0.0318494 0.0206626 0.999279 352.179
0.999366 0.0122667 -0.0334267 -9.81182 -0.012952 0.999709 -0.0203616 -4.3226 0.0331672 0.0207817 0.999234 353.687
0.99927 0.0130863 -0.0358806 -9.86403 -0.0138991 0.99965 -0.0224972 -4.41281 0.0355737 0.0229795 0.999103 355.745
0.999197 0.0139168 -0.0375711 -9.93699 -0.0148193 0.999606 -0.0238486 -4.49196 0.0372244 0.0243862 0.999009 357.64
0.999155 0.0147722 -0.0383605 -10.0405 -0.015711 0.999582 -0.0242879 -4.58083 0.0379856 0.02487 0.998969 359.858
0.996611 0.0174556 -0.0803873 -10.1869 -0.0199481 0.999342 -0.0303074 -4.66691 0.0798053 0.0318083 0.996303 361.743
0.984379 0.0259987 -0.17413 -10.5395 -0.0299976 0.999342 -0.0203722 -4.74088 0.173486 0.0252774 0.984512 363.472
0.943599 0.0344912 -0.329289 -11.1255 -0.038559 0.999239 -0.00582855 -4.77807 0.328837 0.0181969 0.944211 365.032
0.86573 0.0557032 -0.497403 -11.9415 -0.0509794 0.998433 0.0230831 -4.78315 0.497909 0.00537353 0.867213 366.379
0.728289 0.0711061 -0.681571 -13.0605 -0.0458429 0.997429 0.0550734 -4.73501 0.683735 -0.00886425 0.729677 367.617
0.466619 0.0622054 -0.882268 -15.043 -0.00906765 0.997808 0.0655559 -4.58209 0.884412 -0.0225896 0.46616 368.888
0.271376 0.0526007 -0.961035 -16.5289 0.0127364 0.998222 0.0582326 -4.47612 0.962389 -0.028043 0.270224 369.327
0.090384 0.0735424 -0.993187 -18.1795 0.00226754 0.997252 0.0740497 -4.36603 0.995904 -0.00894495 0.0899689 369.421
-0.0322631 0.0794116 -0.996319 -19.9156 -0.0116659 0.996741 0.079823 -4.22858 0.999411 0.0141983 -0.0312315 369.342
-0.0798584 0.0731611 -0.994118 -21.7383 -0.0195024 0.996997 0.0749396 -4.09406 0.996616 0.0253723 -0.0781918 369.154
-0.087135 0.044294 -0.995211 -23.6314 -0.0206048 0.998717 0.046254 -3.96912 0.995983 0.0245365 -0.0861105 368.962
-0.0836737 0.0553031 -0.994958 -25.6559 -0.0160178 0.998255 0.0568334 -3.88018 0.996365 0.0206925 -0.0826418 368.795
-0.0775833 0.0524901 -0.995603 -27.7816 -0.0271836 0.99813 0.0547417 -3.7754 0.996615 0.0313111 -0.0760114 368.601
-0.0678725 0.0523154 -0.996322 -29.2687 -0.0326889 0.997972 0.0546289 -3.70132 0.997159 0.0362764 -0.0660247 368.492
-0.0582768 0.0602213 -0.996482 -30.8206 -0.0373379 0.997349 0.0624574 -3.61901 0.997601 0.0408464 -0.0558738 368.392
-0.0569323 0.0621663 -0.99644 -32.4401 -0.0369197 0.997246 0.0643259 -3.53055 0.997695 0.0404505 -0.0544803 368.297
-0.0451675 0.067271 -0.996713 -35.0056 -0.0331818 0.997079 0.0687994 -3.36815 0.998429 0.0361801 -0.0428033 368.173
-0.0377216 0.0788739 -0.996171 -37.7259 -0.0298813 0.996345 0.0800192 -3.18389 0.998842 0.0327854 -0.0352269 368.066
-0.0336068 0.0705242 -0.996944 -40.5084 -0.0325829 0.9969 0.0716195 -2.99795 0.998904 0.0348902 -0.0312047 367.964
-0.0345733 0.0718066 -0.996819 -43.3235 -0.0323978 0.996811 0.0729297 -2.82504 0.998876 0.0348162 -0.0321367 367.866
-0.0357173 0.0733145 -0.99667 -45.2192 -0.0322037 0.996703 0.0744711 -2.7123 0.998843 0.0347563 -0.0332385 367.788
-0.0363993 0.0726632 -0.996692 -47.0313 -0.0323578 0.996744 0.0738487 -2.59992 0.998814 0.0349388 -0.0339296 367.708
-0.0370362 0.0720731 -0.996711 -48.8391 -0.0325142 0.996781 0.0732863 -2.48886 0.998784 0.0351216 -0.0345735 367.638
-0.0375688 0.0715694 -0.996727 -50.6364 -0.032679 0.996811 0.0728071 -2.38081 0.998759 0.0353074 -0.0351101 367.56
-0.0455978 0.0774273 -0.995955 -52.4412 -0.0336234 0.996308 0.0789941 -2.26059 0.998394 0.0370894 -0.042826 367.466
-0.0528038 0.0773056 -0.995608 -54.2346 -0.0399818 0.996036 0.0794593 -2.14335 0.997804 0.044002 -0.0495037 367.359
-0.0522188 0.0768208 -0.995676 -56.0058 -0.0402255 0.996066 0.0789605 -2.02805 0.997825 0.0441748 -0.0489233 367.247
-0.0497031 0.0786838 -0.99566 -58.6962 -0.0400483 0.995933 0.0807046 -1.84602 0.997961 0.0438858 -0.0463499 367.094
-0.0479932 0.0793827 -0.995688 -61.3475 -0.0398081 0.995893 0.0813179 -1.66247 0.998054 0.0435392 -0.044636 366.944
-0.046845 0.0793039 -0.99575 -63.115 -0.0395252 0.995916 0.0811766 -1.53791 0.99812 0.0431599 -0.0435191 366.857
-0.0316801 0.0817688 -0.996147 -65.7717 -0.0409419 0.995705 0.0830345 -1.35116 0.998659 0.0434147 -0.0281963 366.751
-0.0169171 0.0768364 -0.9969 -68.3977 -0.040396 0.996176 0.0774661 -1.17089 0.99904 0.0415814 -0.0137486 366.693
-0.00513621 0.0720732 -0.997386 -70.9797 -0.0419025 0.996508 0.0722255 -1.00256 0.999109 0.0421639 -0.00209823 366.688
0.00674763 0.0763073 -0.997061 -73.5701 -0.0428899 0.996189 0.0759502 -0.847777 0.999057 0.0422514 0.00999472 366.692
0.0156818 0.0767612 -0.996926 -76.0867 -0.0368492 0.996416 0.0761422 -0.696932 0.999198 0.0355419 0.0184542 366.724
0.0158802 0.0791929 -0.996733 -78.4375 -0.0371565 0.996217 0.0785599 -0.5629 0.999183 0.0357875 0.0187626 366.769
0.0143073 0.0799851 -0.996693 -80.6102 -0.0295822 0.996393 0.0795364 -0.434416 0.99946 0.0283465 0.0166218 366.801
0.00116445 0.0871334 -0.996196 -82.5965 -0.0227209 0.995942 0.0870846 -0.30918 0.999741 0.0225331 0.00313948 366.803
-0.0250373 0.0833164 -0.996208 -85.0269 -0.0186229 0.996309 0.0837929 -0.137389 0.999513 0.0206502 -0.0233933 366.764
-0.0576355 0.0743941 -0.995562 -87.9806 -0.0179978 0.99698 0.075542 0.066851 0.998176 0.0222718 -0.0561225 366.572
-0.0837605 0.0635253 -0.994458 -90.9546 -0.0195521 0.997669 0.0653772 0.257806 0.996294 0.0249198 -0.0823232 366.33
-0.0962975 0.059411 -0.993579 -94.0597 -0.0280259 0.997659 0.0623713 0.426582 0.994959 0.0338521 -0.0944071 365.995
-0.0962695 0.0697562 -0.992909 -96.7104 -0.030413 0.996869 0.0729832 0.587434 0.994891 0.0372233 -0.0938466 365.724
-0.092498 0.0946872 -0.9912 -98.866 -0.037833 0.994415 0.0985249 0.75543 0.994993 0.0466135 -0.0883991 365.528
-0.086472 0.0701886 -0.993778 -100.341 -0.0450739 0.996218 0.074283 0.868308 0.995234 0.0512169 -0.0829813 365.388
-0.0817286 0.0766723 -0.9937 -101.886 -0.045578 0.995706 0.0805757 1.00851 0.995611 0.0518763 -0.0778831 365.264
-0.0754082 0.0995895 -0.992167 -103.482 -0.0439432 0.993702 0.103083 1.13077 0.996184 0.0513724 -0.070557 365.145
-0.0654506 0.0615719 -0.995954 -105.925 -0.0475704 0.996767 0.0647483 1.33962 0.996721 0.0516158 -0.06231 364.975
-0.0558382 0.0757354 -0.995564 -107.656 -0.0599122 0.995068 0.079058 1.45594 0.996641 0.0640609 -0.0510254 364.844
-0.0418932 0.069857 -0.996677 -109.435 -0.0663747 0.995154 0.0725402 1.57548 0.996915 0.0691931 -0.0370535 364.751
-0.0251729 0.0480691 -0.998527 -111.256 -0.0571662 0.99714 0.0494434 1.68171 0.998047 0.0583266 -0.022353 364.701
-0.00998541 0.0654313 -0.997807 -113.157 -0.0505162 0.99655 0.0658544 1.78682 0.998673 0.051063 -0.00664561 364.692
0.00266641 0.0770681 -0.997023 -115.09 -0.0468206 0.995942 0.0768594 1.9069 0.9989 0.0464762 0.00626396 364.697
0.0108545 0.068441 -0.997596 -117.059 -0.044709 0.99669 0.0678924 2.03846 0.998941 0.0438645 0.0138785 364.718
0.0121686 0.0675938 -0.997639 -119.054 -0.0448735 0.996744 0.0669859 2.1649 0.998919 0.0439524 0.0151621 364.747
0.0127737 0.0672182 -0.997657 -121.066 -0.0449985 0.996766 0.066582 2.28332 0.998906 0.0440425 0.0157571 364.762
0.0126292 0.0672989 -0.997653 -123.077 -0.0450861 0.996756 0.0666677 2.39767 0.998904 0.0441383 0.0156225 364.772
0.0017042 0.0511853 -0.998688 -126.058 -0.0325132 0.998164 0.051103 2.54279 0.99947 0.0323835 0.00336527 364.801
-0.00956738 0.0657833 -0.997789 -129.034 -0.030394 0.997354 0.0660461 2.67816 0.999493 0.0309586 -0.00754264 364.784
-0.0214944 0.0605087 -0.997936 -130.957 -0.038107 0.997392 0.0612965 2.78039 0.999042 0.0393459 -0.0191326 364.734
-0.025356 0.0616437 -0.997776 -132.878 -0.0379129 0.99732 0.0625789 2.87546 0.998959 0.0394153 -0.0229509 364.68
-0.0299218 0.0695892 -0.997128 -134.79 -0.0317397 0.997004 0.0705331 2.97876 0.999049 0.0337589 -0.0276234 364.62
-0.034395 0.0796663 -0.996226 -136.691 -0.0290604 0.996317 0.0806768 3.09978 0.998984 0.0317258 -0.0319531 364.554
-0.0362258 0.0687242 -0.996976 -138.575 -0.0332958 0.996996 0.0699353 3.2195 0.998787 0.0357288 -0.0338288 364.465
-0.0288583 0.0663179 -0.997381 -139.505 -0.0337417 0.997163 0.0672797 3.27847 0.999013 0.035595 -0.0265388 364.423
-0.0274471 0.0669684 -0.997378 -141.415 -0.033791 0.997121 0.0678811 3.38917 0.999052 0.0355655 -0.0251051 364.359
-0.0267356 0.0675163 -0.99736 -143.318 -0.0338012 0.997085 0.0684038 3.49604 0.999071 0.0355408 -0.0243755 364.301
-0.0267088 0.0679632 -0.997329 -145.204 -0.0337738 0.997055 0.0688489 3.60179 0.999072 0.0355225 -0.0243347 364.247
-0.0273777 0.0683047 -0.997288 -147.068 -0.0337065 0.997032 0.0692125 3.70106 0.999056 0.03551 -0.0249941 364.184
-0.0287174 0.0685414 -0.997235 -148.921 -0.0336055 0.997016 0.0694941 3.79742 0.999023 0.0355083 -0.0263284 364.139
-0.031068 0.0686306 -0.997159 -151.698 -0.0334454 0.99701 0.0696624 3.95628 0.998958 0.0355146 -0.0286797 364.062
-0.0311326 0.0775354 -0.996503 -154.397 -0.0308347 0.996438 0.0784937 4.11934 0.999039 0.0331706 -0.0286309 363.984
-0.0335365 0.0767394 -0.996486 -157.048 -0.0300368 0.99652 0.0777528 4.28497 0.998985 0.0325388 -0.0311148 363.91
-0.0335954 0.0763695 -0.996514 -159.534 -0.0293857 0.99657 0.0773645 4.43894 0.999003 0.0318824 -0.0312359 363.824
-0.0312793 0.0707961 -0.997002 -161.84 -0.021215 0.997217 0.071477 4.57339 0.999288 0.023387 -0.0296903 363.75
-0.0304884 0.0818438 -0.996179 -163.285 -0.0150805 0.996491 0.082331 4.64908 0.999422 0.017533 -0.0291472 363.705
-0.033295 0.0629779 -0.997458 -165.276 -0.0181773 0.997809 0.0636068 4.76123 0.999279 0.020249 -0.0320773 363.626
-0.0458072 0.0695213 -0.996528 -167.093 -0.0254435 0.997171 0.0707357 4.85383 0.998626 0.0285954 -0.0439087 363.522
-0.072462 0.0723391 -0.994745 -168.831 -0.0206087 0.997045 0.0740076 4.95593 0.997159 0.0258631 -0.070757 363.426
-0.165743 0.0681874 -0.983809 -170.956 -0.0104853 0.997428 0.0708979 5.08019 0.986113 0.0220663 -0.164602 363.092
-0.331357 0.070419 -0.940874 -172.933 0.00408124 0.997309 0.0732054 5.20111 0.943496 0.0204172 -0.330752 362.447
-0.588997 0.074815 -0.804665 -174.976 0.0208085 0.996779 0.0774458 5.35215 0.807868 0.0288714 -0.588657 361.133
-0.785047 0.0730446 -0.615113 -176.299 0.0335159 0.996577 0.0755683 5.50217 0.618527 0.0387087 -0.784808 359.56
-0.861741 0.0669587 -0.502908 -176.782 0.0344526 0.996688 0.0736668 5.58923 0.506175 0.0461553 -0.861193 358.577
-0.945059 0.0748139 -0.318227 -177.342 0.0543637 0.995873 0.0726785 5.69128 0.322351 0.0513854 -0.945226 357.004
-0.984133 0.0678941 -0.16392 -177.638 0.0580758 0.996261 0.0639693 5.79185 0.167651 0.0534346 -0.984396 355.262
-0.993324 0.0587279 -0.0992798 -177.712 0.0527486 0.996693 0.0618161 5.86016 0.102582 0.0561666 -0.993137 354.021
-0.996352 0.0600203 -0.060669 -177.771 0.0563428 0.99657 0.0606105 5.92779 0.0640988 0.0569711 -0.996317 352.745
-0.997449 0.0690681 -0.0179736 -177.81 0.0683694 0.996975 0.0369524 6.01534 0.0204715 0.0356293 -0.999154 350.787
-0.997692 0.0636914 0.0234974 -177.754 0.0644522 0.997369 0.0331806 6.0835 -0.0213223 0.0346185 -0.999173 348.702
-0.997413 0.0582669 0.0421068 -177.654 0.0595895 0.997746 0.0308685 6.14843 -0.0402133 0.0332977 -0.998636 346.503
-0.996771 0.0577174 0.0558202 -177.527 0.0595436 0.997725 0.0316237 6.21425 -0.0538679 0.0348453 -0.99794 344.164
-0.996261 0.0504711 0.0701243 -177.334 0.0531445 0.997909 0.0367961 6.28916 -0.0681205 0.0403852 -0.99686 341.717
-0.996002 0.0469499 0.0760137 -177.19 0.0494325 0.998293 0.031114 6.33688 -0.0744232 0.0347471 -0.996622 340.029
-0.996152 0.0435695 0.0760382 -177.042 0.0456124 0.998638 0.0253401 6.37731 -0.0748306 0.0287109 -0.996782 338.3
-0.996452 0.042534 0.0726356 -176.9 0.0447897 0.998554 0.0297124 6.4161 -0.0712669 0.0328603 -0.996917 336.505
-0.996716 0.0397615 0.0705647 -176.831 0.0420562 0.998624 0.0313363 6.43424 -0.0692216 0.034201 -0.997016 335.599
-0.996944 0.0384066 0.0680034 -176.761 0.0406025 0.998688 0.0312079 6.45702 -0.0667156 0.0338737 -0.997195 334.682
-0.997176 0.036606 0.0655813 -176.698 0.0387782 0.99873 0.0321616 6.4848 -0.0643207 0.0346139 -0.997329 333.76
-0.997454 0.0341402 0.0626281 -176.628 0.03632 0.998762 0.0340022 6.49939 -0.0613897 0.0361902 -0.997459 332.83
-0.997706 0.034655 0.058127 -176.507 0.0371389 0.998418 0.04221 6.55283 -0.0565723 0.044272 -0.997415 330.963
-0.998189 0.0310371 0.0515638 -176.34 0.0336953 0.998104 0.0515083 6.65311 -0.0498674 0.0531524 -0.997342 328.177
-0.998449 0.0304284 0.0466276 -176.242 0.0326014 0.998383 0.0465744 6.7286 -0.045135 0.0480223 -0.997826 326.3
-0.998574 0.0317587 0.042897 -176.153 0.0337791 0.998313 0.0472263 6.79799 -0.0413248 0.048608 -0.997962 324.434
-0.99868 0.0329104 0.0394794 -176.084 0.0346659 0.998402 0.0446386 6.86078 -0.0379472 0.0459482 -0.998224 322.571
-0.999058 0.0248438 0.0355219 -175.992 0.0263365 0.998762 0.0421923 6.92473 -0.0344297 0.0430882 -0.998476 320.718
-0.999354 0.0180773 0.0310741 -175.917 0.0194197 0.998867 0.0434568 6.98905 -0.0302533 0.0440321 -0.998572 318.851
-0.999557 0.0131654 0.0266563 -175.84 0.0144276 0.998756 0.0477252 7.05859 -0.0259948 0.0480887 -0.998504 316.955
-0.999399 0.0266973 0.0220646 -175.815 0.0276531 0.998639 0.0442125 7.13647 -0.0208543 0.0447961 -0.998778 315.035
-0.9995 0.0245683 0.0199008 -175.773 0.0254679 0.998604 0.0462857 7.21318 -0.0187359 0.0467694 -0.99873 313.113
-0.999418 0.0277614 0.0197758 -175.73 0.0288319 0.99801 0.0560806 7.28813 -0.0181796 0.0566182 -0.998229 311.193
-0.999538 0.0197946 0.0230093 -175.641 0.0206888 0.999013 0.0392987 7.39128 -0.0222087 0.0397567 -0.998961 308.367
-0.999496 0.0201636 0.0245102 -175.587 0.0211348 0.998975 0.0400318 7.44116 -0.0236779 0.0405297 -0.998898 306.471
-0.999506 0.0205653 0.0237641 -175.531 0.0215403 0.998905 0.041532 7.49742 -0.022884 0.0420234 -0.998854 304.58
-0.999631 0.0200917 0.0183495 -175.484 0.0208123 0.998984 0.0399646 7.5473 -0.0175279 0.0403317 -0.999033 302.709
-0.999689 0.0209761 0.0133692 -175.453 0.0215269 0.998865 0.0424797 7.59581 -0.0124629 0.0427543 -0.999006 300.853
-0.999695 0.0228533 0.00926276 -175.434 0.0231679 0.999104 0.0354158 7.65348 -0.00844509 0.0356196 -0.999329 298.997
-0.99972 0.0222007 0.0083258 -175.407 0.0225454 0.998782 0.0438886 7.7061 -0.00734131 0.044064 -0.999003 297.127
-0.999655 0.0249651 0.0083153 -175.395 0.0252841 0.998849 0.0407619 7.76673 -0.0072881 0.040958 -0.999136 295.28
-0.999213 0.0362463 0.0161855 -175.366 0.0368456 0.998583 0.0384041 7.84819 -0.0147706 0.0389702 -0.999133 292.487
-0.999127 0.0310143 0.0279963 -175.275 0.0319429 0.998933 0.0333552 7.91937 -0.0269319 0.0342204 -0.999052 289.71
-0.999068 0.0305731 0.0304049 -175.208 0.0318734 0.998556 0.0432409 7.96852 -0.029039 0.0441698 -0.9986 287.829
-0.998995 0.0314773 0.0318894 -175.146 0.0327453 0.998661 0.0400515 8.03547 -0.030586 0.0410555 -0.998688 285.924
-0.998644 0.0404367 0.0327605 -175.086 0.0413906 0.998723 0.0289823 8.08753 -0.0315467 0.030299 -0.999042 284.051
-0.99875 0.0376576 0.0328834 -175.024 0.0390172 0.998367 0.0417338 8.13278 -0.0312581 0.0429647 -0.998588 282.144
-0.998836 0.0393726 0.0278962 -174.93 0.0405028 0.99833 0.0411798 8.23274 -0.0262283 0.0422617 -0.998763 279.253
-0.998878 0.0419236 0.0220814 -174.875 0.0428101 0.998228 0.0413337 8.29551 -0.0203094 0.0422326 -0.998903 277.321
-0.998783 0.0459924 0.0179088 -174.849 0.0468303 0.997671 0.049584 8.36389 -0.0155866 0.0503623 -0.998611 275.359
