1 -2.35494e-31 5.39928e-30 1.76188e-32 2.35494e-31 1 -9.05718e-31 -2.56452e-33 -5.39928e-30 9.05718e-31 1 9.73793e-33
1 -2.35466e-19 5.38636e-18 -0.015399 2.35466e-19 1 -9.03854e-19 0.000644 -5.38636e-18 9.03854e-19 1 0.724361
0.99996 0.000799041 -0.00885649 -0.032737 -0.000811743 0.999999 -0.00143062 -0.005839 0.00885533 0.00143775 0.99996 2.22514
0.999831 0.00359636 -0.0180172 -0.072171 -0.0036055 0.999993 -0.000475172 -0.012668 0.0180154 0.000540053 0.999838 3.77719
0.999584 0.0040376 -0.0285613 -0.15187 -0.00391604 0.999983 0.00431079 -0.0243396 0.0285782 -0.00419715 0.999583 6.19766
0.999584 0.0040376 -0.0285613 -0.245976 -0.00391604 0.999983 0.00431079 -0.0286251 0.0285782 -0.00419715 0.999583 8.68855
0.999584 0.0040376 -0.0285613 -0.334568 -0.00391604 0.999983 0.00431079 -0.0409828 0.0285782 -0.00419715 0.999583 11.2714
0.999584 0.0040376 -0.0285613 -0.42818 -0.00391604 0.999983 0.00431079 -0.0544952 0.0285782 -0.00419715 0.999583 13.937
0.999584 0.0040376 -0.0285613 -0.52956 -0.00391604 0.999983 0.00431079 -0.0620098 0.0285782 -0.00419715 0.999583 16.6458
0.999584 0.0040376 -0.0285613 -0.583486 -0.00391604 0.999983 0.00431079 -0.0722607 0.0285782 -0.00419715 0.999583 18.481
0.999584 0.0040376 -0.0285613 -0.64334 -0.00391604 0.999983 0.00431079 -0.0761441 0.0285782 -0.00419715 0.999583 20.3358
0.999584 0.0040376 -0.0285613 -0.727207 -0.00391604 0.999983 0.00431079 -0.0901498 0.0285782 -0.00419715 0.999583 23.1532
0.999584 0.0040376 -0.0285613 -0.803357 -0.00391604 0.999983 0.00431079 -0.115804 0.0285782 -0.00419715 0.999583 26.0016
0.99957 -0.0016337 -0.0292822 -0.859965 0.00199301 0.999923 0.0122456 -0.1139 0.02926 -0.0122987 0.999496 27.9589
0.999419 -0.011529 -0.0320769 -0.906833 0.011794 0.999898 0.00808326 -0.115848 0.0319804 -0.00845687 0.999453 29.919
0.999419 -0.011529 -0.0320769 -1.026 0.011794 0.999898 0.00808326 -0.126099 0.0319804 -0.00845687 0.999453 32.8761
0.999419 -0.011529 -0.0320769 -1.08508 0.011794 0.999898 0.00808326 -0.136967 0.0319804 -0.00845687 0.999453 34.8238
0.999435 -0.00383026 -0.0333777 -1.19601 0.00436915 0.999861 0.0160872 -0.148725 0.0333115 -0.0162239 0.999313 37.7367
0.999435 -0.00383026 -0.0333777 -1.31046 0.00436915 0.999861 0.0160872 -0.132695 0.0333115 -0.0162239 0.999313 40.7252
0.999435 -0.00383026 -0.0333777 -1.38577 0.00436915 0.999861 0.0160872 -0.132083 0.0333115 -0.0162239 0.999313 42.7049
0.999435 -0.00383026 -0.0333777 -1.51025 0.00436915 0.999861 0.0160872 -0.12766 0.0333115 -0.0162239 0.999313 45.6533
0.999435 -0.00383026 -0.0333777 -1.62647 0.00436915 0.999861 0.0160872 -0.10722 0.0333115 -0.0162239 0.999313 48.5821
0.999435 -0.00383026 -0.0333777 -1.71927 0.00436915 0.999861 0.0160872 -0.105893 0.0333115 -0.0162239 0.999313 51.4523
0.999284 -0.0100739 -0.036475 -1.81217 0.01103 0.999598 0.026106 -0.0843594 0.0361973 -0.0264896 0.998994 54.3031
0.999194 -0.00526374 -0.039801 -1.92941 0.00592026 0.999848 0.0163954 -0.0529771 0.0397086 -0.0166178 0.999073 57.0857
0.999075 0.00361909 -0.0428588 -2.07228 -0.00296592 0.999879 0.0152939 -0.0512536 0.0429089 -0.0151526 0.998964 59.8075
0.999075 0.00361909 -0.0428588 -2.20055 -0.00296592 0.999879 0.0152939 -0.0510802 0.0429089 -0.0151526 0.998964 62.4289
0.999075 0.00361909 -0.0428588 -2.32676 -0.00296592 0.999879 0.0152939 -0.0541708 0.0429089 -0.0151526 0.998964 64.9169
0.998751 0.0135753 -0.0480939 -2.48767 -0.0126557 0.999732 0.0193727 -0.0468649 0.048344 -0.0187399 0.998655 68.0269
0.998585 0.0137343 -0.0513825 -2.6051 -0.0134837 0.999895 0.00522131 -0.052977 0.0514488 -0.00452109 0.998665 70.149
0.998585 0.0137343 -0.0513825 -2.71296 -0.0134837 0.999895 0.00522131 -0.0831665 0.0514488 -0.00452109 0.998665 72.0891
0.999051 0.00952161 -0.0424954 -2.82587 -0.00961663 0.999952 -0.00203222 -0.114295 0.042474 0.00243896 0.999095 74.4706
0.999905 0.00283844 -0.0135222 -2.86398 -0.00272218 0.999959 0.00860863 -0.145794 0.0135461 -0.008571 0.999872 76.627
0.997612 0.00773284 0.0686261 -2.76653 -0.00847603 0.999908 0.010545 -0.158981 -0.0685383 -0.0111015 0.997587 78.5899
0.977752 0.00603109 0.209677 -2.40966 -0.00924569 0.999854 0.0143544 -0.170167 -0.209559 -0.0159737 0.977665 80.371
0.885443 0.0100459 0.464639 -1.52538 -0.0141254 0.999886 0.00529976 -0.187247 -0.464533 -0.0112559 0.885484 82.2351
0.641849 0.00613378 0.766807 0.139251 -0.0119284 0.999927 0.001986 -0.21238 -0.766738 -0.0104215 0.641875 83.8087
0.357988 0.00737303 0.933697 2.20212 -0.00364914 0.999972 -0.00649727 -0.248624 -0.933719 -0.00108125 0.358005 84.6459
0.216134 0.00779224 0.976334 3.69391 0.00140744 0.999965 -0.00829243 -0.276812 -0.976364 0.00316642 0.216116 84.9473
0.11723 0.0215724 0.99287 5.28932 0.0111521 0.999672 -0.0230369 -0.319175 -0.993042 0.0137732 0.116951 85.1054
0.0640188 0.0248044 0.997639 6.61246 0.00866717 0.99964 -0.0254103 -0.349027 -0.997909 0.0102734 0.0637808 85.188
0.0246381 0.0187417 0.999521 8.06688 0.0144976 0.999712 -0.0191026 -0.396239 -0.999592 0.0149614 0.0243593 85.21
0.00097474 0.0205507 0.99979 9.65944 0.0214697 0.999558 -0.0205669 -0.436416 -0.99977 0.0214852 0.000533092 85.2003
-0.0149334 0.0224389 0.999638 11.3994 0.0257524 0.999425 -0.0220494 -0.481665 -0.999558 0.0254138 -0.0155027 85.1636
-0.0149306 0.0224388 0.999636 12.6582 0.0257524 0.999425 -0.0220494 -0.51329 -0.999556 0.0254138 -0.0154998 85.1309
-0.0169399 0.0212739 0.999631 14.6813 0.0357868 0.999146 -0.0206572 -0.566802 -0.999217 0.0354237 -0.0176868 85.0839
-0.00618723 0.0208036 0.999764 16.8515 0.0409228 0.998951 -0.0205334 -0.620603 -0.999143 0.0407862 -0.00703209 85.0537
0.00961685 0.0140804 0.999854 19.9507 0.038267 0.999163 -0.0144387 -0.697171 -0.999221 0.0384003 0.00906998 85.0889
0.0181415 0.0237667 0.999552 22.3549 0.0278346 0.999318 -0.0242662 -0.766728 -0.999447 0.0282623 0.0174675 85.1464
0.0181415 0.0237668 0.999552 24.804 0.0278347 0.999318 -0.0242664 -0.844551 -0.999447 0.0282625 0.0174675 85.2213
0.0181415 0.0237668 0.999552 27.2666 0.0278347 0.999318 -0.0242664 -0.939919 -0.999447 0.0282625 0.0174675 85.2741
0.0101088 0.0239079 0.999663 30.5266 0.015864 0.999584 -0.0240664 -1.06063 -0.999823 0.0161019 0.00972535 85.3504
-0.00839847 0.0195103 0.999774 32.949 0.0120952 0.999738 -0.019408 -1.14284 -0.999891 0.0119295 -0.00863226 85.3511
-0.0373255 0.0199669 0.999104 35.3502 0.0138006 0.999715 -0.0194635 -1.21833 -0.999208 0.0130617 -0.0375904 85.2865
-0.0589365 0.0181631 0.998095 36.93 0.0138538 0.999753 -0.0173751 -1.27358 -0.998164 0.0128034 -0.0591736 85.1957
-0.0805975 0.0190061 0.996566 38.4845 0.0141672 0.999739 -0.0179209 -1.32165 -0.996646 0.0126742 -0.0808457 85.0714
-0.110687 0.0219364 0.993611 40.7665 0.0157068 0.99967 -0.0203204 -1.39718 -0.993729 0.0133573 -0.110995 84.8294
-0.138346 0.0222485 0.990133 43.0147 0.018315 0.999634 -0.0199029 -1.47007 -0.990214 0.0153808 -0.138703 84.5368
-0.154898 0.0185634 0.987757 45.1557 0.026282 0.999547 -0.0146635 -1.53933 -0.987581 0.0236888 -0.155316 84.1976
-0.154895 0.0185634 0.987755 46.5266 0.0262819 0.999547 -0.0146635 -1.58315 -0.98758 0.0236888 -0.155313 83.9792
-0.154892 0.0185634 0.987754 47.8253 0.0262819 0.999547 -0.0146636 -1.62181 -0.987579 0.0236888 -0.15531 83.765
-0.138689 0.0211203 0.990111 49.6442 0.0269799 0.999482 -0.017541 -1.6925 -0.989969 0.0242803 -0.139187 83.5027
-0.0759644 0.0247857 0.996803 51.8281 0.022028 0.999489 -0.0231738 -1.7811 -0.996868 0.0201972 -0.0764716 83.3267
0.0483453 0.0264523 0.998479 53.865 0.0144818 0.999526 -0.0271812 -1.86549 -0.998725 0.0157738 0.0479393 83.3932
0.238794 0.0130459 0.970983 55.8005 0.00186142 0.999902 -0.0138923 -1.94274 -0.971069 0.0051248 0.238746 83.8041
0.414582 0.0172276 0.909849 57.1999 0.00476283 0.999766 -0.0211004 -1.9803 -0.91 0.0130813 0.414403 84.3873
0.534771 0.0241881 0.844651 58.0029 0.0025886 0.999539 -0.0302625 -2.01695 -0.844993 0.01837 0.534461 84.925
0.647425 0.0286759 0.761589 58.6947 -0.00321421 0.999386 -0.0348971 -2.04123 -0.762122 0.0201454 0.64712 85.5568
0.744986 0.0239635 0.666649 59.2903 -0.00597015 0.999554 -0.0292585 -2.06932 -0.667053 0.0178172 0.744797 86.283
0.859935 0.0126557 0.510247 59.9726 -0.00958119 0.999917 -0.00865346 -2.10292 -0.510314 0.00255264 0.859984 87.5142
0.949324 0.0269586 0.313141 60.6668 -0.0291504 0.999572 0.00231894 -2.14143 -0.312945 -0.0113296 0.949704 89.7188
0.968437 0.0418311 0.245722 61.3782 -0.042824 0.999082 -0.00130358 -2.16058 -0.24555 -0.00926034 0.96934 92.6706
0.966063 0.0414495 0.25496 61.9458 -0.0379213 0.999105 -0.0187404 -2.18948 -0.255509 0.00843601 0.96677 94.8062
0.961094 0.0406746 0.273209 62.5933 -0.0410982 0.999146 -0.00417497 -2.23265 -0.273146 -0.00721587 0.961946 97.1712
0.95962 0.0291913 0.279782 63.3346 -0.0279227 0.999574 -0.00852005 -2.26603 -0.279911 0.000363747 0.960026 99.6826
0.961143 0.0331006 0.274061 63.8949 -0.0301886 0.999434 -0.0148373 -2.29081 -0.274397 0.00598726 0.961598 101.685
0.962699 0.0321645 0.268658 64.4828 -0.0328977 0.999457 -0.00177358 -2.33123 -0.268569 -0.00713079 0.963234 103.827
0.965133 0.0383391 0.258938 65.0639 -0.0356762 0.999251 -0.0149773 -2.35652 -0.259318 0.00521721 0.965778 106.045
0.968163 0.0272663 0.248832 65.858 -0.0266152 0.999628 -0.00598152 -2.41333 -0.248902 -0.000831611 0.968528 109.15
0.968163 0.0272663 0.248832 66.4699 -0.0266152 0.999628 -0.00598152 -2.44424 -0.248902 -0.000831611 0.968528 111.544
0.964704 0.050743 0.258401 67.4965 -0.0501178 0.998703 -0.00901074 -2.52645 -0.258523 -0.00425781 0.965996 115.659
0.964433 0.0367148 0.261764 68.1788 -0.0347797 0.999323 -0.0120231 -2.57788 -0.262028 0.00249141 0.965057 118.134
0.962549 0.0440586 0.267505 69.0569 -0.0459809 0.998942 0.000922896 -2.65501 -0.267181 -0.0131885 0.963556 121.456
0.963117 0.0348339 0.266817 69.9725 -0.0306982 0.999335 -0.0196572 -2.73439 -0.267325 0.0107414 0.963547 124.702
0.96409 0.0276905 0.264127 70.6316 -0.0315631 0.999447 0.0104286 -2.77639 -0.263692 -0.0183908 0.964432 127.143
0.966018 0.0330981 0.256348 71.4628 -0.031005 0.999445 -0.0122033 -2.84234 -0.25661 0.00384058 0.966508 130.32
0.968671 0.0385173 0.24534 72.0496 -0.035957 0.999242 -0.0149082 -2.90754 -0.245729 0.00561945 0.969322 132.719
0.969681 0.0440948 0.240364 72.6129 -0.0434141 0.999024 -0.00812894 -2.97227 -0.240488 -0.00255274 0.970649 135.092
0.969681 0.0440948 0.240364 72.9917 -0.0434141 0.999024 -0.00812894 -3.01262 -0.240488 -0.00255274 0.970649 136.66
0.972659 0.0370344 0.229268 73.3681 -0.034978 0.999303 -0.0130281 -3.04089 -0.229591 0.00465261 0.973276 138.218
0.9757 0.032207 0.21673 73.7232 -0.03304 0.999454 0.000220223 -3.0601 -0.216605 -0.00737564 0.976232 139.788
0.977987 0.0385942 0.205068 74.1921 -0.0410635 0.999126 0.00779753 -3.0827 -0.204587 -0.0160467 0.978717 142.164
0.983151 0.042657 0.177746 74.7499 -0.0429047 0.999076 -0.00245129 -3.12139 -0.177686 -0.00521615 0.984073 145.307
0.988381 0.0500733 0.143515 75.2132 -0.0492752 0.998744 -0.00911221 -3.1666 -0.143791 0.0019346 0.989606 148.53
0.991905 0.0549219 0.114493 75.588 -0.0563599 0.998367 0.00935824 -3.19801 -0.113792 -0.0157353 0.99338 151.802
0.992678 0.0656378 0.101397 75.8194 -0.0655287 0.997841 -0.00440973 -3.21847 -0.101468 -0.00226699 0.994836 154.238
0.993203 0.0694815 0.0933829 76.0288 -0.0706752 0.997454 0.00953293 -3.23816 -0.0924827 -0.016068 0.995585 156.736
0.996029 0.0526421 0.0717975 76.3011 -0.0527364 0.998608 -0.000582803 -3.25296 -0.0717282 -0.00320585 0.997419 160.003
0.998207 0.0397144 0.0447826 76.4651 -0.0404275 0.999068 0.0151316 -3.26196 -0.0441399 -0.016915 0.998882 163.319
0.999785 0.0172846 0.011435 76.5879 -0.0173059 0.999849 0.00176655 -3.28495 -0.0114027 -0.00196407 0.999933 167.502
0.999429 0.0335157 -0.0042003 76.5426 -0.033476 0.999397 0.00918149 -3.28172 0.00450549 -0.00903564 0.999949 170.865
0.999429 0.0335157 -0.0042003 76.4987 -0.033476 0.999397 0.00918149 -3.2993 0.00450549 -0.00903564 0.999949 174.247
0.99969 0.0225203 -0.0106528 76.4791 -0.0225924 0.999722 -0.00669832 -3.31529 0.010499 0.00693691 0.999921 177.616
0.999661 0.0204236 -0.0161466 76.4239 -0.0202983 0.999763 0.00788412 -3.35923 0.0163038 -0.0075537 0.999839 181.026
0.999418 0.0293787 -0.017309 76.3416 -0.029368 0.999568 0.000872481 -3.39472 0.0173272 -0.000363644 0.99985 184.399
0.999039 0.0398296 -0.0182824 76.2644 -0.0397133 0.999189 0.00667655 -3.42111 0.0185335 -0.00594408 0.999811 186.894
0.99898 0.0405531 -0.0198435 76.2235 -0.0406093 0.999172 -0.0024409 -3.43764 0.019728 0.00324424 0.9998 188.523
0.998859 0.0418145 -0.0230785 76.1789 -0.0416572 0.999106 0.00725362 -3.4456 0.0233612 -0.00628396 0.999707 190.138
0.998859 0.0418145 -0.0230785 76.1005 -0.0416572 0.999106 0.00725362 -3.46503 0.0233612 -0.00628396 0.999707 193.231
0.999199 0.0346585 -0.0200078 76.0621 -0.0347991 0.999372 -0.00672584 -3.50102 0.0197621 0.00741671 0.999777 195.305
0.999012 0.0443401 0.00297703 76.0103 -0.0443677 0.998966 0.00994797 -3.53974 -0.00253286 -0.0100702 0.999946 198.023
0.998203 0.047175 0.0369439 76.0847 -0.0466992 0.998816 -0.013638 -3.58154 -0.0375435 0.0118883 0.999224 201.248
0.997652 0.034445 0.0591874 76.2781 -0.0345628 0.999402 0.000967308 -3.6411 -0.0591186 -0.00301072 0.998246 204.479
0.997119 0.0498438 0.0571839 76.4355 -0.0495971 0.998753 -0.0057264 -3.67437 -0.057398 0.00287374 0.998347 207.734
0.997749 0.0504176 0.0442088 76.5477 -0.0504412 0.998727 -0.000582585 -3.70732 -0.0441818 -0.00164867 0.999022 210.381
0.998683 0.0411284 0.0306623 76.6361 -0.0416168 0.999014 0.015464 -3.71418 -0.0299961 -0.0167197 0.99941 213.093
0.999706 0.0134551 0.020157 76.7437 -0.0137423 0.999805 0.0141796 -3.7168 -0.0199623 -0.0144524 0.999696 216.585
0.999865 -0.00397998 0.0159124 76.8271 0.00384289 0.999955 0.00863645 -3.71811 -0.015946 -0.00857413 0.999836 219.35
0.999865 -0.00397998 0.0159124 76.8547 0.00384289 0.999955 0.00863645 -3.72842 -0.015946 -0.00857413 0.999836 221.435
0.999846 -0.00767592 0.0157957 76.8778 0.00780667 0.999936 -0.00823251 -3.74373 -0.0157315 0.00835455 0.999841 222.789
0.999846 -0.00767592 0.0157957 76.8978 0.00780667 0.999936 -0.00823251 -3.77554 -0.0157315 0.00835455 0.999841 224.793
0.999851 -0.00952366 0.014412 76.9371 0.00941213 0.999925 0.00778718 -3.81518 -0.0144851 -0.00765037 0.999866 226.655
0.999301 -0.0262429 -0.0266219 76.9125 0.0262639 0.999655 0.000439306 -3.84656 0.0266012 -0.00113819 0.999645 229.457
0.987818 -0.0309071 -0.152514 76.5946 0.0317657 0.99949 0.0031962 -3.88866 0.152337 -0.00800198 0.988296 231.92
0.931339 -0.00533032 -0.364113 75.819 0.00165876 0.999945 -0.0103955 -3.91854 0.364149 0.00907778 0.931297 234.036
0.754098 0.0550811 -0.654448 74.2387 -0.052612 0.998341 0.0234016 -3.92715 0.654651 0.0167847 0.755745 236.032
0.588633 0.0822877 -0.804201 72.8554 -0.0604102 0.996502 0.0577472 -3.87373 0.80614 0.01459 0.591545 236.984
0.337898 0.0582824 -0.939377 70.9423 -0.0315872 0.998221 0.0505713 -3.74024 0.940653 0.0125843 0.339138 237.745
0.200869 0.0587918 -0.977852 69.5958 -0.0259722 0.998166 0.0546779 -3.67367 0.979274 0.0144139 0.202027 237.986
0.0962912 0.054123 -0.993881 68.1247 -0.0234869 0.998366 0.0520917 -3.60492 0.995076 0.0183272 0.097405 238.098
0.0314968 0.0495035 -0.998276 66.5643 -0.026476 0.998464 0.0486775 -3.53296 0.999152 0.0248973 0.032759 238.106
-0.00358989 0.0446554 -0.998996 64.2635 -0.0318038 0.998492 0.0447471 -3.42903 0.999488 0.0319325 -0.00216427 238.084
-0.00358989 0.0446554 -0.998996 61.6599 -0.0318038 0.998492 0.0447471 -3.32378 0.999488 0.0319325 -0.00216427 238.059
-0.00358989 0.0446554 -0.998996 59.5193 -0.0318038 0.998492 0.0447472 -3.23442 0.999488 0.0319324 -0.00216427 238.056
-0.00358989 0.0446554 -0.998996 57.1702 -0.0318038 0.998492 0.0447472 -3.13324 0.999488 0.0319324 -0.00216427 238.044
-0.00358989 0.0446554 -0.998996 54.6332 -0.0318038 0.998492 0.0447471 -3.02568 0.999488 0.0319325 -0.00216427 238.038
-0.000240007 0.0559702 -0.998433 51.9827 -0.027523 0.998054 0.0559556 -2.91322 0.999622 0.0274932 0.00130092 238.025
-0.000237181 0.0559701 -0.998432 49.3255 -0.0275231 0.998054 0.0559554 -2.80279 0.999621 0.0274933 0.00130375 238.016
-0.00798989 0.0659845 -0.997788 46.6681 -0.0206024 0.997598 0.0661369 -2.67847 0.999755 0.0210853 -0.00661126 238.006
-0.016197 0.0679662 -0.997556 44.0177 -0.0158138 0.997545 0.0682222 -2.52981 0.999744 0.0168801 -0.0150824 237.967
-0.016197 0.0679662 -0.997556 41.4021 -0.0158138 0.997545 0.0682222 -2.38941 0.999744 0.0168801 -0.0150824 237.886
-0.0193598 0.0604935 -0.997981 38.7921 -0.0267938 0.997778 0.061001 -2.25509 0.999454 0.0279207 -0.0176959 237.823
-0.0193598 0.0604938 -0.997981 37.0727 -0.0267938 0.997778 0.0610012 -2.17072 0.999454 0.0279207 -0.017696 237.786
-0.0193598 0.0604935 -0.997981 35.3754 -0.0267938 0.997778 0.061001 -2.0929 0.999454 0.0279207 -0.0176959 237.756
-0.0154926 0.0637006 -0.997848 33.6928 -0.0187477 0.997775 0.063987 -2.01803 0.999704 0.0196987 -0.0142639 237.73
-0.0154926 0.0637005 -0.997848 32.0307 -0.0187478 0.997775 0.0639869 -1.93807 0.999704 0.0196988 -0.0142639 237.713
-0.0154926 0.0637005 -0.997848 30.3716 -0.0187478 0.997775 0.0639869 -1.85665 0.999704 0.0196988 -0.0142639 237.69
-0.0174613 0.0741652 -0.997095 27.8966 -0.0204607 0.99701 0.0745172 -1.72829 0.99964 0.0217022 -0.0158917 237.632
-0.0308414 0.0640824 -0.997468 24.6462 -0.0235906 0.997618 0.0648214 -1.53072 0.999246 0.0255301 -0.0292562 237.532
-0.0448911 0.0655864 -0.996837 22.2576 -0.0283714 0.997356 0.0668982 -1.40687 0.998589 0.0312848 -0.0429117 237.415
-0.0538855 0.0695154 -0.996125 20.6744 -0.0354817 0.996811 0.0714826 -1.32125 0.997917 0.039196 -0.0512471 237.318
-0.0608555 0.0669916 -0.995894 18.3696 -0.0487247 0.996356 0.0700001 -1.19045 0.996954 0.0527848 -0.0573696 237.148
-0.0608584 0.0669916 -0.995895 16.1539 -0.0487248 0.996356 0.0700001 -1.06991 0.996956 0.0527849 -0.0573725 236.996
-0.0564723 0.0693664 -0.995992 13.3689 -0.0561595 0.995783 0.0725361 -0.922405 0.996824 0.0600306 -0.0523386 236.819
-0.0475121 0.0677966 -0.996566 11.4608 -0.0586392 0.995784 0.0705391 -0.822435 0.997146 0.0617895 -0.0433362 236.707
-0.0475121 0.0677966 -0.996566 10.256 -0.0586392 0.995784 0.070539 -0.75778 0.997146 0.0617895 -0.0433362 236.657
-0.047515 0.0677967 -0.996567 9.10431 -0.0586394 0.995784 0.0705393 -0.692489 0.997148 0.0617897 -0.0433391 236.611
-0.047515 0.0677967 -0.996567 8.02853 -0.0586393 0.995784 0.0705393 -0.638347 0.997148 0.0617897 -0.0433391 236.573
-0.03868 0.0688454 -0.996877 7.02399 -0.0574054 0.995823 0.071 -0.584426 0.997601 0.0599724 -0.0345663 236.541
-0.0144308 0.0742382 -0.997136 4.79364 -0.0559787 0.995616 0.0749352 -0.464786 0.998328 0.0568998 -0.0102118 236.496
0.0287655 0.0718205 -0.997002 2.13981 -0.0509047 0.996226 0.070296 -0.317206 0.998289 0.0487301 0.0323129 236.574
0.103316 0.0371973 -0.993954 -0.474829 -0.0493006 0.998264 0.032234 -0.207589 0.993427 0.0456721 0.104971 236.775
0.312048 0.0480396 -0.94885 -2.48944 -0.043129 0.998407 0.0363648 -0.169882 0.949086 0.0295754 0.313623 237.381
0.578028 0.0656411 -0.813373 -4.15123 -0.0554583 0.997615 0.0410981 -0.133264 0.81413 0.0213524 0.580289 238.477
0.760514 0.0543067 -0.647047 -5.1328 -0.0592767 0.998142 0.0141026 -0.11189 0.64661 0.0276296 0.76232 239.66
0.900085 0.0467329 -0.4332 -5.88814 -0.0504148 0.998724 0.00299084 -0.116479 0.432787 0.0191477 0.901293 241.258
0.958908 0.0400685 -0.280875 -6.26297 -0.0449105 0.998932 -0.0108209 -0.135785 0.280142 0.0229904 0.959683 242.687
0.986928 0.0393804 -0.156275 -6.48858 -0.0425129 0.998955 -0.0167521 -0.173951 0.155452 0.0231768 0.987572 244.322
0.996543 0.0331531 -0.0761723 -6.62132 -0.034635 0.999234 -0.0182159 -0.216922 0.07551 0.0207912 0.996928 246.119
0.999095 0.0308239 -0.0292934 -6.71377 -0.0314511 0.999281 -0.0211958 -0.281768 0.0286189 0.0220979 0.999346 248.755
0.999456 0.0288094 -0.0160533 -6.74716 -0.0291784 0.999304 -0.0232467 -0.342273 0.0153724 0.0237025 0.999601 250.883
0.999456 0.0288094 -0.0160533 -6.77277 -0.0291784 0.999304 -0.0232467 -0.382199 0.0153724 0.0237025 0.999601 252.403
0.999456 0.0288094 -0.0160533 -6.82144 -0.0291784 0.999304 -0.0232467 -0.452827 0.0153724 0.0237025 0.999601 254.745
0.999379 0.0293734 -0.0194494 -6.86161 -0.0300012 0.999011 -0.0328148 -0.504856 0.0184663 0.0333779 0.999272 256.382
0.999379 0.0293734 -0.0194494 -6.93754 -0.0300012 0.999011 -0.0328148 -0.580626 0.0184663 0.0333779 0.999272 258.946
0.999561 0.0227178 -0.0190222 -6.99754 -0.0230964 0.999535 -0.0199265 -0.680103 0.0185607 0.0203571 0.99962 261.625
0.999555 0.0179884 -0.0238157 -7.05764 -0.0189043 0.999068 -0.0388103 -0.768597 0.0230953 0.0392433 0.998963 264.396
0.999555 0.0179884 -0.0238157 -7.13325 -0.0189043 0.999068 -0.0388103 -0.901166 0.0230953 0.0392433 0.998963 267.295
0.999613 0.0166594 -0.0222731 -7.21439 -0.0173169 0.99941 -0.0296607 -1.02992 0.0217658 0.0300349 0.999312 270.282
0.999613 0.0166594 -0.0222731 -7.26572 -0.0173169 0.99941 -0.0296607 -1.10856 0.0217658 0.0300349 0.999312 272.303
0.999613 0.0166594 -0.0222731 -7.29869 -0.0173169 0.99941 -0.0296607 -1.18071 0.0217658 0.0300349 0.999312 274.357
0.999613 0.0166594 -0.0222731 -7.35969 -0.0173169 0.99941 -0.0296607 -1.25796 0.0217658 0.0300349 0.999312 276.435
0.999569 0.0126333 -0.0264975 -7.40798 -0.0136082 0.999225 -0.0369425 -1.3511 0.0260102 0.0372871 0.998966 278.523
0.999569 0.0126333 -0.0264975 -7.48528 -0.0136082 0.999225 -0.0369425 -1.45304 0.0260102 0.0372871 0.998966 280.62
0.999569 0.0126333 -0.0264975 -7.55258 -0.0136082 0.999225 -0.0369425 -1.55003 0.0260102 0.0372871 0.998966 282.726
0.999452 0.0163374 -0.0287991 -7.6352 -0.0171626 0.999442 -0.0286416 -1.64155 0.0283151 0.0291201 0.999175 284.829
0.999452 0.0163374 -0.0287991 -7.70889 -0.0171626 0.999442 -0.0286416 -1.72938 0.0283151 0.0291201 0.999175 286.933
0.999452 0.0163374 -0.0287991 -7.76902 -0.0171626 0.999442 -0.0286416 -1.82793 0.0283151 0.0291201 0.999175 288.996
0.999452 0.0163374 -0.0287991 -7.87102 -0.0171626 0.999442 -0.0286416 -1.96003 0.0283151 0.0291201 0.999175 292.073
0.999452 0.0163374 -0.0287991 -7.97925 -0.0171626 0.999442 -0.0286416 -2.07719 0.0283151 0.0291201 0.999175 295.144
0.999417 0.0204154 -0.0273758 -8.05247 -0.0209621 0.999584 -0.0198327 -2.15642 0.0269595 0.020395 0.999428 297.198
0.999417 0.0204154 -0.0273758 -8.12455 -0.0209621 0.999584 -0.0198327 -2.23134 0.0269595 0.020395 0.999428 299.227
0.999322 0.0256789 -0.0263814 -8.20765 -0.02641 0.999266 -0.0277483 -2.28938 0.0256495 0.0284262 0.999267 301.248
0.999322 0.0256789 -0.0263814 -8.30614 -0.02641 0.999266 -0.0277483 -2.41383 0.0256495 0.0284262 0.999267 304.267
0.999322 0.0256789 -0.0263814 -8.37126 -0.02641 0.999266 -0.0277483 -2.48615 0.0256495 0.0284262 0.999267 306.294
0.999322 0.0256789 -0.0263814 -8.43673 -0.02641 0.999266 -0.0277483 -2.56572 0.0256495 0.0284262 0.999267 308.349
0.999322 0.0256789 -0.0263814 -8.49335 -0.02641 0.999266 -0.0277483 -2.64302 0.0256495 0.0284262 0.999267 310.415
0.999322 0.0256789 -0.0263814 -8.55923 -0.02641 0.999266 -0.0277483 -2.71762 0.0256495 0.0284262 0.999267 312.497
0.999322 0.0256789 -0.0263814 -8.62387 -0.02641 0.999266 -0.0277483 -2.80147 0.0256495 0.0284262 0.999267 314.611
0.999322 0.0256789 -0.0263814 -8.69091 -0.02641 0.999266 -0.0277483 -2.88312 0.0256495 0.0284262 0.999267 316.748
0.999322 0.0256789 -0.0263814 -8.75254 -0.02641 0.999266 -0.0277483 -2.9581 0.0256495 0.0284262 0.999267 318.904
0.999322 0.0256789 -0.0263814 -8.82668 -0.02641 0.999266 -0.0277483 -3.04141 0.0256495 0.0284262 0.999267 321.062
0.999322 0.0256789 -0.0263814 -8.89443 -0.02641 0.999266 -0.0277483 -3.1267 0.0256495 0.0284262 0.999267 323.2
0.999322 0.0256789 -0.0263814 -8.95282 -0.02641 0.999266 -0.0277483 -3.219 0.0256495 0.0284262 0.999267 325.33
0.999322 0.0256789 -0.0263814 -9.01364 -0.02641 0.999266 -0.0277483 -3.30387 0.0256495 0.0284262 0.999267 327.446
0.999322 0.0256789 -0.0263814 -9.07316 -0.02641 0.999266 -0.0277483 -3.38625 0.0256495 0.0284262 0.999267 329.55
0.999322 0.0256789 -0.0263814 -9.12782 -0.02641 0.999266 -0.0277483 -3.47387 0.0256495 0.0284262 0.999267 331.636
0.999322 0.0256789 -0.0263814 -9.1871 -0.02641 0.999266 -0.0277483 -3.5572 0.0256495 0.0284262 0.999267 333.708
0.999322 0.0256789 -0.0263814 -9.24764 -0.02641 0.999266 -0.0277483 -3.63976 0.0256495 0.0284262 0.999267 335.748
0.999367 0.0202665 -0.0292448 -9.34161 -0.0208727 0.99957 -0.0205757 -3.76794 0.0288152 0.021173 0.99936 338.756
0.999367 0.0202665 -0.0292448 -9.44164 -0.0208727 0.99957 -0.0205757 -3.88098 0.0288152 0.021173 0.99936 341.675
0.999367 0.0202665 -0.0292448 -9.53533 -0.0208727 0.99957 -0.0205757 -3.97794 0.0288152 0.021173 0.99936 344.49
0.999367 0.0202665 -0.0292448 -9.64418 -0.0208727 0.99957 -0.0205757 -4.07713 0.0288152 0.021173 0.99936 347.219
0.999367 0.0202665 -0.0292448 -9.72673 -0.0208727 0.99957 -0.0205757 -4.17287 0.0288152 0.021173 0.99936 349.808
0.999367 0.0202665 -0.0292448 -9.78748 -0.0208727 0.99957 -0.0205757 -4.26464 0.0288152 0.021173 0.99936 352.233
0.999367 0.0202665 -0.0292448 -9.82423 -0.0208727 0.99957 -0.0205757 -4.32175 0.0288152 0.021173 0.99936 353.733
0.999367 0.0202665 -0.0292448 -9.86742 -0.0208727 0.99957 -0.0205757 -4.41179 0.0288152 0.021173 0.99936 355.793
0.999367 0.0202665 -0.0292448 -9.92724 -0.0208727 0.99957 -0.0205757 -4.48653 0.0288152 0.021173 0.99936 357.689
0.999367 0.0202665 -0.0292448 -10.0116 -0.0208727 0.99957 -0.0205757 -4.5673 0.0288152 0.021173 0.99936 359.908
0.997208 0.0221183 -0.0713285 -10.1402 -0.0240801 0.999352 -0.026762 -4.64525 0.0706903 0.0284049 0.997094 361.796
0.985686 0.0295861 -0.165978 -10.4764 -0.0329632 0.999301 -0.0176283 -4.71139 0.16534 0.0228471 0.985972 363.529
0.945649 0.0367812 -0.323103 -11.0486 -0.0404356 0.999172 -0.00460266 -4.74243 0.322666 0.0174173 0.946353 365.096
0.861435 0.0513412 -0.505267 -11.8714 -0.0480053 0.998654 0.0196305 -4.74713 0.505595 0.00734506 0.86274 366.449
0.718089 0.0619806 -0.693186 -13.0173 -0.0406626 0.998061 0.0471174 -4.70789 0.694762 -0.00564771 0.719217 367.678
0.455237 0.0514692 -0.888881 -15.0358 -0.00533176 0.998467 0.055084 -4.5785 0.890354 -0.020337 0.454814 368.919
0.263692 0.0422992 -0.963679 -16.5437 0.015206 0.998732 0.0479986 -4.49193 0.964487 -0.0273105 0.262714 369.34
0.0875259 0.0660179 -0.993973 -18.2115 0.00385856 0.997772 0.06661 -4.40156 0.996155 -0.00966543 0.0870761 369.42
-0.0315677 0.0776103 -0.996483 -19.9639 -0.00955769 0.996912 0.0779464 -4.27957 0.999455 0.0119847 -0.0307284 369.338
-0.0781016 0.0800404 -0.993727 -21.8027 -0.0157004 0.99655 0.0815017 -4.15093 0.996822 0.0219674 -0.0765754 369.151
-0.0851422 0.0519007 -0.995015 -23.6964 -0.0172875 0.998415 0.0535573 -4.01295 0.996218 0.0217614 -0.08411 368.963
-0.0817867 0.0630005 -0.994657 -25.7219 -0.0132411 0.997843 0.0642911 -3.90847 0.996562 0.0184284 -0.0807761 368.8
-0.0763281 0.0596674 -0.995295 -27.8484 -0.0249329 0.997782 0.0617285 -3.78712 0.99677 0.0295273 -0.0746711 368.611
-0.0674706 0.058508 -0.996005 -29.3364 -0.0309636 0.997675 0.0607037 -3.70193 0.997241 0.0349356 -0.0655021 368.504
-0.0589778 0.0649511 -0.996144 -30.889 -0.0361022 0.99709 0.0671503 -3.60948 0.997606 0.0399234 -0.0564612 368.405
-0.0589807 0.0649511 -0.996145 -32.5093 -0.0361022 0.99709 0.0671503 -3.51273 0.997607 0.0399235 -0.0564642 368.31
-0.0489794 0.0673699 -0.996527 -35.0754 -0.0327583 0.997077 0.0690172 -3.34238 0.998264 0.0360247 -0.0466294 368.181
-0.0403542 0.0791716 -0.996044 -37.7438 -0.0296622 0.996322 0.0803955 -3.16037 0.998745 0.0327892 -0.0378574 368.066
-0.0350569 0.070077 -0.996925 -40.4745 -0.0325647 0.996929 0.0712224 -2.97624 0.998855 0.0349615 -0.0326672 367.958
-0.035054 0.070077 -0.996924 -43.238 -0.0325648 0.996929 0.0712223 -2.80728 0.998853 0.0349614 -0.0326643 367.858
-0.0350569 0.070077 -0.996925 -45.0824 -0.0325647 0.996929 0.0712224 -2.70054 0.998855 0.0349615 -0.0326672 367.78
-0.0350569 0.070077 -0.996925 -46.9133 -0.0325647 0.996929 0.0712224 -2.59293 0.998855 0.0349615 -0.0326672 367.702
-0.035054 0.070077 -0.996924 -48.7398 -0.0325648 0.996929 0.0712223 -2.4855 0.998853 0.0349614 -0.0326643 367.633
-0.035054 0.070077 -0.996924 -50.5558 -0.0325648 0.996929 0.0712223 -2.38002 0.998853 0.0349614 -0.0326643 367.558
-0.0428206 0.0764603 -0.996152 -52.3793 -0.033337 0.996403 0.0779125 -2.26153 0.998526 0.036545 -0.0401176 367.468
-0.0501477 0.0768658 -0.99578 -54.1915 -0.0394874 0.996102 0.0788792 -2.14508 0.997961 0.0432763 -0.046917 367.365
-0.0501477 0.0768658 -0.99578 -55.9814 -0.0394874 0.996102 0.0788792 -2.02965 0.997961 0.0432763 -0.046917 367.257
-0.0501477 0.0768658 -0.99578 -58.6771 -0.0394874 0.996102 0.0788792 -1.84837 0.997961 0.0432763 -0.046917 367.108
-0.0501477 0.0768658 -0.99578 -61.3337 -0.0394874 0.996102 0.0788792 -1.67024 0.997961 0.0432763 -0.046917 366.956
-0.0501506 0.0768658 -0.995781 -63.1063 -0.0394873 0.996102 0.0788793 -1.55054 0.997963 0.0432764 -0.0469199 366.864
-0.0352219 0.0805825 -0.996125 -65.7681 -0.0412296 0.995778 0.0820122 -1.37045 0.998528 0.0439585 -0.0317508 366.748
-0.0196839 0.0780686 -0.996754 -68.399 -0.0411293 0.99604 0.0788249 -1.1934 0.99896 0.0425473 -0.0163951 366.68
-0.00476065 0.0765094 -0.997058 -70.9955 -0.0425275 0.996151 0.0766428 -1.01914 0.999085 0.0427672 -0.00148858 366.669
0.00890917 0.0819782 -0.996594 -73.5999 -0.0433838 0.995727 0.0815191 -0.850413 0.999019 0.0425098 0.0124276 366.676
0.0185815 0.081781 -0.996476 -76.1302 -0.0371374 0.996018 0.0810509 -0.68302 0.999137 0.0355006 0.0215446 366.715
0.0185815 0.081781 -0.996476 -78.4949 -0.0371374 0.996018 0.0810509 -0.534931 0.999137 0.0355006 0.0215446 366.768
0.0158908 0.0784662 -0.99679 -80.6819 -0.029199 0.996527 0.07798 -0.398569 0.999447 0.0278661 0.0181268 366.808
0.00319375 0.0837132 -0.996484 -82.6453 -0.0225281 0.996243 0.0836207 -0.27907 0.99974 0.0221819 0.00506766 366.815
-0.0242799 0.0793046 -0.996554 -85.0534 -0.0186152 0.99664 0.079765 -0.118321 0.999532 0.0204878 -0.022722 366.782
-0.0585079 0.0714928 -0.995724 -87.9849 -0.018226 0.99719 0.072669 0.0713935 0.998121 0.0223997 -0.0570404 366.594
-0.0860197 0.0635883 -0.994262 -90.9362 -0.0199387 0.997651 0.06553 0.251177 0.996094 0.0254612 -0.0845498 366.351
-0.100935 0.0592151 -0.993131 -94.0208 -0.0282802 0.997653 0.0623589 0.419087 0.994493 0.03438 -0.099023 366.009
-0.101272 0.0696149 -0.992421 -96.6506 -0.0306633 0.996856 0.0730551 0.57854 0.994387 0.0378293 -0.0988185 365.727
-0.096438 0.094466 -0.990846 -98.7855 -0.0381888 0.994402 0.0985219 0.745321 0.994607 0.0473405 -0.0922905 365.521
-0.0883254 0.0698797 -0.993637 -100.24 -0.0456127 0.996206 0.0741149 0.856827 0.995047 0.0518688 -0.0848029 365.376
-0.080668 0.0760251 -0.993837 -101.765 -0.0463712 0.995721 0.0799331 0.9954 0.995661 0.0525335 -0.0767974 365.249
-0.0723232 0.0993946 -0.992415 -103.381 -0.0449325 0.993687 0.102796 1.11808 0.996368 0.0520264 -0.0674006 365.132
-0.0616641 0.0619491 -0.996174 -105.844 -0.0486521 0.996699 0.0649934 1.32767 0.996912 0.0524736 -0.0584466 364.97
-0.0523813 0.0765113 -0.995693 -107.594 -0.0610223 0.994952 0.0796647 1.44592 0.996762 0.0649323 -0.047448 364.845
-0.0394189 0.0707989 -0.996713 -109.393 -0.0674783 0.995021 0.0733474 1.56803 0.996943 0.0701476 -0.0344453 364.758
-0.023914 0.0488146 -0.998522 -111.233 -0.0582576 0.997042 0.0501375 1.67719 0.998015 0.0593705 -0.0209995 364.713
-0.00981601 0.0656272 -0.997797 -113.152 -0.0515984 0.996481 0.0660483 1.78507 0.998621 0.0521329 -0.00639522 364.706
0.00197194 0.0764666 -0.997071 -115.105 -0.0478949 0.995935 0.0762848 1.90698 0.998852 0.0476041 0.00562627 364.711
0.00824476 0.0692006 -0.99757 -117.062 -0.0455761 0.996592 0.0687561 2.03714 0.998928 0.0448983 0.0113705 364.73
0.00824476 0.0692006 -0.99757 -119.044 -0.0455761 0.996592 0.0687561 2.16504 0.998928 0.0448983 0.0113705 364.754
0.00824474 0.0692008 -0.99757 -121.043 -0.0455762 0.996592 0.0687563 2.28675 0.998928 0.0448984 0.0113705 364.761
0.00824474 0.0692008 -0.99757 -123.042 -0.0455762 0.996592 0.0687563 2.40521 0.998928 0.0448984 0.0113705 364.761
-0.00149861 0.0525154 -0.998619 -126.01 -0.0329475 0.998075 0.0525362 2.55629 0.999456 0.0329807 0.000234523 364.777
-0.0103469 0.0660226 -0.997766 -128.973 -0.030848 0.997322 0.0663132 2.69567 0.999472 0.0314651 -0.00828252 364.75
-0.0153494 0.0588119 -0.998151 -130.922 -0.0388886 0.997478 0.0593703 2.79878 0.999126 0.039728 -0.0130236 364.701
-0.0153494 0.0588119 -0.998151 -132.871 -0.0388887 0.997478 0.0593703 2.89043 0.999126 0.0397281 -0.0130236 364.661
-0.0191008 0.0664196 -0.997609 -134.81 -0.0327696 0.997213 0.0670207 2.98784 0.999281 0.0339714 -0.016871 364.623
-0.025824 0.0772871 -0.996675 -136.738 -0.0299632 0.996499 0.0780498 3.10241 0.999218 0.0318791 -0.0234178 364.58
-0.033291 0.068241 -0.997112 -138.649 -0.033861 0.997017 0.069365 3.21745 0.998871 0.0360725 -0.030881 364.51
-0.033291 0.068241 -0.997112 -139.606 -0.033861 0.997017 0.069365 3.27622 0.998871 0.0360725 -0.030881 364.473
-0.033291 0.068241 -0.997112 -141.514 -0.033861 0.997017 0.069365 3.39074 0.998871 0.0360725 -0.030881 364.401
-0.0332939 0.068241 -0.997113 -143.416 -0.0338609 0.997017 0.069365 3.50029 0.998872 0.0360726 -0.0308839 364.331
-0.033291 0.068241 -0.997112 -145.299 -0.033861 0.997017 0.069365 3.6077 0.998871 0.0360725 -0.030881 364.263
-0.033291 0.068241 -0.997112 -147.161 -0.033861 0.997017 0.069365 3.70778 0.998871 0.0360725 -0.030881 364.188
-0.033291 0.068241 -0.997112 -149.012 -0.033861 0.997017 0.069365 3.80427 0.998871 0.0360725 -0.030881 364.131
-0.0332939 0.068241 -0.997113 -151.787 -0.0338609 0.997017 0.069365 3.96261 0.998872 0.0360726 -0.0308839 364.041
-0.0300299 0.07719 -0.996564 -154.484 -0.0314686 0.996446 0.0781292 4.12471 0.999054 0.0337066 -0.0274941 363.957
-0.0300299 0.07719 -0.996564 -157.115 -0.0314686 0.996446 0.0781292 4.28837 0.999054 0.0337066 -0.0274941 363.888
-0.0300299 0.07719 -0.996564 -159.581 -0.0314686 0.996446 0.0781292 4.44227 0.999054 0.0337066 -0.0274941 363.814
-0.0298723 0.0716683 -0.996981 -161.867 -0.0238175 0.997092 0.0723899 4.57747 0.99927 0.0259081 -0.0280784 363.75
-0.0326308 0.0827117 -0.99604 -163.292 -0.01813 0.996357 0.083332 4.65346 0.999304 0.0207773 -0.0310123 363.71
-0.0406635 0.0636328 -0.997143 -165.262 -0.0215702 0.997682 0.0645467 4.76665 0.998938 0.0241334 -0.0391967 363.63
-0.0531746 0.0701153 -0.996121 -167.078 -0.0288227 0.997009 0.0717164 4.86112 0.99817 0.0325244 -0.0509946 363.513
-0.0798127 0.0729516 -0.994139 -168.815 -0.0239611 0.99689 0.0750772 4.965 0.996524 0.0298126 -0.0778165 363.405
-0.173001 0.06883 -0.982514 -170.937 -0.0137216 0.99729 0.0722812 5.09217 0.984826 0.0259864 -0.171588 363.056
-0.338287 0.0710723 -0.938355 -172.91 0.00112719 0.997174 0.0751209 5.21694 0.941042 0.0243548 -0.337411 362.396
-0.594912 0.0754054 -0.800248 -174.943 0.0185339 0.996612 0.0801301 5.37418 0.803579 0.0328385 -0.594294 361.068
-0.789557 0.0735635 -0.609254 -176.254 0.0320534 0.996378 0.0787671 5.53069 0.612841 0.0426623 -0.789054 359.486
-0.86542 0.0674222 -0.496488 -176.73 0.0334386 0.996468 0.0770323 5.62151 0.499928 0.0500636 -0.864618 358.5
-0.947369 0.0752373 -0.311183 -177.278 0.054048 0.995628 0.0761773 5.72941 0.315554 0.0553491 -0.947294 356.923
-0.985303 0.0683033 -0.156567 -177.561 0.0583244 0.996015 0.0674719 5.83618 0.160552 0.0573485 -0.98536 355.18
-0.994019 0.0591153 -0.091828 -177.626 0.0532275 0.996445 0.0652956 5.9088 0.0953616 0.0600173 -0.993632 353.938
-0.996758 0.0603999 -0.0531332 -177.676 0.0569581 0.996319 0.0640661 5.98085 0.0568072 0.0608321 -0.996529 352.662
-0.997521 0.0695989 -0.0100634 -177.701 0.0691404 0.99679 0.0403687 6.07514 0.0128407 0.0395729 -0.999131 350.704
-0.997471 0.0642476 0.0304159 -177.629 0.0653455 0.997191 0.0365963 6.15039 -0.0279792 0.0384913 -0.998868 348.62
-0.997052 0.0588303 0.0492277 -177.513 0.0605526 0.997577 0.0342578 6.22276 -0.047093 0.0371377 -0.998198 346.421
-0.996311 0.058269 0.0629985 -177.369 0.0605545 0.997551 0.034998 6.29647 -0.0608049 0.0386838 -0.997399 344.084
-0.995703 0.0509815 0.0773376 -177.157 0.0542038 0.997722 0.0401541 6.3796 -0.0751143 0.0441735 -0.996198 341.639
-0.995399 0.0475014 0.0832324 -177.001 0.0505136 0.998129 0.0344652 6.43298 -0.0814395 0.0385109 -0.995936 339.952
-0.995399 0.0475014 0.0832322 -176.84 0.0505136 0.998129 0.0344652 6.4792 -0.0814393 0.0385109 -0.995936 338.225
-0.995399 0.0475014 0.0832324 -176.685 0.0505136 0.998129 0.0344652 6.5344 -0.0814395 0.0385109 -0.995936 336.431
-0.995399 0.0475016 0.0832324 -176.606 0.0505138 0.998128 0.0344654 6.55684 -0.0814395 0.0385111 -0.995936 335.525
-0.995395 0.0475016 0.0832321 -176.524 0.0505138 0.998129 0.0344651 6.58245 -0.0814392 0.0385109 -0.995932 334.61
-0.995399 0.0475016 0.0832322 -176.447 0.0505138 0.998129 0.0344652 6.61323 -0.0814393 0.0385109 -0.995936 333.689
-0.995399 0.0475016 0.0832324 -176.361 0.0505138 0.998128 0.0344654 6.62987 -0.0814395 0.0385111 -0.995936 332.761
-0.995736 0.0478485 0.0788334 -176.202 0.0513295 0.997767 0.0427375 6.68412 -0.0766124 0.0466019 -0.995968 330.896
-0.996404 0.0440474 0.0723797 -175.976 0.0478821 0.997492 0.0521281 6.78579 -0.0699021 0.0554064 -0.996014 328.115
-0.996404 0.0440474 0.0723797 -175.839 0.0478821 0.997492 0.0521281 6.86242 -0.0699021 0.0554064 -0.996014 326.24
-0.996404 0.0440474 0.0723797 -175.701 0.0478821 0.997492 0.0521281 6.94216 -0.0699021 0.0554064 -0.996014 324.377
-0.996404 0.0440474 0.0723797 -175.578 0.0478821 0.997492 0.0521281 7.01425 -0.0699021 0.0554064 -0.996014 322.518
-0.997006 0.0360837 0.068373 -175.424 0.0395297 0.99798 0.0497351 7.09184 -0.0664403 0.0522891 -0.996419 320.669
-0.997006 0.0360837 0.0683732 -175.287 0.0395297 0.99798 0.0497351 7.17013 -0.0664405 0.0522891 -0.996419 318.806
-0.997006 0.0360835 0.068373 -175.139 0.0395295 0.99798 0.0497352 7.25121 -0.0664403 0.0522891 -0.996419 316.915
-0.996734 0.0497321 0.0636209 -175.033 0.0527302 0.997533 0.0463461 7.3336 -0.0611591 0.0495495 -0.996898 314.997
-0.996734 0.0497321 0.0636209 -174.91 0.0527302 0.997533 0.0463461 7.41439 -0.0611591 0.0495495 -0.996898 313.079
-0.996584 0.052484 0.0637319 -174.784 0.0560879 0.996846 0.0561414 7.48932 -0.0605843 0.0595243 -0.996384 311.164
-0.996748 0.0452748 0.0666267 -174.57 0.0479602 0.998077 0.0392727 7.59168 -0.0647205 0.0423406 -0.997003 308.344
-0.996748 0.0452748 0.0666269 -174.433 0.0479602 0.998077 0.0392727 7.64122 -0.0647207 0.0423406 -0.997003 306.451
-0.996748 0.0452748 0.0666269 -174.297 0.0479602 0.998077 0.0392727 7.69577 -0.0647207 0.0423406 -0.997003 304.565
-0.996752 0.0452748 0.066627 -174.17 0.0479603 0.998077 0.0392728 7.74132 -0.0647208 0.0423406 -0.997007 302.698
-0.996748 0.0452748 0.0666267 -174.048 0.0479602 0.998077 0.0392727 7.78859 -0.0647205 0.0423406 -0.997003 300.845
-0.996748 0.0452746 0.0666269 -173.929 0.04796 0.998077 0.0392726 7.8404 -0.0647207 0.0423404 -0.997003 298.993
-0.996752 0.0452746 0.066627 -173.793 0.0479601 0.998077 0.0392728 7.89992 -0.0647208 0.0423406 -0.997007 297.128
-0.996752 0.0452748 0.066627 -173.671 0.0479603 0.998077 0.0392728 7.95201 -0.0647208 0.0423406 -0.997007 295.285
-0.995549 0.056625 0.0753645 -173.475 0.0595179 0.997552 0.0367081 8.02902 -0.0731014 0.0410301 -0.996482 292.498
-0.994837 0.0516837 0.0873384 -173.218 0.0546036 0.998015 0.0313789 8.09437 -0.0855433 0.0359859 -0.995684 289.731
-0.994656 0.0506501 0.0899688 -173.039 0.0545304 0.997662 0.041206 8.13944 -0.0876713 0.0458918 -0.995092 287.858
-0.994656 0.0506501 0.0899688 -172.864 0.0545304 0.997662 0.041206 8.20241 -0.0876713 0.0458918 -0.995092 285.96
-0.994064 0.0602128 0.0906277 -172.694 0.0631701 0.997548 0.0301227 8.2566 -0.0885917 0.0356688 -0.99543 284.094
-0.994237 0.0567025 0.0909996 -172.522 0.0607968 0.997229 0.0428673 8.30403 -0.0883167 0.0481527 -0.994929 282.193
-0.994237 0.0567027 0.0909996 -172.259 0.060797 0.997229 0.0428673 8.40727 -0.0883167 0.0481527 -0.994929 279.312
-0.994237 0.0567027 0.0909996 -172.081 0.060797 0.997229 0.0428673 8.47325 -0.0883167 0.0481527 -0.994929 277.388
-0.994406 0.0601967 0.0868274 -171.919 0.0647992 0.996584 0.0511983 8.54491 -0.0834489 0.0565381 -0.99491 275.433
