0.826504 -0.0199184 0.562577 -90.1674 0.027995 0.999592 -0.00573736 0.64256 -0.562233 0.0204913 0.826724 220.707
0.898532 -0.0144123 0.438671 -89.5207 0.0207787 0.999737 -0.00971523 0.618498 -0.438416 0.0178445 0.898595 222.095
0.960593 0.0165706 0.277465 -88.8427 -0.0171369 0.999853 -0.000384002 0.568975 -0.27743 -0.00438602 0.960736 224.501
0.969777 0.0332453 0.241717 -88.1411 -0.033418 0.999436 -0.00338616 0.526351 -0.241693 -0.00479387 0.970341 227.488
0.935472 0.019633 0.352855 -87.2274 -0.0229052 0.999725 0.00510003 0.474892 -0.352657 -0.0128531 0.935664 230.277
0.754876 0.0144334 0.655709 -85.5771 -0.0122697 0.999894 -0.00788413 0.442194 -0.655753 -0.00209384 0.754973 232.605
0.528078 -0.00896104 0.849149 -83.958 0.0120401 0.999923 0.00306449 0.412834 -0.849111 0.00860557 0.528145 233.619
0.395959 -0.00433187 0.918257 -82.931 0.00864459 0.999962 0.000989708 0.423097 -0.918227 0.00754608 0.395982 234.006
0.236834 -0.0123287 0.971472 -81.3833 0.00840608 0.999908 0.0106403 0.416209 -0.971514 0.00564628 0.236916 234.37
0.131479 -0.00314287 0.991315 -79.6524 0.0128495 0.999916 0.0014659 0.40851 -0.991236 0.0125451 0.131508 234.568
0.0701112 0.00927795 0.997496 -77.6607 0.0112448 0.999886 -0.0100905 0.395373 -0.997475 0.0119241 0.0699988 234.722
0.0476518 0.00461739 0.998852 -75.981 0.0204627 0.999775 -0.00559782 0.377864 -0.998653 0.020706 0.0475465 234.787
0.0476518 0.0046174 0.998852 -74.1644 0.0204627 0.999775 -0.00559783 0.35821 -0.998653 0.020706 0.0475465 234.872
0.0398449 0.00989658 0.999157 -71.5109 0.0184177 0.999774 -0.0106372 0.333109 -0.999036 0.018826 0.0396536 234.994
0.0303423 0.0124683 0.999462 -68.6045 0.0149041 0.999805 -0.0129251 0.293178 -0.999428 0.0152883 0.0301506 235.102
0.0303423 0.0124684 0.999462 -66.2877 0.0149041 0.999805 -0.0129251 0.245202 -0.999428 0.0152883 0.0301506 235.166
0.0221157 0.0117911 0.999685 -63.0903 0.0200723 0.999724 -0.0122356 0.176856 -0.999553 0.0203366 0.0218729 235.235
0.0221157 0.0117911 0.999685 -61.4557 0.0200723 0.999724 -0.0122356 0.135422 -0.999553 0.0203366 0.0218729 235.275
0.0168779 0.0190168 0.999676 -58.9347 0.015419 0.999695 -0.0192775 0.0786827 -0.999738 0.0157394 0.0165796 235.336
0.0168779 0.0190169 0.999676 -56.3312 0.015419 0.999695 -0.0192775 0.0111249 -0.999738 0.0157394 0.0165796 235.386
0.0262215 0.0153726 0.999539 -53.6952 0.0232972 0.999601 -0.0159848 -0.0614592 -0.999385 0.0237056 0.0258529 235.439
0.0345753 0.0210195 0.999181 -51.0613 0.0215411 0.999531 -0.0217722 -0.144568 -0.99917 0.0222762 0.0341063 235.539
0.0345753 0.0210195 0.999181 -49.3094 0.0215411 0.999531 -0.0217722 -0.206949 -0.99917 0.0222762 0.0341063 235.608
0.0345753 0.0210195 0.999181 -47.5571 0.021541 0.999531 -0.0217722 -0.262568 -0.99917 0.0222762 0.0341063 235.682
0.0400024 0.0113972 0.999136 -44.9492 0.02475 0.999617 -0.0123937 -0.342194 -0.998894 0.0252244 0.039705 235.789
0.0429311 0.030828 0.998604 -42.4062 0.0250905 0.999175 -0.0319244 -0.424165 -0.998764 0.026426 0.0421222 235.908
0.0415106 0.0120967 0.999065 -39.8697 0.0256829 0.999583 -0.0131701 -0.515935 -0.998808 0.0262056 0.0411827 236.015
0.0429474 0.0200519 0.998876 -37.3862 0.0327357 0.999233 -0.0214666 -0.59334 -0.99854 0.0336209 0.0422581 236.117
0.0429474 0.0200519 0.998876 -35.7363 0.0327358 0.999233 -0.0214666 -0.652392 -0.99854 0.0336209 0.0422581 236.199
0.0429474 0.0200519 0.998876 -33.3377 0.0327358 0.999233 -0.0214665 -0.740921 -0.99854 0.0336209 0.0422581 236.304
0.0429474 0.0200519 0.998876 -30.1795 0.0327358 0.999233 -0.0214665 -0.847089 -0.99854 0.0336209 0.0422581 236.46
0.0429474 0.0200518 0.998876 -27.1696 0.0327358 0.999233 -0.0214665 -0.959098 -0.99854 0.033621 0.0422581 236.618
0.0444142 0.0240622 0.998724 -24.348 0.0213148 0.999459 -0.0250279 -1.06523 -0.998786 0.0223992 0.0438773 236.774
0.0444142 0.0240622 0.998724 -22.2859 0.0213148 0.999459 -0.0250279 -1.13938 -0.998786 0.0223992 0.0438773 236.877
0.0444142 0.0240622 0.998724 -20.278 0.0213148 0.999459 -0.0250279 -1.21862 -0.998786 0.0223992 0.0438773 236.954
0.0375323 0.0299653 0.998847 -18.3961 0.0208476 0.999309 -0.0307626 -1.30033 -0.999079 0.0219782 0.0368816 237.034
0.0202533 0.026753 0.999438 -16.1414 0.0188085 0.999455 -0.0271347 -1.40193 -0.999619 0.0193475 0.0197391 237.101
-0.0185877 0.0247823 0.999521 -13.735 0.0197555 0.999507 -0.0244146 -1.51517 -0.999633 0.0192923 -0.0190681 237.075
-0.0674888 0.0223914 0.997468 -11.7475 0.0211765 0.999555 -0.0210054 -1.59326 -0.997495 0.0197052 -0.067933 236.955
-0.150764 0.018872 0.988388 -9.70112 0.0379682 0.999191 -0.0132867 -1.67661 -0.987839 0.0355242 -0.151359 236.647
-0.302479 0.0295822 0.952695 -7.87312 0.0476178 0.998739 -0.0158933 -1.73096 -0.951964 0.0405579 -0.303506 236.081
-0.530256 0.0445832 0.846666 -6.10657 0.0489467 0.998561 -0.021927 -1.78342 -0.846425 0.0298146 -0.531675 235.09
-0.681939 0.0393872 0.730349 -5.09151 0.039264 0.999081 -0.0172184 -1.81483 -0.730356 0.0169345 -0.682859 234.155
-0.79208 0.0438085 0.608843 -4.38327 0.0438507 0.998928 -0.0148286 -1.82167 -0.60884 0.0149527 -0.793152 233.157
-0.858675 0.0478493 0.510284 -3.97046 0.0460378 0.998809 -0.0161886 -1.82609 -0.510451 0.0095916 -0.859855 232.371
-0.935245 0.0479487 0.350733 -3.48159 0.0475795 0.998821 -0.00967561 -1.84695 -0.350783 0.0076386 -0.936424 231.006
-0.97666 0.0552286 0.207568 -3.22717 0.0567833 0.998385 0.00153469 -1.84362 -0.207148 0.0132853 -0.97822 229.416
-0.993065 0.0543973 0.104204 -3.04618 0.0561053 0.998333 0.013528 -1.828 -0.103295 0.0192806 -0.994462 227.597
-0.99749 0.0555466 0.0439888 -2.94569 0.0562879 0.99829 0.0157958 -1.80109 -0.0430362 0.0182322 -0.99891 225.61
-0.998166 0.0603157 -0.00524177 -2.93146 0.0601822 0.997929 0.0227014 -1.75079 0.00660016 0.0223443 -0.999729 222.616
-0.997881 0.0628409 -0.0168449 -2.97411 0.062418 0.997748 0.0245545 -1.70479 0.01835 0.023451 -0.999556 220.165
-0.997881 0.0628407 -0.0168449 -3.0075 0.0624178 0.997748 0.0245545 -1.66967 0.01835 0.023451 -0.999556 218.457
-0.997881 0.0628407 -0.0168449 -3.03964 0.0624178 0.997748 0.0245543 -1.61227 0.01835 0.0234508 -0.999556 215.759
-0.997881 0.0628405 -0.0168449 -3.06744 0.0624176 0.997748 0.0245543 -1.57878 0.01835 0.0234508 -0.999556 213.864
-0.997881 0.0628405 -0.0168449 -3.09276 0.0624176 0.997748 0.0245543 -1.54399 0.01835 0.0234508 -0.999556 211.902
-0.997881 0.0628403 -0.0168449 -3.10839 0.0624174 0.997748 0.0245543 -1.50833 0.01835 0.0234508 -0.999556 209.89
-0.997881 0.0628403 -0.0168449 -3.11711 0.0624174 0.997748 0.0245543 -1.46625 0.01835 0.0234508 -0.999556 207.826
-0.997881 0.0628401 -0.0168449 -3.13137 0.0624172 0.997748 0.0245543 -1.43342 0.01835 0.0234508 -0.999556 205.716
-0.997881 0.0628401 -0.0168449 -3.15364 0.0624172 0.997748 0.0245543 -1.39187 0.01835 0.0234508 -0.999556 203.545
-0.997881 0.0628401 -0.0168449 -3.18414 0.0624172 0.997748 0.0245541 -1.35286 0.01835 0.0234506 -0.999556 201.334
-0.997881 0.0628399 -0.0168449 -3.21272 0.062417 0.997748 0.0245541 -1.3193 0.01835 0.0234506 -0.999556 199.098
-0.997881 0.0628399 -0.0168449 -3.23751 0.062417 0.997748 0.0245541 -1.28558 0.01835 0.0234506 -0.999556 196.837
-0.997881 0.0628397 -0.0168449 -3.27621 0.0624168 0.997748 0.0245541 -1.24929 0.01835 0.0234506 -0.999556 194.564
-0.997881 0.0628397 -0.0168449 -3.31824 0.0624168 0.997748 0.0245541 -1.21306 0.01835 0.0234506 -0.999556 192.255
-0.997881 0.0628395 -0.0168449 -3.34704 0.0624166 0.997748 0.0245541 -1.18205 0.01835 0.0234506 -0.999556 189.945
-0.997881 0.0628395 -0.0168449 -3.38239 0.0624166 0.997748 0.0245539 -1.14311 0.0183499 0.0234504 -0.999556 187.604
-0.997881 0.0628393 -0.0168449 -3.41509 0.0624164 0.997748 0.0245539 -1.11038 0.0183499 0.0234504 -0.999556 185.253
-0.997881 0.0628393 -0.0168449 -3.46473 0.0624164 0.997748 0.0245539 -1.07616 0.0183499 0.0234504 -0.999556 182.877
-0.997881 0.0628391 -0.0168449 -3.50483 0.0624162 0.997748 0.0245538 -1.03408 0.0183499 0.0234504 -0.999556 180.468
-0.997881 0.0628391 -0.0168449 -3.54592 0.0624162 0.997748 0.0245538 -0.992444 0.0183499 0.0234504 -0.999556 178.04
-0.997881 0.0628391 -0.0168449 -3.60062 0.0624162 0.997748 0.0245538 -0.958162 0.0183499 0.0234504 -0.999556 175.588
-0.997881 0.0628389 -0.0168449 -3.65276 0.062416 0.997748 0.0245538 -0.927423 0.0183499 0.0234504 -0.999556 173.098
-0.997881 0.0628389 -0.0168449 -3.70266 0.062416 0.997748 0.0245536 -0.89252 0.0183499 0.0234502 -0.999556 170.593
-0.997881 0.0628387 -0.0168449 -3.74223 0.0624158 0.997748 0.0245536 -0.849918 0.0183499 0.0234502 -0.999556 168.035
-0.997881 0.0628387 -0.0168449 -3.77581 0.0624158 0.997748 0.0245536 -0.812963 0.0183499 0.0234502 -0.999556 165.482
-0.997881 0.0628385 -0.0168449 -3.82016 0.0624156 0.997748 0.0245536 -0.781803 0.0183499 0.0234502 -0.999556 162.922
-0.997881 0.0628385 -0.0168449 -3.86446 0.0624156 0.997748 0.0245536 -0.744374 0.0183499 0.0234502 -0.999556 160.333
-0.997881 0.0628383 -0.016845 -3.90809 0.0624154 0.997748 0.0245536 -0.704718 0.0183499 0.0234502 -0.999556 157.744
-0.997881 0.0628383 -0.016845 -3.93805 0.0624154 0.997748 0.0245534 -0.671608 0.0183499 0.02345 -0.999556 155.153
-0.997881 0.0628383 -0.016845 -3.98066 0.0624154 0.997748 0.0245534 -0.63415 0.0183499 0.02345 -0.999556 152.547
-0.997881 0.0628381 -0.016845 -4.02679 0.0624152 0.997748 0.0245534 -0.603996 0.0183499 0.02345 -0.999556 149.92
-0.997881 0.0628381 -0.016845 -4.06198 0.0624152 0.997748 0.0245534 -0.575923 0.0183499 0.02345 -0.999556 147.31
-0.997881 0.0628379 -0.0168449 -4.10016 0.062415 0.997748 0.0245534 -0.545588 0.0183499 0.02345 -0.999556 144.704
-0.997881 0.0628379 -0.0168449 -4.13474 0.062415 0.997748 0.0245534 -0.519126 0.0183499 0.02345 -0.999556 142.121
-0.997881 0.0628377 -0.0168449 -4.16987 0.0624148 0.997748 0.0245534 -0.491053 0.0183499 0.02345 -0.999556 139.536
-0.997881 0.0628377 -0.016845 -4.19616 0.0624148 0.997748 0.0245532 -0.464389 0.0183499 0.0234498 -0.999556 136.974
-0.997881 0.0628375 -0.016845 -4.23055 0.0624146 0.997748 0.0245532 -0.425621 0.0183499 0.0234498 -0.999556 134.429
-0.997881 0.0628375 -0.016845 -4.26568 0.0624146 0.997748 0.0245532 -0.395635 0.0183499 0.0234498 -0.999556 131.875
-0.997881 0.0628375 -0.016845 -4.30136 0.0624146 0.997748 0.0245532 -0.371462 0.0183499 0.0234498 -0.999556 129.331
-0.997881 0.0628373 -0.016845 -4.3439 0.0624144 0.997748 0.0245532 -0.345468 0.0183499 0.0234499 -0.999556 126.804
-0.997881 0.0628373 -0.016845 -4.38237 0.0624144 0.997748 0.0245532 -0.320909 0.0183499 0.0234499 -0.999556 124.307
-0.997881 0.0628371 -0.016845 -4.41563 0.0624142 0.997748 0.024553 -0.299609 0.0183499 0.0234497 -0.999556 121.833
-0.997881 0.0628371 -0.016845 -4.44748 0.0624142 0.997748 0.024553 -0.28715 0.0183499 0.0234497 -0.999556 119.417
-0.997881 0.0628369 -0.016845 -4.48699 0.062414 0.997748 0.024553 -0.272575 0.0183499 0.0234497 -0.999556 117.065
-0.997881 0.0628369 -0.016845 -4.54569 0.062414 0.997748 0.024553 -0.253775 0.0183499 0.0234497 -0.999556 113.646
-0.997881 0.0628367 -0.016845 -4.58218 0.0624138 0.997748 0.024553 -0.249158 0.0183499 0.0234497 -0.999556 111.483
-0.997881 0.0628367 -0.016845 -4.65209 0.0624138 0.997748 0.024553 -0.232284 0.0183499 0.0234497 -0.999556 108.372
-0.997881 0.0628367 -0.016845 -4.68803 0.0624138 0.997748 0.024553 -0.218826 0.0183499 0.0234497 -0.999556 106.388
-0.997881 0.0628365 -0.016845 -4.71483 0.0624136 0.997748 0.0245528 -0.210062 0.0183499 0.0234495 -0.999556 104.515
-0.997881 0.0628365 -0.016845 -4.75673 0.0624136 0.997748 0.0245528 -0.200081 0.0183499 0.0234495 -0.999556 101.903
-0.997881 0.0628363 -0.016845 -4.77887 0.0624134 0.997748 0.0245528 -0.193078 0.0183499 0.0234495 -0.999556 100.288
-0.997304 0.0732418 -0.00458456 -4.82157 0.0731067 0.997016 0.0247986 -0.184561 0.00638717 0.0243965 -0.999682 98.0273
-0.996513 0.0796628 0.0247858 -4.79775 0.0802636 0.996478 0.024272 -0.180247 -0.0227649 0.0261768 -0.999397 96.6307
-0.987254 0.0839809 0.135192 -4.53151 0.0871235 0.996044 0.0174894 -0.184172 -0.133188 0.0290448 -0.990665 94.1311
-0.965512 0.0713053 0.250401 -4.10059 0.076139 0.99705 0.00965758 -0.200192 -0.248974 0.0283898 -0.968093 92.4556
-0.921982 0.0490202 0.384111 -3.4488 0.0558268 0.998419 0.00658356 -0.218853 -0.38318 0.0275136 -0.923261 90.9572
-0.818913 0.0170338 0.573658 -2.2834 0.0286965 0.999524 0.0112861 -0.233088 -0.573193 0.0257044 -0.819012 89.2042
-0.657423 0.0120184 0.753428 -0.81453 0.0288725 0.99954 0.0092491 -0.246065 -0.752971 0.0278338 -0.657468 87.7738
-0.511806 0.00813267 0.859062 0.509232 0.0245886 0.999684 0.00518528 -0.246106 -0.858749 0.023777 -0.511845 87.0047
-0.311565 0.010656 0.950166 2.43997 0.0205224 0.999779 -0.00448305 -0.276898 -0.950004 0.018103 -0.311715 86.3587
-0.193998 0.0088462 0.980964 3.95568 0.00735293 0.999944 -0.00756325 -0.293909 -0.980976 0.0057457 -0.194053 86.1164
-0.123376 0.0191055 0.992175 5.51074 0.00865789 0.999797 -0.0181757 -0.342711 -0.992321 0.00634769 -0.123516 85.9468
-0.0881829 0.0246167 0.995801 7.14612 0.0125407 0.999643 -0.0236011 -0.375067 -0.996026 0.0104068 -0.0884601 85.8016
-0.0756582 0.0172499 0.996984 8.87295 0.0122317 0.999791 -0.0163703 -0.422234 -0.997058 0.0109562 -0.0758534 85.6773
-0.0740388 0.0200983 0.997053 10.7259 0.0210973 0.999605 -0.0185832 -0.46737 -0.997033 0.0196593 -0.0744336 85.5324
-0.0740388 0.0200983 0.997053 12.0358 0.0210974 0.999605 -0.0185831 -0.497186 -0.997033 0.0196593 -0.0744336 85.4327
-0.0716097 0.0200903 0.99723 14.1117 0.0314703 0.999345 -0.0178731 -0.544405 -0.996936 0.0301033 -0.072195 85.2656
-0.0583911 0.0206043 0.998081 16.3387 0.0418642 0.998958 -0.0181732 -0.591842 -0.997416 0.0407227 -0.0591928 85.1075
-0.0360441 0.0168704 0.999208 18.6613 0.049915 0.99864 -0.0150603 -0.63866 -0.998104 0.0493326 -0.0368372 85.0185
-0.000953613 0.0167208 0.99986 21.1014 0.0446108 0.998865 -0.0166617 -0.684577 -0.999004 0.0445887 -0.00169846 85.0197
0.0354152 0.0286987 0.998961 23.6476 0.0316545 0.999054 -0.0298236 -0.753709 -0.998871 0.0326778 0.0344732 85.0946
0.049956 0.0259555 0.998413 26.2242 0.0188312 0.99946 -0.0269249 -0.855537 -0.998573 0.0201464 0.0494403 85.2404
0.0411183 0.0304555 0.998691 28.7715 0.00827262 0.999491 -0.0308205 -0.9567 -0.999121 0.0095291 0.0408454 85.3633
0.00861261 0.0277314 0.999579 31.3131 0.00458259 0.999604 -0.0277716 -1.06789 -0.999953 0.00481986 0.00848212 85.4227
-0.0336204 0.0273034 0.999063 33.8231 0.00900967 0.999594 -0.0270147 -1.16962 -0.999396 0.00809301 -0.0338527 85.3847
-0.0657912 0.0249682 0.997521 35.4813 0.0140256 0.999611 -0.0240955 -1.23005 -0.997735 0.0124056 -0.0661158 85.298
-0.0953579 0.020874 0.995225 37.1225 0.0189554 0.999637 -0.0191503 -1.28448 -0.995263 0.0170387 -0.095719 85.1591
-0.108242 0.0230425 0.993857 38.7948 0.0224172 0.999534 -0.0207327 -1.33897 -0.993872 0.0200354 -0.108708 84.9722
-0.108242 0.0230426 0.993857 40.4699 0.0224172 0.999534 -0.0207327 -1.39175 -0.993872 0.0200354 -0.108708 84.7783
-0.108242 0.0230426 0.993857 42.191 0.0224172 0.999534 -0.0207327 -1.44198 -0.993872 0.0200354 -0.108708 84.5928
-0.108242 0.0230426 0.993857 44.8252 0.0224172 0.999534 -0.0207327 -1.50771 -0.993872 0.0200354 -0.108708 84.3407
-0.108242 0.0230426 0.993857 46.612 0.0224172 0.999534 -0.0207327 -1.56164 -0.993872 0.0200353 -0.108708 84.1682
-0.108242 0.0230426 0.993857 48.3901 0.0224172 0.999534 -0.0207327 -1.61481 -0.993872 0.0200353 -0.108708 83.9773
-0.128934 0.0235256 0.991373 51.0483 0.00723563 0.999714 -0.0227825 -1.70498 -0.991626 0.00423575 -0.129068 83.6843
-0.177527 0.0308986 0.98363 53.6781 -0.000264952 0.999505 -0.0314451 -1.80226 -0.984115 -0.00584299 -0.177431 83.2885
-0.217264 0.0237858 0.975822 55.4284 0.00511819 0.999717 -0.0232287 -1.867 -0.976099 -5.2327e-05 -0.217324 82.9094
-0.279327 0.0261677 0.95984 57.9746 0.0167523 0.999609 -0.0223768 -1.96009 -0.960051 0.00982911 -0.279656 82.2128
-0.317759 0.0250674 0.947844 59.6297 0.0247254 0.99953 -0.0181454 -2.02519 -0.947853 0.0176699 -0.31823 81.6649
-0.360131 0.0270247 0.932508 62.0581 0.0345816 0.99928 -0.0156044 -2.09497 -0.932259 0.026628 -0.360806 80.7338
-0.376581 0.00774179 0.92635 63.6916 0.0351492 0.999364 0.00593695 -2.11817 -0.925715 0.0347962 -0.376614 80.0724
-0.383111 0.023683 0.923394 66.1535 0.0399574 0.99916 -0.0090479 -2.13721 -0.922833 0.0334301 -0.383736 79.0614
-0.383111 0.0236829 0.923394 68.6275 0.0399572 0.99916 -0.00904783 -2.20088 -0.922833 0.03343 -0.383736 78.0428
-0.38971 0.0149323 0.920817 70.3133 0.0406816 0.999172 0.00101436 -2.22474 -0.92004 0.0378557 -0.389994 77.3282
-0.404395 0.0131209 0.914486 72.0117 0.0403814 0.999178 0.0035212 -2.24232 -0.913689 0.0383523 -0.404592 76.5925
-0.428508 0.0186799 0.903346 73.7019 0.0416977 0.99913 -0.000881043 -2.25374 -0.902576 0.0372899 -0.428915 75.8061
-0.45534 0.0248569 0.88997 75.3938 0.041814 0.999104 -0.00651146 -2.2785 -0.889334 0.0342483 -0.455971 74.9491
-0.484695 0.036279 0.873931 77.9203 0.0458195 0.998821 -0.0160513 -2.332 -0.873483 0.0322631 -0.485786 73.5709
-0.491805 0.0304726 0.870174 79.6368 0.04771 0.998829 -0.00801335 -2.36867 -0.8694 0.037575 -0.492683 72.6069
-0.491805 0.0304726 0.870174 81.3567 0.04771 0.998829 -0.00801332 -2.40148 -0.8694 0.037575 -0.492683 71.6277
-0.491805 0.0304727 0.870174 83.0802 0.0477102 0.998829 -0.00801339 -2.43791 -0.8694 0.0375752 -0.492683 70.6535
-0.491805 0.0304727 0.870174 84.7863 0.0477103 0.998829 -0.00801335 -2.47651 -0.8694 0.0375752 -0.492683 69.7052
-0.503269 0.0262341 0.863731 86.5018 0.0392406 0.999202 -0.00748446 -2.52106 -0.863238 0.0301267 -0.503897 68.7449
-0.53233 0.0164255 0.846376 88.9787 0.0321199 0.999484 0.000805102 -2.57037 -0.845926 0.0276141 -0.532583 67.2504
-0.567646 0.0137492 0.823159 91.3555 0.0279026 0.999607 0.0025451 -2.61076 -0.8228 0.024413 -0.567807 65.6698
-0.604641 0.0163938 0.796331 93.6421 0.0257109 0.999669 -0.00105799 -2.65228 -0.796084 0.0198347 -0.604862 63.9919
-0.628291 0.0143517 0.777847 95.1077 0.0264411 0.999646 0.00291328 -2.67873 -0.77753 0.0223975 -0.628449 62.8261
-0.649212 0.0168641 0.76042 96.5177 0.0304307 0.99953 0.00381348 -2.69775 -0.759998 0.0256159 -0.64942 61.6285
-0.662804 0.0220415 0.748468 97.89 0.0382433 0.999259 0.00443924 -2.71202 -0.747816 0.0315662 -0.663155 60.4083
-0.668983 0.0251686 0.742852 99.2303 0.0432873 0.999049 0.00513403 -2.72982 -0.742017 0.0355906 -0.669436 59.2018
-0.668983 0.0251686 0.742852 100.539 0.0432873 0.999049 0.00513403 -2.74653 -0.742017 0.0355906 -0.669436 58.02
-0.668983 0.0251686 0.742852 101.811 0.0432873 0.999049 0.00513403 -2.75796 -0.742017 0.0355906 -0.669436 56.8999
-0.659187 0.0269593 0.751494 103.009 0.0466644 0.998898 0.00509799 -2.77902 -0.750528 0.0384286 -0.659719 55.8471
-0.649765 0.0256885 0.759702 104.166 0.0462746 0.998912 0.005801 -2.80241 -0.758727 0.0389241 -0.650247 54.8734
-0.639916 0.0261134 0.768002 105.784 0.0459161 0.998936 0.00429264 -2.82507 -0.767073 0.0380106 -0.640434 53.5293
-0.647365 0.0405275 0.761102 107.867 0.0523831 0.99859 -0.00861822 -2.87085 -0.760378 0.0342897 -0.648575 51.7694
-0.664556 0.0210434 0.746943 109.884 0.0466111 0.998824 0.0133303 -2.90404 -0.745784 0.0436745 -0.664756 50.0092
-0.674587 0.027185 0.737695 111.886 0.03943 0.999222 -0.000765781 -2.91053 -0.737141 0.0285707 -0.675134 48.2164
-0.674587 0.027185 0.737695 113.44 0.03943 0.999222 -0.000765799 -2.9336 -0.737141 0.0285707 -0.675134 46.796
-0.664529 0.0159034 0.747096 115.07 0.0421849 0.998978 0.0162575 -2.93316 -0.746073 0.0423197 -0.66452 45.323
-0.645243 0.0129572 0.763867 116.792 0.0349194 0.999311 0.0125458 -2.9205 -0.763178 0.0347689 -0.645251 43.8859
-0.634267 0.00385089 0.773104 118.012 0.0217184 0.999682 0.0128386 -2.92276 -0.772808 0.0249337 -0.634149 42.9247
-0.628554 0.00368655 0.777758 119.261 0.00341502 0.999992 -0.00198005 -2.91624 -0.77776 0.00141149 -0.628562 41.96
-0.624967 0.000511547 0.780647 120.544 -0.00598071 0.999967 -0.00544328 -2.92841 -0.780625 -0.00807072 -0.624944 40.9715
-0.624967 0.000511547 0.780647 121.864 -0.00598071 0.999967 -0.00544328 -2.94201 -0.780625 -0.00807072 -0.624944 39.9315
-0.624967 0.000511547 0.780647 123.221 -0.00598071 0.999967 -0.00544328 -2.96347 -0.780625 -0.00807072 -0.624944 38.8488
-0.624967 0.000511538 0.780647 124.612 -0.0059807 0.999967 -0.00544327 -2.98807 -0.780625 -0.0080707 -0.624944 37.7504
-0.624967 0.000511538 0.780647 126.012 -0.0059807 0.999967 -0.00544327 -3.00498 -0.780625 -0.0080707 -0.624944 36.602
-0.624967 0.00051152 0.780647 127.482 -0.00598071 0.999967 -0.00544326 -3.02555 -0.780625 -0.00807071 -0.624944 35.4479
-0.628987 -0.00883211 0.777368 129.724 -0.00940785 0.999949 0.00374888 -3.063 -0.777361 -0.00495536 -0.629038 33.659
-0.631042 -0.0175436 0.77555 132.745 -0.0207674 0.999768 0.00571776 -3.073 -0.77547 -0.012498 -0.63126 31.2422
-0.631042 -0.0175436 0.77555 134.254 -0.0207674 0.999768 0.00571776 -3.08476 -0.77547 -0.012498 -0.63126 30.0469
-0.62273 -0.00711621 0.782403 136.514 -0.00478009 0.999975 0.00529052 -3.10976 -0.782421 -0.000445385 -0.622748 28.2253
-0.617557 0.0058299 0.786504 138.026 0.0136214 0.999902 0.00328375 -3.11662 -0.786407 0.0127412 -0.617575 27.0166
-0.617557 0.00582989 0.786504 139.527 0.0136214 0.999902 0.00328376 -3.13484 -0.786407 0.0127412 -0.617575 25.8628
-0.619221 -0.00529777 0.7852 141.027 0.00604537 0.999915 0.0115139 -3.15137 -0.785194 0.0118765 -0.619136 24.6986
-0.619221 -0.00529776 0.7852 142.527 0.00604536 0.999915 0.0115139 -3.15214 -0.785194 0.0118765 -0.619136 23.5268
-0.619221 -0.00529776 0.7852 144 0.00604536 0.999915 0.0115139 -3.15448 -0.785194 0.0118765 -0.619136 22.3858
-0.622809 0.00185028 0.782373 145.473 0.00236973 0.999997 -0.000478525 -3.16094 -0.782372 0.00155598 -0.622812 21.2368
-0.624472 -0.000414545 0.781047 146.943 0.00813205 0.999942 0.00703256 -3.17373 -0.781005 0.0107432 -0.624433 20.0714
-0.624472 -0.000414554 0.781047 148.393 0.00813206 0.999942 0.00703258 -3.17785 -0.781005 0.0107432 -0.624433 18.9194
-0.622669 0.00617319 0.782458 149.816 0.00526878 0.999979 -0.00369649 -3.18872 -0.782464 0.0018209 -0.622689 17.7911
-0.622669 0.00617318 0.782458 151.225 0.00526875 0.999979 -0.00369649 -3.21573 -0.782464 0.00182089 -0.622689 16.6896
-0.622669 0.00617318 0.782458 153.254 0.00526875 0.999979 -0.0036965 -3.26461 -0.782464 0.00182088 -0.622689 15.0777
-0.632303 0.0145784 0.774586 155.156 0.0147488 0.999868 -0.00677889 -3.31748 -0.774583 0.00713788 -0.632435 13.5441
-0.644941 0.00392227 0.764225 156.911 0.0149164 0.999861 0.00745651 -3.35459 -0.764089 0.0162085 -0.644909 12.1016
-0.649448 0.0216779 0.760096 157.952 0.0210205 0.999723 -0.0105515 -3.373 -0.760114 0.00912496 -0.649724 11.2057
-0.641386 0.0327676 0.766519 159.376 0.0413309 0.999112 -0.00812691 -3.4131 -0.766105 0.0264684 -0.642171 9.9767
-0.588168 0.0455419 0.807456 160.758 0.0634796 0.997933 -0.0100453 -3.46786 -0.806244 0.0453486 -0.589843 8.90254
-0.447812 0.0417745 0.893151 162.742 0.0619942 0.997955 -0.0155934 -3.52846 -0.891976 0.0483873 -0.449486 7.82341
-0.287139 0.0548938 0.956314 164.833 0.0589401 0.997477 -0.0395595 -3.62284 -0.956074 0.0450063 -0.28965 7.1241
-0.169843 0.0416188 0.984593 166.555 0.0455561 0.998371 -0.0343429 -3.69717 -0.984418 0.0390213 -0.171462 6.85023
-0.0838278 0.0297137 0.996036 168.35 0.0291855 0.9992 -0.0273517 -3.76512 -0.996051 0.0267769 -0.084628 6.73124
-0.0460669 0.0259947 0.998601 170.207 0.00014881 0.999662 -0.0260154 -3.84194 -0.998939 -0.00104983 -0.0460552 6.70468
-0.0422419 0.0286382 0.998695 172.134 -0.0074974 0.999552 -0.0289798 -3.90432 -0.999078 -0.00871184 -0.0420082 6.63754
-0.0557118 0.0237421 0.998162 174.117 -0.00750016 0.999679 -0.0241968 -3.9806 -0.998416 -0.0088345 -0.0555159 6.53947
-0.0810712 0.0435968 0.995756 176.836 -0.00671301 0.998996 -0.0442853 -4.09381 -0.996687 -0.0102747 -0.0806972 6.35005
-0.10118 0.0286961 0.994454 178.971 -0.0156872 0.999414 -0.0304353 -4.19221 -0.994744 -0.0186797 -0.100671 6.16658
-0.111562 0.0374039 0.993054 181.133 -0.00760287 0.99923 -0.0384906 -4.28665 -0.993729 -0.0118441 -0.111192 5.92702
-0.111562 0.0374039 0.993054 182.611 -0.00760287 0.99923 -0.0384906 -4.34891 -0.993729 -0.0118441 -0.111192 5.77198
-0.111562 0.0374039 0.993054 184.108 -0.00760287 0.99923 -0.0384906 -4.41523 -0.993729 -0.0118441 -0.111192 5.61734
-0.111562 0.0374039 0.993054 185.617 -0.00760288 0.99923 -0.0384906 -4.49161 -0.993729 -0.0118441 -0.111192 5.45524
-0.111562 0.0374039 0.993054 186.377 -0.00760288 0.99923 -0.0384906 -4.52457 -0.993729 -0.0118441 -0.111192 5.37856
-0.111562 0.0374039 0.993054 187.915 -0.00760288 0.99923 -0.0384906 -4.59399 -0.993729 -0.0118441 -0.111192 5.23158
-0.110216 0.0443473 0.992918 189.444 -0.00120438 0.998997 -0.0447525 -4.67808 -0.993907 -0.0061283 -0.110052 5.06425
-0.110786 0.049339 0.992617 190.975 -0.00796965 0.998691 -0.0505303 -4.7522 -0.993811 -0.013509 -0.110248 4.90311
-0.110786 0.049339 0.992617 192.548 -0.00796965 0.998691 -0.0505303 -4.84452 -0.993811 -0.013509 -0.110248 4.73449
-0.113911 0.0558457 0.991919 194.099 -0.0125433 0.998258 -0.057643 -4.9389 -0.993411 -0.0190082 -0.113012 4.56441
-0.113911 0.0558455 0.991919 195.688 -0.0125435 0.998258 -0.0576429 -5.03816 -0.993411 -0.0190083 -0.113012 4.38849
-0.119542 0.05404 0.991357 198.12 -0.00548176 0.998466 -0.0550886 -5.20663 -0.992814 -0.0120198 -0.119062 4.0993
-0.119881 0.046061 0.991718 200.565 0.00391836 0.998937 -0.0459226 -5.35661 -0.99278 -0.00161938 -0.119934 3.79432
-0.117657 0.0497645 0.991806 203.058 0.0141394 0.998726 -0.0484343 -5.50006 -0.992953 0.00832492 -0.118211 3.49567
-0.117657 0.0497645 0.991806 204.73 0.0141394 0.998726 -0.0484343 -5.59808 -0.992953 0.00832492 -0.118211 3.31659
-0.117657 0.0497645 0.991806 206.394 0.0141394 0.998726 -0.0484343 -5.69569 -0.992953 0.00832492 -0.118211 3.13449
-0.114779 0.0670389 0.991126 208.042 0.0124749 0.997739 -0.0660415 -5.80783 -0.993312 0.00478403 -0.115355 2.959
-0.112127 0.0557748 0.992129 209.707 0.0060587 0.998443 -0.0554451 -5.92222 -0.993677 -0.000205792 -0.11229 2.78559
-0.112127 0.0557748 0.992129 212.229 0.0060587 0.998443 -0.0554451 -6.07379 -0.993677 -0.000205792 -0.11229 2.51571
-0.112127 0.0557748 0.992129 214.745 0.0060587 0.998443 -0.0554451 -6.24004 -0.993677 -0.000205792 -0.11229 2.24664
-0.112391 0.0525683 0.992271 217.305 0.0143299 0.998582 -0.0512795 -6.40547 -0.99356 0.00845576 -0.112985 1.95655
-0.109088 0.0591863 0.992268 219.867 0.0227943 0.998112 -0.0570289 -6.56756 -0.993771 0.0163969 -0.110231 1.66232
-0.109088 0.0591863 0.992268 222.508 0.0227943 0.998112 -0.0570289 -6.73093 -0.993771 0.0163969 -0.110231 1.38577
-0.111385 0.0595474 0.991991 225.16 0.0128624 0.998206 -0.0584762 -6.91641 -0.993694 0.00624602 -0.111951 1.112
-0.111385 0.0595474 0.991991 226.957 0.0128624 0.998206 -0.0584762 -7.02577 -0.993694 0.00624602 -0.111951 0.910959
-0.115334 0.0678282 0.991008 229.614 0.0234134 0.997574 -0.0655527 -7.21908 -0.993051 0.0156424 -0.116642 0.601119
-0.120538 0.0526576 0.991311 232.283 0.0141242 0.998582 -0.0513264 -7.42699 -0.992608 0.00781471 -0.121111 0.312538
-0.120538 0.0526576 0.991311 234.061 0.0141242 0.998582 -0.0513264 -7.5442 -0.992608 0.00781471 -0.121111 0.106973
-0.120966 0.0642957 0.990571 235.828 0.0130043 0.997917 -0.0631844 -7.67186 -0.992571 0.00523844 -0.121551 -0.0938846
-0.120966 0.0642957 0.990571 237.594 0.0130043 0.997917 -0.0631844 -7.80575 -0.992571 0.00523844 -0.121551 -0.31054
-0.120966 0.0642957 0.990571 239.362 0.0130043 0.997917 -0.0631844 -7.9427 -0.992571 0.00523844 -0.121551 -0.510282
-0.117136 0.0746076 0.990312 241.1 0.0131824 0.997203 -0.0735677 -8.08008 -0.993031 0.00443733 -0.117792 -0.705149
-0.112874 0.0617635 0.991687 242.836 0.0148699 0.998059 -0.0604678 -8.224 -0.993497 0.00792096 -0.113573 -0.897521
-0.109068 0.0722342 0.991406 244.551 0.0142605 0.997367 -0.0710997 -8.35513 -0.993932 0.00638326 -0.109811 -1.08363
-0.109068 0.0722342 0.991406 246.272 0.0142605 0.997367 -0.0710997 -8.49878 -0.993932 0.00638326 -0.109811 -1.27252
-0.103745 0.0620543 0.992666 248.782 0.0127986 0.998052 -0.0610535 -8.69961 -0.994522 0.00637072 -0.104337 -1.50996
-0.103745 0.0620543 0.992666 250.411 0.0127986 0.998052 -0.0610535 -8.83648 -0.994522 0.00637072 -0.104337 -1.67641
-0.103745 0.0620543 0.992666 251.979 0.0127986 0.998052 -0.0610535 -8.95169 -0.994522 0.00637072 -0.104337 -1.83454
-0.104566 0.0511478 0.993201 253.521 0.010759 0.998676 -0.050297 -9.06976 -0.994459 0.00542644 -0.104978 -1.98799
-0.105306 0.0603808 0.992603 254.978 0.00954463 0.99817 -0.0597067 -9.1782 -0.994392 0.00318648 -0.105689 -2.13691
-0.105306 0.0603808 0.992603 256.388 0.00954463 0.99817 -0.0597067 -9.28288 -0.994392 0.00318648 -0.105689 -2.28585
-0.113226 0.0589902 0.991817 257.774 0.0144116 0.998228 -0.0577263 -9.38174 -0.993466 0.0077576 -0.113876 -2.44193
-0.128419 0.0607767 0.989856 259.099 0.0146214 0.998128 -0.0593877 -9.48461 -0.991612 0.00684657 -0.129067 -2.60689
-0.149315 0.0619589 0.986846 260.363 0.0179974 0.99804 -0.0599386 -9.57625 -0.988625 0.0088109 -0.150137 -2.80352
-0.17336 0.0568931 0.983213 261.599 0.0276849 0.998217 -0.0528798 -9.66154 -0.984468 0.0180528 -0.174626 -3.02673
-0.195798 0.0478696 0.979473 262.761 0.036 0.998485 -0.0416022 -9.74452 -0.979981 0.0271153 -0.197224 -3.28386
-0.216849 0.047534 0.975048 263.854 0.0451053 0.998235 -0.0386331 -9.81461 -0.975164 0.0356023 -0.21861 -3.54478
-0.253624 0.0582144 0.96555 265.793 0.0608211 0.997172 -0.0441449 -9.92558 -0.96539 0.0475296 -0.256448 -4.06971
-0.264481 0.0585011 0.962616 267.74 0.0726081 0.996533 -0.0406133 -10.0545 -0.961655 0.0591523 -0.267811 -4.6358
-0.168084 0.0674064 0.983465 269.736 0.065565 0.996215 -0.0570745 -10.1874 -0.983589 0.0548875 -0.171867 -5.03841
0.0294796 0.0526701 0.998176 271.264 0.0424042 0.997646 -0.0538944 -10.2851 -0.998664 0.0439156 0.0271768 -4.95259
0.26779 0.0559456 0.961851 272.47 0.0100142 0.998097 -0.0608419 -10.3917 -0.963425 0.025925 0.26672 -4.53518
0.492033 0.0549306 0.868842 273.48 0.0142755 0.997364 -0.0711405 -10.4773 -0.87046 0.0474067 0.489952 -3.93566
0.698893 0.0650048 0.712266 274.391 -0.0183703 0.997164 -0.0729806 -10.5768 -0.71499 0.0379211 0.698105 -2.89628
0.817581 0.0671217 0.571888 274.994 -0.0412163 0.997457 -0.0581466 -10.6489 -0.574337 0.0239685 0.818268 -1.84714
0.894442 0.0823925 0.439529 275.512 -0.0655101 0.996418 -0.0534718 -10.7148 -0.44236 0.0190338 0.896635 -0.625219
0.94422 0.0937336 0.315694 276.149 -0.0818221 0.995351 -0.0508081 -10.8108 -0.318989 0.0221433 0.9475 1.32263
0.965138 0.0927568 0.244755 276.578 -0.0841018 0.995413 -0.0456029 -10.8907 -0.247862 0.0234287 0.968512 3.04449
0.979884 0.0958012 0.17507 276.901 -0.0888268 0.994925 -0.0472669 -10.9792 -0.178709 0.0307652 0.983421 4.96112
0.986126 0.106238 0.127547 277.157 -0.100415 0.993624 -0.0512672 -11.0578 -0.13218 0.0377484 0.990507 7.06803
0.990491 0.0972623 0.0973036 277.388 -0.0945217 0.994995 -0.0324003 -11.1664 -0.099968 0.0228949 0.994727 9.35383
0.990481 0.108184 0.0851047 277.568 -0.105218 0.993699 -0.0386138 -11.2503 -0.0887459 0.0292917 0.995624 11.7974
0.990481 0.108184 0.0851047 277.7 -0.105218 0.993699 -0.0386138 -11.3251 -0.0887459 0.0292917 0.995624 13.5162
0.990481 0.108184 0.0851049 277.851 -0.105218 0.993699 -0.0386138 -11.402 -0.0887461 0.0292917 0.995623 15.3041
0.990655 0.101254 0.0913818 278.02 -0.0990283 0.994674 -0.0285822 -11.473 -0.0937891 0.0192657 0.995406 17.1469
0.990655 0.101254 0.0913818 278.193 -0.0990283 0.994674 -0.0285822 -11.5419 -0.0937891 0.0192657 0.995406 19.015
0.990719 0.0959306 0.0962985 278.373 -0.092638 0.99497 -0.0381088 -11.6218 -0.0994699 0.0288342 0.994623 20.8994
0.990719 0.0959306 0.0962985 278.565 -0.092638 0.99497 -0.0381088 -11.7079 -0.0994699 0.0288342 0.994623 22.8157
0.991236 0.0867673 0.0996089 278.764 -0.08491 0.996129 -0.0227443 -11.7895 -0.101197 0.0140872 0.994767 24.7735
0.991236 0.0867673 0.0996089 279.044 -0.08491 0.996129 -0.0227443 -11.8858 -0.101197 0.0140872 0.994767 27.7341
0.991236 0.0867673 0.0996089 279.317 -0.08491 0.996129 -0.0227443 -11.9903 -0.101197 0.0140872 0.994767 30.7267
0.990472 0.0957774 0.0989577 279.581 -0.0944504 0.995366 -0.0180191 -12.0714 -0.100225 0.00850082 0.994928 33.7865
0.989951 0.101598 0.0983566 279.755 -0.101548 0.994815 -0.00552638 -12.1213 -0.0984081 -0.00451704 0.995136 35.82
0.989951 0.101598 0.0983566 279.93 -0.101548 0.994815 -0.00552638 -12.161 -0.0984081 -0.00451704 0.995136 37.8351
0.989951 0.101598 0.0983566 280.116 -0.101548 0.994815 -0.00552638 -12.1965 -0.0984081 -0.00451703 0.995136 39.8541
0.990249 0.098295 0.0987216 280.305 -0.0972719 0.995143 -0.0151349 -12.2353 -0.0997298 0.00538451 0.995 41.8541
0.989472 0.10211 0.10256 280.496 -0.10211 0.994759 -0.00525847 -12.276 -0.10256 -0.00526933 0.994713 43.8796
0.987738 0.11159 0.109188 280.793 -0.110996 0.993754 -0.0115202 -12.3352 -0.109792 -0.000740525 0.993954 46.8921
0.986658 0.112668 0.117525 281.112 -0.113741 0.993507 0.00243834 -12.3776 -0.116487 -0.0157731 0.993067 49.9238
0.988523 0.0980764 0.114908 281.358 -0.0976369 0.995177 -0.00946031 -12.4087 -0.115282 -0.00186752 0.993331 51.9577
0.989154 0.0994985 0.108046 281.67 -0.100329 0.994952 0.00226219 -12.4584 -0.107276 -0.0130778 0.994143 54.9995
0.988862 0.108409 0.101974 281.846 -0.107829 0.994106 -0.011203 -12.4855 -0.102587 8.24527e-05 0.994724 57.019
0.989131 0.110672 0.0968022 282.032 -0.109365 0.993825 -0.0187282 -12.5303 -0.0982772 0.0079379 0.995127 59.0372
0.989134 0.111804 0.0954655 282.213 -0.111699 0.993721 -0.00646309 -12.5832 -0.0955886 -0.00427049 0.995412 61.0401
0.989134 0.111804 0.0954655 282.384 -0.111699 0.993721 -0.00646309 -12.621 -0.0955886 -0.00427049 0.995412 63.0489
0.989134 0.111804 0.0954655 282.561 -0.111699 0.993721 -0.00646309 -12.6578 -0.0955886 -0.00427049 0.995412 65.0593
0.989134 0.111804 0.0954655 282.753 -0.111699 0.993721 -0.00646308 -12.6878 -0.0955886 -0.00427049 0.995412 67.0744
0.9898 0.104081 0.0972757 283.031 -0.10259 0.994518 -0.0202159 -12.7647 -0.0988466 0.0100301 0.995052 70.0512
0.989872 0.0984443 0.102289 283.227 -0.0989987 0.995088 0.000345229 -12.8123 -0.101753 -0.0104682 0.994755 72.0847
0.989872 0.0984443 0.102289 283.426 -0.0989987 0.995088 0.000345229 -12.8396 -0.101753 -0.0104682 0.994755 74.0747
0.989303 0.101931 0.104354 283.619 -0.100177 0.994728 -0.0219237 -12.8737 -0.106038 0.0112353 0.994299 76.055
0.988739 0.0992108 0.112038 283.831 -0.0993764 0.995041 -0.00411861 -12.9261 -0.111891 -0.00706174 0.993695 78.0663
0.988403 0.0942822 0.119037 284.063 -0.095565 0.99541 0.00510127 -12.9541 -0.11801 -0.0164179 0.992877 80.069
0.987495 0.0946876 0.126051 284.298 -0.0944526 0.995498 -0.00785302 -12.98 -0.126227 -0.004151 0.991993 82.0548
0.986081 0.0936979 0.137353 284.548 -0.0932603 0.995595 -0.00963239 -13.0132 -0.137651 -0.00331127 0.990475 84.0488
0.984222 0.0930894 0.150472 284.834 -0.0931755 0.995629 -0.00649383 -13.0521 -0.150418 -0.0076289 0.988593 86.0249
0.983502 0.0814319 0.161532 285.16 -0.0825159 0.99659 2.76799e-06 -13.0922 -0.160981 -0.0133317 0.986867 87.9966
0.981369 0.0798187 0.174768 285.658 -0.0804091 0.996755 -0.00371136 -13.1317 -0.174497 -0.0104107 0.984603 90.9043
0.979753 0.0851469 0.181203 285.991 -0.0847015 0.996354 -0.0102088 -13.1671 -0.181411 -0.00534608 0.983393 92.8307
0.979753 0.0851469 0.181203 286.323 -0.0847015 0.996354 -0.0102088 -13.2063 -0.181411 -0.00534606 0.983393 94.747
0.981977 0.0691881 0.17588 286.837 -0.0691101 0.997587 -0.00657586 -13.2771 -0.175911 -0.00569777 0.98439 97.5988
0.981977 0.0691881 0.17588 287.152 -0.0691101 0.997587 -0.00657585 -13.3112 -0.175911 -0.00569778 0.98439 99.4764
0.983495 0.067795 0.167753 287.465 -0.0661189 0.99769 -0.0155633 -13.353 -0.168421 0.00421475 0.985706 101.33
0.983495 0.067795 0.167753 287.772 -0.0661189 0.99769 -0.0155633 -13.4033 -0.168421 0.00421475 0.985706 103.168
0.98487 0.0501952 0.165868 288.108 -0.051098 0.998693 0.00117718 -13.4474 -0.165592 -0.00963485 0.986147 105.003
0.985561 0.0363638 0.165371 288.425 -0.0378469 0.999267 0.00582546 -13.4773 -0.165037 -0.0120001 0.986214 106.779
0.985179 0.0385734 0.167137 288.722 -0.0378505 0.999255 -0.00750978 -13.4957 -0.167302 0.00107226 0.985905 108.505
0.985179 0.0385734 0.167137 289.009 -0.0378505 0.999255 -0.00750978 -13.5224 -0.167302 0.00107226 0.985905 110.204
0.982294 0.0371677 0.183623 289.442 -0.0371934 0.999303 -0.00330533 -13.5774 -0.183618 -0.00358276 0.982991 112.638
0.977429 0.0344616 0.208433 289.919 -0.0329607 0.9994 -0.0106709 -13.6387 -0.208675 0.00356 0.977979 114.943
0.970548 0.0432798 0.236989 290.416 -0.0421332 0.999063 -0.00990318 -13.6996 -0.237195 -0.000373593 0.971462 117.092
0.963217 0.0579132 0.262409 290.898 -0.0522829 0.998229 -0.0283938 -13.7631 -0.263588 0.0136299 0.964539 119
0.958757 0.0439937 0.280801 291.57 -0.0439181 0.999014 -0.00656507 -13.8545 -0.280813 -0.00603793 0.959744 121.28
0.962075 0.0447968 0.26908 292.174 -0.0399256 0.998925 -0.0235513 -13.9171 -0.269846 0.011915 0.96283 123.367
0.982332 0.0333709 0.184148 292.746 -0.0333369 0.999439 -0.00328139 -13.9883 -0.184154 -0.00291551 0.982893 126.012
0.999416 0.0320912 -0.0117583 292.881 -0.0322373 0.999403 -0.0124499 -14.0261 0.0113518 0.0128217 0.999853 128.644
0.959631 0.0400711 -0.278391 292.29 -0.0380656 0.999196 0.0126079 -14.0442 0.278673 -0.00150179 0.960385 131.277
0.865781 0.0505228 -0.497866 291.231 -0.0368336 0.998626 0.0372861 -13.9907 0.499066 -0.0139434 0.866452 133.262
0.759043 0.0685219 -0.647425 290.085 -0.0439345 0.99757 0.0540715 -13.9184 0.649557 -0.0125983 0.760209 134.584
0.638771 0.074135 -0.765817 288.667 -0.036796 0.997152 0.0658377 -13.8083 0.768517 -0.0138763 0.63968 135.775
0.503175 0.0673236 -0.861558 286.417 -0.0451094 0.997648 0.0516127 -13.6492 0.863007 0.0128941 0.505029 137.108
0.461557 0.0872619 -0.882808 284.522 -0.0542464 0.996064 0.0700953 -13.5404 0.88545 0.0155362 0.464474 138.068
0.456185 0.0906828 -0.885252 282.546 -0.0640734 0.995559 0.0689643 -13.3965 0.887575 0.0252606 0.45997 139.063
0.46164 0.0909991 -0.882387 280.467 -0.0707692 0.995332 0.0656225 -13.251 0.88424 0.0321519 0.465925 140.125
0.469932 0.088212 -0.878284 278.316 -0.0822229 0.995042 0.055945 -13.1103 0.878865 0.0459247 0.474855 141.243
0.480262 0.0929854 -0.872183 276.035 -0.0840811 0.994666 0.059745 -12.9757 0.873086 0.0446408 0.485519 142.482
0.480262 0.0929854 -0.872183 273.678 -0.0840811 0.994666 0.0597449 -12.8344 0.873086 0.0446408 0.485519 143.796
0.480262 0.0929854 -0.872183 271.213 -0.0840811 0.994666 0.0597449 -12.6769 0.873086 0.0446408 0.485519 145.156
0.488397 0.0855545 -0.868417 268.709 -0.0837357 0.995185 0.0509504 -12.5339 0.868594 0.0478335 0.493209 146.557
0.502296 0.0873754 -0.86027 266.19 -0.0858717 0.995004 0.0509211 -12.4184 0.860421 0.0482953 0.50729 147.988
0.536003 0.0871635 -0.839704 262.885 -0.0849486 0.995176 0.0490772 -12.2622 0.839931 0.0450262 0.540822 150.029
0.57072 0.0838565 -0.816851 259.679 -0.071792 0.996058 0.0520937 -12.1181 0.818 0.0289125 0.574491 152.21
0.584822 0.0745942 -0.807724 257.346 -0.0562006 0.997096 0.0513916 -12.0017 0.809212 0.0153397 0.587316 153.915
0.580758 0.0717779 -0.810905 255.006 -0.0443096 0.997416 0.0565531 -11.8768 0.812869 0.00308723 0.582438 155.62
0.564751 0.0686526 -0.822401 252.589 -0.0359226 0.997634 0.0586123 -11.7354 0.824479 -0.00355853 0.565881 157.301
0.550761 0.0626845 -0.832306 250.947 -0.0326227 0.998031 0.0535786 -11.6424 0.834025 -0.00235693 0.551721 158.387
0.538441 0.053555 -0.84096 249.28 -0.0244762 0.998551 0.0479196 -11.5588 0.842308 -0.00521832 0.538971 159.466
0.524511 0.0598975 -0.849293 247.598 -0.0141331 0.997997 0.0616566 -11.4757 0.851286 -0.0203364 0.524307 160.523
0.511457 0.0577419 -0.857367 245.899 -0.00455126 0.997908 0.0644921 -11.3748 0.859297 -0.0290829 0.51065 161.555
0.498071 0.0511141 -0.865628 244.18 0.0029594 0.998155 0.0606425 -11.2754 0.867131 -0.032766 0.497001 162.558
0.486823 0.0461393 -0.872281 242.463 0.00816654 0.99832 0.0573639 -11.1843 0.873462 -0.0350496 0.485628 163.514
0.478136 0.0510682 -0.876799 240.733 0.0117326 0.997848 0.0645164 -11.0894 0.878207 -0.0411347 0.476507 164.456
0.478136 0.0510682 -0.876799 238.994 0.0117326 0.997848 0.0645164 -10.9873 0.878207 -0.0411347 0.476507 165.372
