1 0 0 0 0 1 0 0 0 0 1 0
1 0 0 0.004086 0 1 0 -0.033445 0 0 1 1.95015
1 0 0 0.014802 0 1 0 -0.084227 0 0 1 3.89263
1 0 0 0.018314 0 1 0 -0.111889 0 0 1 4.8669
1 0 0 0.034849 0 1 0 -0.157873 0 0 1 6.80456
1 0 0 0.056204 0 1 0 -0.19404 0 0 1 8.72334
1 0 0 0.076219 0 1 0 -0.239412 0 0 1 10.6195
0.999592 -0.0284233 0.00277852 0.083042 0.0284308 0.999592 -0.00269077 -0.279069 -0.00270091 0.00276867 0.999993 12.5114
1 0 0 0.080789 0 1 0 -0.311244 0 0 1 14.3874
1 0 0 0.062231 0 1 0 -0.334924 0 0 1 16.2216
1 0 0 0.032293 0 1 0 -0.353409 0 0 1 18.0262
1 0 0 -7.3e-05 0 1 0 -0.385004 0 0 1 19.7742
1 0 0 -0.041266 0 1 0 -0.420953 0 0 1 21.4453
1 0 0 -0.075731 0 1 0 -0.445677 0 0 1 23.0491
1 0 0 -0.106638 0 1 0 -0.470869 0 0 1 24.5547
1 0 0 -0.108845 0 1 0 -0.494084 0 0 1 26.6713
0.996017 -0.00936705 0.0886704 0.074458 0.00953408 0.999953 -0.00146034 -0.52978 -0.0886526 0.00229991 0.99606 29.8031
0.95909 0.00379008 0.283077 0.823823 -0.00119806 0.999956 -0.00932914 -0.57823 -0.2831 0.00860834 0.959052 33.2258
0.824397 0.0298861 0.565223 2.3775 -0.0208849 0.999531 -0.0223888 -0.694046 -0.565627 0.00665267 0.824635 36.235
0.664965 0.0212428 0.746572 4.04666 -0.00900426 0.999751 -0.0204266 -0.791666 -0.74682 0.00686066 0.664991 37.8259
0.482453 0.0457718 0.874725 6.03652 -1.48218e-05 0.998634 -0.0522474 -0.880856 -0.875922 0.025194 0.481795 39.0075
0.288946 0.0382178 0.956582 8.39643 0.0208024 0.998716 -0.0461848 -1.02048 -0.957119 0.0332441 0.28778 39.7876
0.153016 0.0431333 0.987282 10.3407 0.0240014 0.99859 -0.0473473 -1.13193 -0.987932 0.030941 0.151765 40.1262
0.0563985 0.0619129 0.996486 12.401 0.0440595 0.996949 -0.0644352 -1.24114 -0.997434 0.0475387 0.0534986 40.2365
0.0155878 0.0467032 0.998787 13.8449 0.047173 0.997762 -0.0473915 -1.32836 -0.998765 0.0478545 0.0133498 40.2473
-0.0213294 0.0339558 0.999194 16.073 0.0594159 0.9977 -0.0326366 -1.44019 -0.998004 0.0586719 -0.0232978 40.1959
-0.030827 0.0442134 0.998546 19.1387 0.0706585 0.996618 -0.0419467 -1.58102 -0.997024 0.0692627 -0.0338468 40.0752
-0.030246 0.0447908 0.998538 21.5447 0.0791928 0.995962 -0.0422765 -1.70467 -0.9964 0.0777984 -0.033671 39.9839
-0.0255728 0.0621283 0.99774 24.0205 0.100394 0.993181 -0.0592712 -1.84744 -0.994619 0.0986518 -0.0316357 39.8733
-0.0169821 0.0414589 0.998996 27.4377 0.111219 0.993018 -0.0393201 -2.05114 -0.993651 0.11044 -0.0214745 39.7583
-0.0135464 0.037668 0.999198 31.0005 0.0889508 0.995374 -0.0363178 -2.21231 -0.995944 0.0883875 -0.0168343 39.7267
-0.0132414 0.0528053 0.998517 33.7486 0.0839836 0.995135 -0.0515127 -2.35175 -0.996379 0.083177 -0.0176117 39.6846
-0.0178382 0.0370963 0.999153 36.6211 0.0736625 0.996644 -0.0356882 -2.50163 -0.997124 0.0729634 -0.0205109 39.6455
-0.0215867 0.0389503 0.999008 39.5707 0.0695738 0.996877 -0.0373639 -2.6248 -0.997343 0.0686983 -0.0242292 39.5899
-0.0206472 0.052683 0.998398 41.5871 0.0725398 0.996058 -0.0510593 -2.71035 -0.997152 0.0713693 -0.0243874 39.5528
-0.0181359 0.0322437 0.999317 43.6519 0.0710843 0.996992 -0.0308788 -2.82709 -0.997307 0.0704757 -0.0203733 39.509
-0.0158566 0.0364472 0.999209 45.731 0.0703754 0.996898 -0.035246 -2.91561 -0.997394 0.0697609 -0.0183724 39.4774
-0.0132616 0.0432801 0.998975 47.8372 0.0712824 0.996562 -0.0422293 -3.01169 -0.997368 0.0706493 -0.0163011 39.4383
-0.0117841 0.0367717 0.999252 51.0299 0.0681661 0.997028 -0.0358858 -3.16822 -0.997602 0.0676923 -0.0142557 39.4102
-0.0112709 0.0308987 0.999458 53.1628 0.0672085 0.997286 -0.0300735 -3.26803 -0.997674 0.0668332 -0.013317 39.3907
-0.0100198 0.0413933 0.999092 56.3358 0.0706882 0.996673 -0.0405841 -3.41152 -0.997448 0.0702174 -0.0129125 39.3507
-0.00746795 0.0428153 0.999054 58.4442 0.0731996 0.996426 -0.0421554 -3.52836 -0.997288 0.0728156 -0.0105753 39.3236
-0.00382794 0.0408878 0.999156 61.5757 0.0719759 0.996584 -0.0405067 -3.69959 -0.997399 0.0717601 -0.00675779 39.3041
-0.00487506 0.0377435 0.999275 64.6957 0.0679874 0.996988 -0.0373254 -3.8595 -0.997674 0.0677561 -0.00742645 39.2864
-0.00764196 0.0431806 0.999038 66.7787 0.062578 0.99713 -0.0426194 -3.96497 -0.998011 0.0621921 -0.0103222 39.2856
-0.00955573 0.0388701 0.999198 68.8651 0.058756 0.99754 -0.0382436 -4.07376 -0.998226 0.0583435 -0.0118161 39.2671
-0.01053 0.0419072 0.999067 71.9565 0.0544184 0.997665 -0.0412749 -4.23468 -0.998463 0.0539329 -0.0127859 39.2443
-0.0115737 0.0382545 0.999201 75.0341 0.0498288 0.998049 -0.0376333 -4.40119 -0.998691 0.0493534 -0.0134573 39.2261
-0.0111553 0.0345997 0.999339 78.0882 0.0506086 0.99814 -0.0339933 -4.5449 -0.998656 0.0501959 -0.0128856 39.1816
-0.00439192 0.0411244 0.999144 81.1049 0.0536184 0.997726 -0.0408304 -4.70062 -0.998552 0.0533932 -0.00658697 39.1515
0.00311017 0.0226437 0.999738 84.1803 0.0494105 0.998519 -0.0227697 -4.84513 -0.998773 0.0494684 0.00198673 39.1679
0.011924 0.0353787 0.999302 87.1889 0.0559794 0.997783 -0.0359928 -4.97181 -0.99836 0.0563696 0.00991708 39.1935
0.0241029 0.0387381 0.998958 90.1584 0.062422 0.997241 -0.0401776 -5.12173 -0.997759 0.0633253 0.0216183 39.2422
0.0342114 0.0478131 0.99827 92.1304 0.0617542 0.996845 -0.0498612 -5.2343 -0.997504 0.0633532 0.0311508 39.309
0.0433706 0.0390934 0.998294 94.1193 0.0567314 0.997525 -0.041528 -5.3536 -0.997447 0.0584357 0.0410454 39.3998
0.0574673 0.0358994 0.997701 97.0479 0.0488279 0.998056 -0.0387246 -5.4992 -0.997152 0.0509411 0.0556027 39.5432
0.0604575 0.0350801 0.997555 99.9758 0.0174907 0.999192 -0.0361977 -5.65589 -0.998018 0.0196364 0.059795 39.7882
0.0546113 0.0452016 0.997484 102.912 0.0100313 0.9989 -0.045815 -5.80267 -0.998457 0.012508 0.0540978 39.9747
0.0394392 0.0339889 0.998643 105.897 0.00959895 0.999362 -0.0343925 -5.95238 -0.999175 0.0109423 0.0390878 40.1212
0.0264791 0.0267649 0.99929 107.888 7.11393e-05 0.999641 -0.0267761 -6.04063 -0.999648 0.000780066 0.0264677 40.2029
0.00814345 0.0444358 0.998979 110.854 -0.00870772 0.998977 -0.0443647 -6.1763 -0.999929 -0.00833753 0.00852206 40.2786
-0.000549176 0.0369266 0.999318 112.868 0.00265093 0.999315 -0.0369251 -6.27962 -0.999996 0.00262884 -0.00064669 40.282
-0.0101873 0.040538 0.999127 115.887 0.010092 0.999131 -0.0404353 -6.42296 -0.999898 0.00967131 -0.0105876 40.2558
-0.0176228 0.0398393 0.999051 117.897 0.00583735 0.999193 -0.039742 -6.52808 -0.999828 0.00513147 -0.0178412 40.2327
-0.0222359 0.0299954 0.999303 120.943 0.00562235 0.999538 -0.0298774 -6.68429 -0.999737 0.00495408 -0.0223943 40.1783
-0.0239612 0.0416197 0.998847 123.948 0.00121449 0.999134 -0.0416026 -6.8202 -0.999713 0.000216278 -0.023991 40.1277
-0.024586 0.0337838 0.999126 126.943 0.00981061 0.999389 -0.0335512 -6.97728 -0.999649 0.00897714 -0.0249025 40.057
-0.0241333 0.0312272 0.99922 129.897 0.0147464 0.999414 -0.030877 -7.11292 -0.999599 0.0139897 -0.0245797 39.9762
-0.0263276 0.0352037 0.999034 132.759 0.0212294 0.999174 -0.0346492 -7.24847 -0.999429 0.0202966 -0.0270532 39.9034
-0.0313766 0.0379947 0.998783 135.499 0.0295649 0.998875 -0.0370693 -7.38462 -0.999068 0.0283658 -0.0324646 39.8221
-0.0513246 0.0393988 0.997905 138.985 0.0133466 0.999159 -0.0387619 -7.5651 -0.998593 0.0113293 -0.0518073 39.7047
-0.0675554 0.0323661 0.997189 141.444 0.0183977 0.999344 -0.0311896 -7.69158 -0.997545 0.016239 -0.0681065 39.5552
-0.0762473 0.0230582 0.996821 142.991 0.026534 0.999425 -0.0210887 -7.7691 -0.996735 0.0248417 -0.0768153 39.4342
-0.0792516 0.0322454 0.996333 144.436 0.0263043 0.999196 -0.0302458 -7.83413 -0.996507 0.0238108 -0.0800361 39.3249
-0.0793259 0.0394845 0.996065 145.797 0.0353758 0.998697 -0.0367714 -7.89996 -0.996219 0.0323197 -0.0806194 39.1961
-0.0782806 0.0497728 0.995687 147.146 0.0344387 0.998292 -0.0471953 -7.97546 -0.996335 0.0305956 -0.079861 39.0964
-0.0683254 0.0399066 0.996863 149.183 0.0437363 0.998359 -0.0369687 -8.08373 -0.996703 0.0410732 -0.0699586 38.9468
-0.0292334 0.0410885 0.998727 151.812 0.0467485 0.998118 -0.039695 -8.22083 -0.998478 0.0455286 -0.0310992 38.8437
0.0290968 0.0391634 0.99881 154.476 0.034917 0.998583 -0.0401718 -8.36047 -0.998967 0.0360443 0.0276881 38.9297
0.0690488 0.0480246 0.996457 157.287 0.0134185 0.998706 -0.0490628 -8.50409 -0.997523 0.0167587 0.068315 39.1415
0.0663607 0.0393108 0.99702 160.332 -5.93466e-05 0.999224 -0.0393937 -8.6623 -0.997795 0.00255499 0.0663115 39.3936
0.0344566 0.0499418 0.998158 163.597 0.0052629 0.998728 -0.0501521 -8.80902 -0.999393 0.00698132 0.03415 39.5447
-0.0120396 0.0446034 0.998932 167.125 0.00372989 0.999 -0.0445615 -8.98458 -0.999921 0.00318941 -0.0121939 39.5807
-0.0433677 0.0524785 0.997681 170.833 0.0154963 0.998535 -0.0518499 -9.19511 -0.99894 0.0132118 -0.0441174 39.4289
-0.0570434 0.044171 0.997394 173.786 0.022985 0.998814 -0.0429193 -9.35154 -0.998107 0.0204768 -0.057991 39.2681
-0.0567581 0.0450606 0.997371 175.809 0.0295894 0.998618 -0.0434331 -9.44539 -0.99795 0.0270465 -0.0580129 39.1493
-0.0523567 0.0407643 0.997796 177.889 0.0295154 0.998793 -0.0392563 -9.54856 -0.998193 0.027395 -0.0534967 39.0406
-0.0418186 0.0380121 0.9984 181.077 0.0328048 0.998789 -0.0366528 -9.69697 -0.998585 0.0312196 -0.0430149 38.9102
-0.0292422 0.0496751 0.998338 184.264 0.0422395 0.997934 -0.0484178 -9.85786 -0.99868 0.0407535 -0.0312801 38.7966
-0.0234288 0.0411355 0.998879 186.398 0.0397782 0.9984 -0.0401828 -9.97872 -0.998934 0.0387922 -0.0250276 38.7487
-0.0202605 0.0340018 0.999216 188.531 0.0344103 0.998853 -0.0332918 -10.0845 -0.999202 0.0337089 -0.0214072 38.7206
-0.0151103 0.037162 0.999195 191.713 0.0323481 0.998804 -0.0366582 -10.2361 -0.999362 0.0317681 -0.0162944 38.6861
-0.0136523 0.0456183 0.998865 194.845 0.0284611 0.998572 -0.0452158 -10.4026 -0.999501 0.0278115 -0.0149312 38.6565
-0.0145502 0.034421 0.999302 196.94 0.0303294 0.998963 -0.0339677 -10.5133 -0.999435 0.029814 -0.0155791 38.6297
-0.0154017 0.0343367 0.999292 200.053 0.0325387 0.998898 -0.0338216 -10.6425 -0.999352 0.0319947 -0.016502 38.585
-0.0173998 0.0461056 0.998786 203.078 0.0249341 0.998646 -0.0456648 -10.801 -0.999538 0.0241092 -0.0185259 38.5259
-0.0192888 0.0343992 0.999221 207.112 0.0374727 0.998731 -0.0336589 -11.0356 -0.999111 0.0367943 -0.0205534 38.4452
-0.0192845 0.0432162 0.99888 209.982 0.0296962 0.998649 -0.0426329 -11.1917 -0.999373 0.0288408 -0.0205419 38.3901
-0.00686454 0.0403409 0.999163 212.737 0.0279599 0.998803 -0.0401343 -11.3508 -0.999586 0.027661 -0.00798425 38.3681
0.0127119 0.0317853 0.999413 215.368 0.030892 0.999005 -0.0321652 -11.4932 -0.999441 0.0312828 0.0117173 38.3952
0.0392042 0.0364629 0.998566 218.635 0.0255 0.998972 -0.0374789 -11.6554 -0.998906 0.0269327 0.0382341 38.5257
0.0734938 0.0411744 0.996445 221.642 0.0203864 0.998877 -0.0427784 -11.8373 -0.997087 0.0234578 0.0725718 38.7334
0.102578 0.0332456 0.994169 224.341 0.00101452 0.999437 -0.0335264 -11.9994 -0.994724 0.00444767 0.102487 39.0266
0.0667168 0.030475 0.997307 226.697 -0.0214965 0.999345 -0.0290993 -12.12 -0.997541 -0.0194972 0.0673282 39.2773
-0.120093 0.028312 0.99236 229.257 -0.0234643 0.999233 -0.0313477 -12.2563 -0.992487 -0.0270496 -0.119336 39.1213
-0.427326 0.0373207 0.903327 231.36 0.00955597 0.999278 -0.0367644 -12.366 -0.904047 -0.00707819 -0.427374 38.2298
-0.667981 0.0384089 0.743185 232.647 0.0341049 0.999198 -0.0209862 -12.4476 -0.743395 0.0113279 -0.668755 37.0929
-0.843137 0.0492187 0.535445 233.5 0.0586715 0.998277 0.00062387 -12.4725 -0.534492 0.0319413 -0.844572 35.6371
-0.931794 0.0430203 0.360429 233.909 0.0536139 0.998372 0.0194401 -12.462 -0.359006 0.0374382 -0.932584 34.4623
-0.979802 0.0586811 0.191162 234.049 0.0639868 0.997715 0.0216961 -12.4465 -0.189452 0.0334897 -0.981318 33.2056
-0.998299 0.0500622 0.0299183 234.114 0.0505869 0.998574 0.0170455 -12.4033 -0.0290223 0.01853 -0.999408 31.3115
-0.99718 0.0647857 -0.0378304 234.008 0.0640495 0.997739 0.0203598 -12.3669 0.0390639 0.0178794 -0.999075 29.1635
-0.997487 0.0639258 -0.0306156 233.943 0.0631486 0.997673 0.0257136 -12.3245 0.0321881 0.0237156 -0.999202 26.7456
-0.997641 0.0646234 -0.0232177 233.903 0.064035 0.997628 0.0252509 -12.2752 0.0247944 0.0237045 -0.999413 24.7622
-0.997948 0.0626279 -0.0133955 233.868 0.0625066 0.998001 0.00928555 -12.2346 0.0139502 0.00842918 -0.999868 21.9242
-0.998429 0.0556774 -0.00644324 233.874 0.05552 0.998205 0.0224624 -12.1934 0.00768233 0.0220693 -0.999727 18.8025
-0.998265 0.0576862 -0.011766 233.88 0.0573453 0.997976 0.0275029 -12.1495 0.0133288 0.0267805 -0.999552 16.3263
-0.998442 0.0546688 -0.0113079 233.895 0.0546001 0.998488 0.00629526 -12.0967 0.011635 0.00566803 -0.999918 12.8721
-0.998779 0.0488908 -0.00693295 233.907 0.0488346 0.998774 0.00806173 -12.0903 0.00731859 0.00771333 -0.999943 11.0614
-0.998869 0.0462838 -0.0109458 233.896 0.0460326 0.998694 0.022185 -12.0791 0.0119583 0.021656 -0.999694 9.21067
-0.998572 0.0511116 -0.0155445 233.873 0.0507413 0.998439 0.0233513 -12.0539 0.0167138 0.0225292 -0.999606 7.34207
-0.998222 0.0570119 -0.0173298 233.838 0.0566559 0.998186 0.0203832 -12.0273 0.0184605 0.0193651 -0.999641 5.44942
-0.998563 0.0509449 -0.016641 233.822 0.0505892 0.998496 0.0211376 -12.0061 0.0176928 0.0202653 -0.999638 3.53096
-0.998929 0.0437097 -0.0150589 233.797 0.0433656 0.998807 0.0224632 -11.9761 0.0160228 0.0217862 -0.999633 0.667949
-0.998991 0.0425421 -0.0145164 233.788 0.0423058 0.998973 0.0162127 -11.9576 0.0151912 0.0155822 -0.999765 -2.23853
-0.998955 0.0436537 -0.0134811 233.769 0.0433876 0.998869 0.0194367 -11.9421 0.0143144 0.0188315 -0.99972 -4.19775
-0.998815 0.0463812 -0.0146896 233.724 0.0459002 0.998448 0.0315388 -11.9031 0.0161296 0.0308272 -0.999394 -7.13632
-0.998723 0.0472613 -0.01783 233.699 0.0467807 0.998554 0.0264674 -11.8646 0.0190551 0.0255995 -0.999491 -9.07417
-0.998559 0.0493233 -0.0210632 233.66 0.0488392 0.998544 0.0229094 -11.8354 0.0221625 0.0218477 -0.999514 -11.003
-0.998212 0.0560351 -0.0208886 233.591 0.0554819 0.998116 0.0261854 -11.7999 0.0223165 0.0249796 -0.999441 -13.9011
-0.998787 0.0451992 -0.0196086 233.563 0.0450649 0.998958 0.00723412 -11.7858 0.0199152 0.00634168 -0.999783 -16.7536
-0.998824 0.0449263 -0.0182674 233.522 0.0445222 0.998767 0.021958 -11.7808 0.0192314 0.0211188 -0.999593 -19.6023
-0.998336 0.0553836 -0.0161491 233.466 0.0549493 0.998145 0.0261987 -11.7506 0.0175701 0.0252676 -0.999528 -22.396
-0.998648 0.0500285 -0.0139853 233.436 0.0498723 0.998692 0.0113045 -11.7312 0.0145326 0.0105918 -0.999837 -25.1241
-0.999102 0.0412524 -0.00982156 233.432 0.0411561 0.999105 0.00981625 -11.7326 0.0102177 0.00940321 -0.999905 -27.8647
-0.999045 0.0422632 0.011193 233.448 0.04253 0.998788 0.0247799 -11.7189 -0.0101322 0.0252322 -0.999632 -30.6061
-0.998206 0.0445961 0.0399161 233.543 0.0456473 0.998624 0.0258217 -11.6871 -0.0387096 0.0275975 -0.998868 -33.3026
-0.9973 0.0412465 0.0607622 233.663 0.0423257 0.998966 0.0165817 -11.6723 -0.0600154 0.0191087 -0.998015 -35.0622
-0.996081 0.0352019 0.0811273 233.814 0.037122 0.999062 0.0222809 -11.6549 -0.0802669 0.0252052 -0.996453 -36.8192
-0.994495 0.0330434 0.099447 233.986 0.0355922 0.999079 0.0239647 -11.6394 -0.0985635 0.0273723 -0.994755 -38.557
-0.991903 0.0340659 0.122333 234.302 0.0361331 0.999239 0.0147186 -11.6197 -0.121739 0.0190197 -0.992379 -41.1441
-0.988584 0.0335781 0.146876 234.697 0.0379807 0.998906 0.0272733 -11.5976 -0.1458 0.0325404 -0.988778 -43.7386
-0.983617 0.0387046 0.176072 235.124 0.0423212 0.998962 0.0168309 -11.5677 -0.175238 0.0240067 -0.984234 -46.2709
-0.978818 0.0438017 0.199982 235.457 0.0503747 0.998341 0.0278957 -11.5533 -0.198429 0.0373789 -0.9794 -47.9579
-0.970808 0.06227 0.231639 236.013 0.0656348 0.99782 0.00683984 -11.5383 -0.230709 0.0218437 -0.972779 -50.4095
-0.966816 0.0576433 0.248894 236.443 0.0607359 0.998143 0.00475752 -11.549 -0.248157 0.0197164 -0.968521 -52.0327
-0.96108 0.054199 0.270903 237.121 0.0626843 0.997774 0.0227622 -11.5548 -0.269066 0.0388577 -0.962338 -54.4556
-0.954537 0.0560223 0.292782 237.831 0.0612016 0.998089 0.00855211 -11.5446 -0.291744 0.026082 -0.956141 -56.8349
-0.947782 0.0507134 0.314864 238.619 0.0583107 0.99819 0.0147499 -11.5526 -0.313546 0.0323396 -0.949023 -59.1947
-0.937295 0.0575801 0.343752 239.722 0.0599837 0.998193 -0.00364695 -11.5757 -0.343341 0.0172013 -0.939055 -62.2837
-0.923944 0.0490421 0.37937 240.949 0.0518543 0.998651 -0.00280848 -11.6268 -0.378996 0.0170771 -0.92524 -65.3002
-0.909242 0.044576 0.413875 242.254 0.0462658 0.998911 -0.00594552 -11.673 -0.41369 0.0137423 -0.910314 -68.2124
-0.897346 0.0465643 0.438865 243.282 0.0457279 0.998876 -0.0124826 -11.7226 -0.438953 0.00886714 -0.898467 -70.3173
-0.880241 0.0410645 0.472749 244.706 0.0516659 0.99862 0.00945671 -11.7739 -0.471708 0.0327492 -0.881147 -73.0337
-0.867609 0.0428749 0.495392 245.784 0.0481527 0.998838 -0.00211404 -11.7949 -0.494907 0.0220203 -0.868666 -74.9028
-0.858202 0.0367224 0.512 246.816 0.0429481 0.999077 0.000331248 -11.8346 -0.511515 0.0222737 -0.858987 -76.6334
-0.85751 0.0347623 0.513293 248.056 0.0364025 0.999314 -0.0068633 -11.8832 -0.513179 0.0127998 -0.858186 -78.6948
-0.883176 0.024921 0.468378 249.302 0.0348611 0.999313 0.0125638 -11.9216 -0.467744 0.0274242 -0.883439 -80.9179
-0.94049 0.0387908 0.337604 250.338 0.0413451 0.999145 0.000376244 -11.9463 -0.337301 0.0143121 -0.941289 -83.5106
-0.996084 0.0429136 0.0772927 250.658 0.0442655 0.998894 0.0158625 -11.9532 -0.0765265 0.0192218 -0.996882 -86.0625
-0.975101 0.0377553 -0.218518 250.257 0.0336011 0.999178 0.0226972 -11.9245 0.219196 0.0147896 -0.975568 -88.3236
-0.902712 0.0309869 -0.429132 249.548 0.0143986 0.99902 0.041849 -11.8892 0.430009 0.0315986 -0.902274 -89.895
-0.811149 0.0240123 -0.584345 248.689 -0.00201638 0.999036 0.0438521 -11.8398 0.584834 0.0367489 -0.810318 -91.0699
-0.709994 0.0269662 -0.703693 247.498 -0.00620037 0.998988 0.0445381 -11.7524 0.704182 0.0359849 -0.709109 -92.2648
-0.639487 0.0307018 -0.768188 246.018 -0.0073859 0.998911 0.0460714 -11.662 0.768766 0.0351359 -0.638564 -93.4949
-0.597155 0.0313143 -0.801515 244.303 -0.00742556 0.998979 0.0445613 -11.5685 0.802093 0.0325617 -0.596313 -94.7835
-0.576981 0.0315858 -0.816147 243.029 -0.00807933 0.998982 0.0443735 -11.4991 0.816718 0.0321966 -0.576139 -95.6952
-0.55958 0.0382561 -0.827894 240.244 -0.0038562 0.998803 0.04876 -11.349 0.828769 0.0304776 -0.558763 -97.6016
-0.554537 0.0323436 -0.831528 237.941 -0.00667766 0.999039 0.0433125 -11.2177 0.83213 0.0295711 -0.553789 -99.1563
-0.548601 0.0399451 -0.83513 235.484 -0.0055274 0.998663 0.051398 -11.0906 0.836067 0.0328131 -0.547647 -100.79
-0.548345 0.040244 -0.835284 232.961 0.000246596 0.998849 0.0479627 -10.9575 0.836253 0.0260941 -0.547724 -102.451
-0.552212 0.0401286 -0.832737 230.448 0.00306694 0.998932 0.0461036 -10.8417 0.833697 0.022905 -0.551745 -104.14
-0.556741 0.044471 -0.829494 227.926 0.00605095 0.998757 0.0494842 -10.7317 0.830663 0.0225307 -0.556318 -105.835
-0.561065 0.0459085 -0.826497 225.439 0.00753809 0.998703 0.0503566 -10.6144 0.827737 0.0220231 -0.560684 -107.538
-0.564845 0.0413654 -0.824159 222.958 0.00869715 0.998986 0.0441795 -10.507 0.825151 0.0177868 -0.564632 -109.249
-0.565897 0.0439324 -0.823304 221.308 0.00620739 0.998778 0.0490292 -10.4361 0.824452 0.0226349 -0.565478 -110.4
-0.56593 0.0421341 -0.823377 218.854 0.00390478 0.998819 0.0484281 -10.3328 0.824445 0.0241917 -0.565426 -112.111
-0.564436 0.041504 -0.824431 216.398 0.00265928 0.998821 0.0484626 -10.2242 0.825471 0.0251618 -0.563882 -113.812
-0.562759 0.0431543 -0.825493 214.775 0.00434349 0.998777 0.049252 -10.1557 0.826609 0.0241315 -0.562258 -114.938
-0.562107 0.0414537 -0.826026 213.157 0.00537862 0.998905 0.0464695 -10.0859 0.827048 0.0216779 -0.561715 -116.049
-0.563271 0.0467181 -0.824951 211.54 0.00423877 0.998551 0.0536551 -10.0134 0.826262 0.0267256 -0.562652 -117.162
-0.565818 0.0483257 -0.823113 209.942 0.00274789 0.998386 0.0567272 -9.93379 0.824526 0.0298354 -0.565037 -118.263
-0.570437 0.0451475 -0.8201 208.357 0.00154194 0.998545 0.0538986 -9.85105 0.82134 0.0294812 -0.569677 -119.385
-0.576002 0.043271 -0.816303 205.946 0.00265472 0.998692 0.051066 -9.71933 0.817445 0.027247 -0.575363 -121.101
-0.57956 0.0423753 -0.813827 203.48 0.0086427 0.998911 0.0458576 -9.5951 0.814884 0.0195435 -0.579294 -122.859
-0.578975 0.0349699 -0.814595 200.94 -0.00155526 0.999031 0.0439929 -9.48065 0.815344 0.0267377 -0.578359 -124.691
-0.576736 0.0390904 -0.815997 198.351 -0.00468061 0.99868 0.0511501 -9.36249 0.816919 0.0333193 -0.575791 -126.551
-0.575667 0.0447129 -0.81646 195.737 0.00286812 0.998608 0.0526659 -9.22816 0.817679 0.0279763 -0.574994 -128.4
-0.578595 0.0438783 -0.814434 193.156 0.00404316 0.998694 0.0509332 -9.10879 0.815605 0.0261768 -0.578017 -130.242
-0.582975 0.0415589 -0.811426 190.614 0.00291132 0.998791 0.0490635 -8.99761 0.812484 0.0262405 -0.582391 -132.081
-0.586005 0.0350366 -0.809549 188.11 0.000201481 0.999071 0.0430931 -8.8957 0.810307 0.0250897 -0.585468 -133.929
-0.587254 0.0353199 -0.808633 186.467 -0.00228513 0.998971 0.0452932 -8.83202 0.809401 0.0284464 -0.586569 -135.145
-0.587576 0.0358257 -0.808374 184.838 -0.00629186 0.998787 0.0488377 -8.76967 0.809143 0.0337821 -0.586638 -136.352
-0.58627 0.0392995 -0.80916 183.249 -0.00460452 0.998645 0.0518386 -8.70169 0.810101 0.0341172 -0.585294 -137.51
-0.583403 0.0419272 -0.811098 181.708 -0.00510237 0.998458 0.0552822 -8.63439 0.812165 0.0363904 -0.58229 -138.632
-0.574021 0.0419292 -0.817766 179.522 -0.00497205 0.998491 0.0546855 -8.5394 0.818825 0.0354566 -0.572946 -140.177
-0.543835 0.0428273 -0.8381 176.843 -0.00317569 0.998585 0.0530888 -8.4314 0.839187 0.0315331 -0.542929 -141.977
-0.493905 0.0383529 -0.868666 175.019 -0.00717058 0.998813 0.0481761 -8.36981 0.869482 0.0300234 -0.493044 -143.057
-0.35905 0.0352791 -0.932652 172.733 -0.0119711 0.999029 0.0423986 -8.30595 0.933242 0.0263881 -0.358279 -144.035
-0.192654 0.0427609 -0.980334 170.981 -0.0158995 0.998783 0.0466901 -8.25882 0.981138 0.0245819 -0.19174 -144.411
0.0194214 0.0486438 -0.998627 169.234 -0.0220358 0.998594 0.0482136 -8.21153 0.999569 0.0210691 0.020466 -144.409
0.239956 0.0477595 -0.969609 167.616 -0.0271703 0.998728 0.0424698 -8.16337 0.970404 0.0161537 0.240948 -144.029
0.445117 0.0470772 -0.894234 166.135 -0.0274221 0.998865 0.0389359 -8.12062 0.895052 0.00719072 0.445903 -143.296
0.60876 0.0518509 -0.791658 164.818 -0.0302519 0.998653 0.0421456 -8.07684 0.792778 -0.00170737 0.609509 -142.24
0.726039 0.0556015 -0.685401 163.616 -0.0383341 0.998448 0.0403896 -8.02947 0.686584 -0.00305018 0.727044 -140.971
0.822802 0.0680692 -0.564237 162.16 -0.0541427 0.997674 0.0414048 -7.97004 0.565743 -0.00351869 0.824574 -138.998
0.87989 0.075177 -0.469193 161.208 -0.0672812 0.997168 0.0335983 -7.91742 0.47039 0.00200507 0.882456 -137.298
0.932568 0.0684443 -0.354446 160.157 -0.0650019 0.997651 0.0216246 -7.86608 0.355093 0.0028732 0.934826 -134.698
0.95157 0.0612829 -0.301262 159.72 -0.0595149 0.998114 0.0150527 -7.84705 0.301616 0.0036059 0.953423 -133.272
0.971939 0.0411138 -0.231612 159.173 -0.0392558 0.999149 0.0126271 -7.82729 0.231934 -0.00318068 0.972726 -130.971
0.980625 0.035213 -0.192703 158.855 -0.0326942 0.999334 0.0162361 -7.81873 0.193146 -0.00962122 0.981123 -129.322
0.989193 0.037747 -0.141676 158.449 -0.0371617 0.999286 0.00677592 -7.80424 0.141831 -0.00143779 0.98989 -126.729
0.993532 0.0373286 -0.107245 158.237 -0.0366311 0.999293 0.00846711 -7.7979 0.107485 -0.00448383 0.994197 -124.892
0.996283 0.0281359 -0.0814141 158.074 -0.0279959 0.999604 0.00286135 -7.80162 0.0814623 -0.000571457 0.996676 -122.993
0.997755 0.0215109 -0.0634215 157.956 -0.022148 0.999711 -0.0093584 -7.81242 0.0632018 0.0107421 0.997943 -121.04
0.998424 0.0217343 -0.0517353 157.849 -0.0222239 0.999713 -0.0089083 -7.84392 0.0515269 0.010044 0.998621 -119.011
0.998963 0.0210739 -0.0403649 157.707 -0.0213309 0.999755 -0.00594489 -7.88295 0.0402298 0.00679974 0.999167 -115.848
0.999177 0.0208717 -0.0347751 157.626 -0.0211114 0.999756 -0.00654015 -7.90866 0.0346301 0.00726892 0.999374 -113.707
0.999337 0.0261277 -0.0253694 157.517 -0.0263391 0.999621 -0.0080351 -7.96782 0.0251498 0.00869797 0.999646 -110.453
0.999383 0.0289028 -0.0199366 157.453 -0.0290558 0.99955 -0.0074234 -8.00766 0.019713 0.0079981 0.999774 -108.261
0.999295 0.0360347 -0.010494 157.391 -0.0361002 0.999329 -0.0061256 -8.06001 0.0102662 0.00650012 0.999926 -104.917
0.999214 0.039544 -0.0029115 157.34 -0.0395524 0.999213 -0.00287897 -8.10295 0.00279537 0.00299187 0.999992 -101.551
0.999048 0.0432836 0.00545368 157.338 -0.0432556 0.999051 -0.00515519 -8.15362 -0.00567164 0.00491438 0.999972 -98.1637
0.998914 0.0453208 0.0108247 157.343 -0.0452744 0.998964 -0.00449632 -8.19315 -0.0110173 0.00400135 0.999931 -95.9074
0.998892 0.0444924 0.0153097 157.374 -0.0444509 0.999007 -0.0030392 -8.23276 -0.0154297 0.0023553 0.999878 -93.6602
0.998707 0.0472038 0.0188723 157.396 -0.0472057 0.998885 -0.000343695 -8.26896 -0.0188675 -0.000547629 0.999822 -91.4252
0.998644 0.0471449 0.0220745 157.427 -0.047199 0.998884 0.00193753 -8.29974 -0.0219585 -0.0029768 0.999754 -89.1935
0.99871 0.0435948 0.0260525 157.505 -0.0437645 0.999024 0.00597762 -8.32776 -0.0257665 -0.00711008 0.999643 -85.8818
0.998595 0.0443697 0.0289556 157.546 -0.044463 0.999008 0.00258695 -8.34646 -0.0288121 -0.00387077 0.999577 -83.6915
0.998607 0.043372 0.0300371 157.592 -0.0434377 0.999055 0.00153993 -8.37226 -0.0299419 -0.00284253 0.999548 -81.5111
0.998728 0.0403926 0.0301667 157.647 -0.0405654 0.999164 0.00513755 -8.39789 -0.0299339 -0.00635474 0.999532 -79.3405
0.998638 0.0429011 0.029682 157.741 -0.0430692 0.999059 0.00504628 -8.41409 -0.0294376 -0.00631779 0.999547 -76.1269
0.99857 0.0438999 0.0305101 157.808 -0.0440563 0.999019 0.00447126 -8.44448 -0.0302839 -0.00580903 0.999524 -72.9662
0.998631 0.0420313 0.0311355 157.873 -0.0421996 0.999098 0.00476843 -8.46921 -0.030907 -0.00607581 0.999504 -70.8808
0.998579 0.0420569 0.0327445 157.935 -0.042209 0.999101 0.0039681 -8.49246 -0.0325481 -0.00534457 0.999456 -68.8071
0.998415 0.0426603 0.0367071 157.99 -0.0426699 0.999089 -0.000519661 -8.52075 -0.0366958 -0.00104745 0.999326 -66.7554
0.998289 0.0407758 0.0419175 158.061 -0.0405972 0.999163 -0.00510141 -8.55371 -0.0420904 0.00339094 0.999108 -64.7494
0.998178 0.0383184 0.0466007 158.165 -0.0382307 0.999265 -0.00277246 -8.59235 -0.0466727 0.000985829 0.99891 -62.7979
0.997762 0.0359839 0.0563564 158.307 -0.0360278 0.999351 -0.000237901 -8.64541 -0.0563284 -0.00179303 0.998411 -59.9305
0.997204 0.0330413 0.0670199 158.469 -0.0330285 0.999454 -0.00130047 -8.68727 -0.0670263 -0.000916734 0.997751 -57.245
0.997669 0.0241601 0.0638134 158.642 -0.0238878 0.999702 -0.00502754 -8.73157 -0.0639158 0.00349147 0.997949 -54.7194
0.998817 0.0162094 0.0458539 158.757 -0.0162969 0.999866 0.0015347 -8.78059 -0.0458229 -0.00228017 0.998947 -52.3753
1 0 0 158.763 0 1 0 -8.83262 0 0 1 -49.5125
0.993147 0.00360754 -0.11682 158.56 -0.00206259 0.999909 0.0133433 -8.86854 0.116857 -0.0130109 0.993063 -47.0777
0.855806 0.00838838 -0.517228 157.198 0.00501334 0.999687 0.024508 -8.85638 0.517272 -0.0235671 0.855497 -43.8351
0.613048 0.0299867 -0.789476 155.401 0.00236084 0.999205 0.0397861 -8.80151 0.790042 -0.0262546 0.61249 -42.2688
0.443426 0.0517305 -0.894817 154.046 -0.00594779 0.998481 0.054776 -8.74957 0.896291 -0.0189669 0.44306 -41.6907
0.29711 0.0485727 -0.953607 152.565 -0.00629545 0.998783 0.0489123 -8.68514 0.954823 -0.008529 0.297055 -41.2683
0.177697 0.0532813 -0.982641 150.399 -0.0205872 0.998516 0.0504191 -8.58486 0.983869 0.0112706 0.17853 -40.909
0.125227 0.0544007 -0.990635 148.63 -0.0156009 0.99848 0.0528594 -8.50284 0.992005 0.00883539 0.125886 -40.6897
0.0896549 0.0486266 -0.994785 146.094 -0.0109324 0.998795 0.0478373 -8.38897 0.995913 0.0065865 0.0900785 -40.4685
0.080335 0.0442198 -0.995787 144.006 -0.00763325 0.999013 0.0437473 -8.30437 0.996739 0.00408665 0.0805933 -40.2947
0.0640804 0.0413712 -0.997088 141.75 0.00386284 0.999123 0.0417039 -8.2094 0.997938 -0.00652402 0.0638644 -40.1394
0.0466704 0.0389733 -0.99815 139.324 0.00478115 0.999218 0.0392386 -8.11693 0.9989 -0.00660361 0.0464475 -40.0223
0.0350593 0.0411877 -0.998536 135.851 0.0126495 0.999052 0.0416531 -7.99412 0.999305 -0.0140913 0.0345051 -39.8982
0.0265705 0.0463138 -0.998573 133.04 0.013785 0.998814 0.0466917 -7.87935 0.999551 -0.0150059 0.0259006 -39.8199
0.0222227 0.0545296 -0.998265 130.082 -0.00428407 0.998507 0.0544475 -7.7412 0.999744 0.00306664 0.0224231 -39.7842
0.0231998 0.04464 -0.998733 128.073 -0.00225063 0.999002 0.0445997 -7.65386 0.999728 0.00121309 0.0232771 -39.7505
0.0241415 0.0469854 -0.998604 126.025 0.00350279 0.998885 0.0470833 -7.57576 0.999703 -0.00463457 0.02395 -39.6961
0.0246073 0.0468136 -0.998601 122.885 -0.00387873 0.9989 0.0467321 -7.45549 0.99969 0.00272333 0.0247618 -39.6393
0.0238685 0.0428791 -0.998794 120.768 -0.000301303 0.99908 0.0428841 -7.38064 0.999714 -0.000722611 0.0238595 -39.6043
0.019674 0.0399262 -0.999009 118.625 0.00362788 0.999193 0.040005 -7.30409 0.999799 -0.00441133 0.0195133 -39.5401
0.0171473 0.0432468 -0.998918 116.5 0.00039136 0.999064 0.0432599 -7.23465 0.999853 -0.00113275 0.0171143 -39.5179
0.017506 0.0443562 -0.998862 114.374 -0.00401074 0.999011 0.0442925 -7.16767 0.999839 0.00323079 0.0176666 -39.4989
0.0189985 0.0464417 -0.99874 111.179 0.00498985 0.998904 0.0465443 -7.06302 0.999807 -0.00586785 0.0187459 -39.4364
0.0208859 0.0524586 -0.998405 109.049 0.00520719 0.998603 0.052578 -6.986 0.999769 -0.00629705 0.0205835 -39.4014
0.0225437 0.044332 -0.998763 106.948 -0.00102189 0.999017 0.0443202 -6.90662 0.999745 2.14776e-05 0.0225668 -39.3766
0.0259216 0.0536157 -0.998224 103.767 -0.0070912 0.998545 0.0534487 -6.79487 0.999638 0.0056932 0.026264 -39.3249
0.0263496 0.0469377 -0.99855 101.644 -0.00533106 0.998889 0.046813 -6.7059 0.999639 0.00408982 0.0265706 -39.2806
0.0278254 0.0502091 -0.99835 99.4973 -0.00251215 0.998738 0.0501586 -6.62462 0.999608 0.00111239 0.0279164 -39.2288
0.0285872 0.0548225 -0.998087 97.3113 0.00288859 0.998486 0.0549272 -6.53214 0.999588 -0.00445331 0.0283856 -39.1699
0.0297214 0.0546384 -0.998063 94.0004 0.0122988 0.998409 0.0550236 -6.37738 0.999482 -0.0139103 0.0290022 -39.0564
0.0286948 0.0456468 -0.998546 90.6461 0.0186087 0.998759 0.0461914 -6.22441 0.999416 -0.0199071 0.0278097 -38.9675
0.0281823 0.0502294 -0.99834 87.2483 0.015118 0.998601 0.0506693 -6.09384 0.999488 -0.0165208 0.0273835 -38.8935
0.028862 0.0571549 -0.997948 84.943 0.0138352 0.998245 0.057572 -5.98832 0.999488 -0.0154685 0.0280206 -38.8379
0.0314235 0.0558896 -0.997942 82.6256 0.0152203 0.998293 0.0563885 -5.879 0.99939 -0.0169609 0.0305192 -38.7842
0.032199 0.0516381 -0.998147 80.2908 0.0163449 0.998504 0.0521839 -5.77467 0.999348 -0.0179948 0.0313068 -38.7081
0.0305703 0.0449843 -0.998521 76.7681 0.0159169 0.998838 0.045486 -5.62216 0.999407 -0.0172839 0.0298187 -38.6032
0.0291416 0.0459378 -0.998519 74.4152 0.0169144 0.998778 0.0464433 -5.54625 0.999432 -0.0182427 0.028329 -38.5475
0.026614 0.0542484 -0.998172 72.0483 0.0167499 0.998362 0.0547052 -5.45917 0.999505 -0.0181752 0.0256617 -38.4981
0.0246737 0.043502 -0.998749 69.7234 0.0123492 0.998963 0.0438164 -5.36799 0.99962 -0.0134149 0.0241109 -38.4639
0.0223699 0.0347206 -0.999146 67.4098 0.00894772 0.99935 0.0349279 -5.3062 0.999709 -0.00972139 0.0220446 -38.4355
0.020146 0.0467637 -0.998703 65.0859 0.0108719 0.998836 0.0469893 -5.24137 0.999738 -0.0118044 0.0196141 -38.389
0.019937 0.0549987 -0.998288 62.7738 0.0105071 0.998419 0.0552158 -5.14687 0.999747 -0.01159 0.0193276 -38.3588
0.0218797 0.0542353 -0.998288 59.3105 0.0105154 0.99846 0.0544751 -4.98437 0.999705 -0.0116892 0.0212757 -38.2813
0.0231288 0.0391714 -0.998965 57.0206 0.00918022 0.999182 0.0393924 -4.89863 0.99969 -0.0100818 0.0227503 -38.2464
0.0244916 0.0421096 -0.998812 54.7244 0.00505742 0.999094 0.0422455 -4.83813 0.999687 -0.00608606 0.0242565 -38.2135
0.0268884 0.0607741 -0.997789 52.4353 -0.00444325 0.998148 0.0606762 -4.75717 0.999628 0.00280198 0.0271086 -38.19
0.0284961 0.0665126 -0.997379 50.1589 -0.00464799 0.997782 0.0664067 -4.64182 0.999583 0.00274348 0.028742 -38.1292
0.0289525 0.0405178 -0.99876 47.9357 0.0103592 0.999112 0.0408324 -4.55059 0.999528 -0.0115286 0.0285071 -38.0342
0.0286999 0.0405979 -0.998763 45.6887 0.0124828 0.999082 0.0409696 -4.47806 0.99951 -0.0136432 0.0281668 -37.9615
0.0284975 0.0619403 -0.997672 43.4342 0.011002 0.997998 0.0622747 -4.38994 0.999532 -0.012751 0.027759 -37.9022
0.0288942 0.0688924 -0.997205 42.3271 0.00880651 0.997566 0.0691724 -4.33195 0.999543 -0.0107806 0.0282171 -37.8845
0.0277546 0.0709216 -0.997095 40.1231 0.00385122 0.997465 0.0710551 -4.2134 0.999607 -0.00581212 0.0274111 -37.8366
0.0277155 0.0556842 -0.998064 37.9526 0.000173786 0.998447 0.0557104 -4.10799 0.999616 -0.00171752 0.0276628 -37.7903
0.0310486 0.0432323 -0.998582 35.7983 0.00026588 0.999064 0.0432614 -4.01838 0.999518 -0.0016087 0.0310081 -37.7343
0.0353568 0.0574094 -0.997724 32.5851 0.0010104 0.998346 0.0574809 -3.90328 0.999374 -0.00304043 0.0352403 -37.6214
0.0353403 0.0708943 -0.996858 30.4676 -0.00741031 0.997472 0.0706753 -3.80451 0.999349 0.00488928 0.0357763 -37.5739
0.0327072 0.0607918 -0.997616 28.4149 -0.0161717 0.99805 0.0602882 -3.7048 0.999335 0.0141612 0.0336265 -37.5217
0.0287 0.045657 -0.998545 26.4363 -0.0102802 0.998917 0.0453785 -3.62652 0.999536 0.00896285 0.0291383 -37.461
0.0255543 0.0506321 -0.99839 24.5137 -0.00205046 0.998717 0.0505962 -3.56577 0.999671 0.000754211 0.0256253 -37.4071
0.0228558 0.0535016 -0.998307 22.6603 0.00343619 0.998557 0.0535937 -3.50896 0.999733 -0.00465532 0.022639 -37.3632
0.0202493 0.0424578 -0.998894 20.8911 0.00468262 0.999083 0.0425608 -3.44232 0.999785 -0.00553929 0.0200319 -37.3268
0.0166904 0.0431274 -0.99893 18.3426 -0.000502946 0.99907 0.043125 -3.37303 0.99986 -0.000217352 0.0166966 -37.3005
0.0135529 0.0507356 -0.998619 16.7227 -0.0128981 0.998638 0.0505614 -3.32689 0.999824 0.0121951 0.0141888 -37.3049
0.00642961 0.0595563 -0.998205 14.4536 -0.0140608 0.998132 0.0594614 -3.24177 0.999881 0.0136532 0.007255 -37.2969
0.00112733 0.0518862 -0.998652 13.0616 -0.0121161 0.99858 0.0518688 -3.19088 0.999926 0.0120414 0.00175439 -37.294
-0.00261609 0.0638938 -0.997955 11.1775 -0.0226911 0.997696 0.0639368 -3.11893 0.99974 0.0228119 -0.00116025 -37.322
0.0153042 0.0626014 -0.997922 8.92796 -0.0331564 0.997521 0.0620678 -3.02954 0.999333 0.0321376 0.0173419 -37.3224
0.112581 0.0596085 -0.991853 6.49991 -0.0341699 0.997841 0.0560898 -2.91782 0.993055 0.0275768 0.114375 -37.1085
0.383006 0.0438634 -0.922703 3.65134 -0.0169443 0.999038 0.0404587 -2.82781 0.92359 0.000138649 0.383381 -36.1337
0.638596 0.0435701 -0.768308 1.63542 -0.015914 0.99893 0.0434212 -2.75881 0.769377 -0.0155018 0.638606 -34.6035
0.761174 0.0458105 -0.646927 0.752944 -0.0279103 0.998892 0.0378946 -2.72673 0.647946 -0.0107884 0.761609 -33.5414
0.859627 0.0381352 -0.509497 0.011405 -0.0338603 0.99927 0.0176646 -2.69669 0.509799 0.00206676 0.860291 -32.277
0.929289 0.041889 -0.366969 -0.548885 -0.0399328 0.999119 0.0129246 -2.69181 0.367187 0.00264338 0.930143 -30.8323
0.971923 0.0384375 -0.232137 -0.917166 -0.0367645 0.999257 0.0115307 -2.68502 0.232408 -0.0026725 0.972615 -29.2124
0.991327 0.0361982 -0.126334 -1.13804 -0.037058 0.999303 -0.00446172 -2.69095 0.126084 0.00910469 0.991978 -27.473
0.998317 0.0203061 -0.0543172 -1.22256 -0.0207842 0.99975 -0.00825068 -2.71251 0.0541361 0.00936574 0.99849 -25.566
0.999588 0.0197663 -0.0208269 -1.24857 -0.0199651 0.999757 -0.00938093 -2.72448 0.0206364 0.00979287 0.999739 -24.2082
1 0 0 -1.22867 0 1 0 -2.73114 0 0 1 -22.7634
1 0 0 -1.21064 0 1 0 -2.74505 0 0 1 -21.2435
0.999295 0.00598887 0.0370521 -1.1142 -0.00517649 0.999745 -0.0219825 -2.7739 -0.0371743 0.0217752 0.999072 -18.8192
0.999053 -0.00197665 0.0434604 -1.0295 0.00321759 0.999589 -0.0285019 -2.81827 -0.0433862 0.0286147 0.998649 -17.0936
0.99895 0.00155719 0.0457915 -0.95547 -0.000706115 0.999827 -0.0185962 -2.85793 -0.0458125 0.0185444 0.998778 -15.2845
0.998968 0.00524639 0.0451079 -0.882698 -0.00513492 0.999983 -0.00258651 -2.88585 -0.0451207 0.00235221 0.998979 -13.391
0.998959 0.00327281 0.0454995 -0.803377 -0.00266951 0.999908 -0.0133139 -2.91071 -0.0455388 0.0131786 0.998876 -11.4697
0.998968 -0.000536046 0.0454199 -0.704298 0.00144334 0.9998 -0.0199454 -2.95435 -0.0454001 0.0199903 0.998769 -9.50801
0.999045 -0.00100485 0.0436839 -0.623386 0.00163445 0.999895 -0.0143793 -3.00391 -0.0436649 0.014437 0.998942 -7.52105
0.999285 -0.00476696 0.0374947 -0.541958 0.00485132 0.999986 -0.00215942 -3.04352 -0.0374839 0.00233978 0.999294 -5.52144
0.999419 -0.00250723 0.0339792 -0.512488 0.00245605 0.999996 0.00154796 -3.05859 -0.0339829 -0.00146361 0.999421 -4.5204
0.999623 -0.00161926 0.0274143 -0.463761 0.00190836 0.999943 -0.0105227 -3.08937 -0.0273957 0.010571 0.999569 -2.53158
1 0 0 -0.425606 0 1 0 -3.13515 0 0 1 -0.529748
1 0 0 -0.41045 0 1 0 -3.15213 0 0 1 0.469354
1 0 0 -0.39769 0 1 0 -3.16851 0 0 1 1.46367
1 0 0 -0.380797 0 1 0 -3.18829 0 0 1 2.44937
1 0 0 -0.369319 0 1 0 -3.19625 0 0 1 3.43628
1 0 0 -0.341278 0 1 0 -3.24463 0 0 1 5.4037
1 0 0 -0.306771 0 1 0 -3.2944 0 0 1 7.3536
1 0 0 -0.282681 0 1 0 -3.32013 0 0 1 8.34417
1 0 0 -0.266284 0 1 0 -3.34358 0 0 1 9.3143
0.999653 -0.015768 0.0210808 -0.223567 0.0159768 0.999825 -0.00977231 -3.37934 -0.020923 0.0101057 0.99973 11.2359
0.999577 -0.017577 0.0231771 -0.182175 0.0178944 0.999748 -0.0135577 -3.42547 -0.022933 0.0139667 0.999639 13.1474
0.999484 -0.0249132 0.0202957 -0.127133 0.0250401 0.999668 -0.00602061 -3.46753 -0.0201389 0.00652571 0.999776 15.052
0.999575 -0.022234 0.0188504 -0.101254 0.0223291 0.999739 -0.00485202 -3.503 -0.0187376 0.00527087 0.999811 16.9298
1 0 0 -0.077434 0 1 0 -3.53029 0 0 1 18.7912
1 0 0 -0.055034 0 1 0 -3.56213 0 0 1 20.6151
1 0 0 -0.028331 0 1 0 -3.58671 0 0 1 22.3805
1 0 0 -0.017544 0 1 0 -3.62119 0 0 1 24.0479
1 0 0 0.011086 0 1 0 -3.65257 0 0 1 25.6411
1 0 0 0.047288 0 1 0 -3.69017 0 0 1 27.8258
0.999172 -0.0146177 0.037974 0.131107 0.0143241 0.999865 0.00799162 -3.73164 -0.0380857 -0.00744106 0.999247 30.3198
0.989548 -0.00898826 0.143923 0.504464 0.00926385 0.999956 -0.00124487 -3.77911 -0.143906 0.00256514 0.989588 34.2163
0.880782 0.022594 0.472982 1.89103 -0.0120235 0.999606 -0.0253603 -3.86071 -0.473369 0.01665 0.880707 37.9846
0.663438 0.0172445 0.748033 4.15272 -0.00362815 0.999797 -0.0198306 -3.98763 -0.748222 0.0104424 0.663365 40.4259
0.449837 0.0342115 0.892455 6.32002 0.0142036 0.998866 -0.0454499 -4.07872 -0.892998 0.0331211 0.448841 41.5924
0.21428 0.0270395 0.976399 9.24176 0.0377366 0.998641 -0.0359372 -4.24139 -0.976044 0.0445465 0.212969 42.3634
0.0847197 0.0431781 0.995469 11.2773 0.0423628 0.998001 -0.0468932 -4.35565 -0.995504 0.0461437 0.0827212 42.5501
0.00972795 0.0500832 0.998698 12.8579 0.049524 0.997495 -0.0505053 -4.43354 -0.998726 0.0499508 0.00722326 42.5461
-0.0269819 0.0344216 0.999043 14.4544 0.0582088 0.997765 -0.0328055 -4.51226 -0.99794 0.0572679 -0.0289252 42.494
-0.0319172 0.0318674 0.998982 16.5959 0.071918 0.996974 -0.0295055 -4.61034 -0.9969 0.070903 -0.0341124 42.3977
0.0761083 0.0303121 0.996639 19.7532 0.0765162 0.996413 -0.0361484 -4.76467 -0.994159 0.0790102 0.0735159 42.507
0.274071 0.0343036 0.961098 22.1885 0.0467022 0.99771 -0.0489282 -4.9179 -0.960575 0.0582952 0.271841 43.1076
0.589077 0.0479198 0.806654 24.5989 -0.0303841 0.998848 -0.0371486 -5.07868 -0.807505 -0.00262608 0.589855 44.6347
0.774395 0.0442117 0.631156 25.8256 -0.0512929 0.998659 -0.00702118 -5.12638 -0.63062 -0.0269366 0.775624 46.1374
0.913205 0.0352029 0.405976 26.6646 -0.0339068 0.999371 -0.0103869 -5.13176 -0.406087 -0.00427995 0.913825 47.8764
