-0.0139261 0.114078 -0.993373 116.947 0.0397904 0.992747 0.113448 -6.77399 0.99911 -0.0379467 -0.0183642 212.896
-0.00393612 0.102005 -0.994776 114.947 0.0407536 0.993974 0.101761 -6.61554 0.999162 -0.0401402 -0.00806946 212.886
0.0067249 0.101139 -0.99485 113.15 0.0455082 0.99381 0.101341 -6.45645 0.998941 -0.0459554 0.00208063 212.931
-0.033836 0.107072 -0.993676 112.321 0.050965 0.993136 0.105279 -6.3742 0.998128 -0.0470806 -0.0390606 212.98
0.00282558 0.102114 -0.994768 110.314 0.0461441 0.9937 0.102135 -6.17972 0.99893 -0.0461912 -0.00190415 212.858
-0.0148733 0.0948796 -0.995378 108.415 0.0470438 0.994452 0.0940884 -5.99135 0.998782 -0.045427 -0.0192542 212.909
-0.0217772 0.0988661 -0.994862 106.564 0.0529348 0.993817 0.0976034 -5.85678 0.99836 -0.0505372 -0.026876 212.878
-0.0161765 0.102816 -0.99457 104.699 0.0552319 0.993272 0.101784 -5.68888 0.998344 -0.0532855 -0.0217464 212.801
-0.0276172 0.121781 -0.992173 102.817 0.0586473 0.991039 0.120009 -5.55329 0.997897 -0.0548739 -0.0345118 212.782
-0.00697955 0.107798 -0.994148 100.95 0.0506942 0.992932 0.107311 -5.30218 0.99869 -0.0496486 -0.012395 212.655
-0.0501493 0.0981658 -0.993905 99.2086 0.0576008 0.993786 0.0952475 -5.13742 0.997078 -0.052473 -0.0554921 212.707
-0.0214666 0.112237 -0.993449 97.4375 0.0619175 0.99192 0.110726 -5.05095 0.99785 -0.059135 -0.0282425 212.513
-0.0333817 0.11225 -0.993119 95.83 0.0581652 0.992207 0.110192 -4.88469 0.997748 -0.0540865 -0.0396506 212.503
-0.0412067 0.107503 -0.99335 94.2082 0.0577188 0.992791 0.105049 -4.7102 0.997481 -0.0530062 -0.0471146 212.445
-0.0600451 0.105901 -0.992563 92.6578 0.058174 0.993037 0.102433 -4.58208 0.9965 -0.0515907 -0.0657878 212.353
-0.041926 0.0952414 -0.994571 90.5604 0.0564684 0.994081 0.092814 -4.39145 0.997524 -0.0522705 -0.047056 212.157
0.0629348 0.0590701 -0.996268 87.4264 0.0399758 0.997297 0.0616563 -4.20084 0.997217 -0.043707 0.0604033 212.239
0.235829 0.0313272 -0.971291 83.9732 0.0203585 0.999102 0.0371673 -4.04008 0.971582 -0.0285392 0.234979 212.88
0.554021 0.084347 -0.828219 80.8767 -0.0165809 0.995775 0.0903196 -4.01178 0.832338 -0.0363064 0.553078 214.271
0.732123 0.0433306 -0.679793 79.3247 -0.0289727 0.999052 0.0324774 -3.72259 0.680556 -0.00408201 0.732685 215.917
0.861575 0.0277329 -0.506872 78.1193 -0.0298689 0.999546 0.00391826 -3.72321 0.506751 0.0117639 0.862012 217.885
0.949374 0.012682 -0.313891 77.2745 -0.0134106 0.99991 -0.000161935 -3.72639 0.313861 0.0043632 0.949459 220.23
0.985779 0.0157596 -0.167305 76.8836 -0.0184388 0.999725 -0.0144722 -3.75918 0.167031 0.0173513 0.985799 222.209
0.997586 0.000310452 -0.0694428 76.7426 -0.00295585 0.999274 -0.0379951 -3.81328 0.0693805 0.0381087 0.996862 224.311
0.999458 0.00183683 -0.032881 76.7115 -0.00254468 0.999766 -0.0214988 -3.8694 0.0328338 0.0215708 0.999228 225.797
0.999963 -0.00697891 -0.00509145 76.7219 0.00697415 0.999975 -0.000951517 -3.93177 0.00509797 0.000915973 0.999987 228.07
0.999836 -0.0175472 0.00456788 76.7531 0.0175964 0.999785 -0.0109786 -3.97784 -0.00437426 0.0110571 0.999929 231.14
0.999843 -0.0172121 0.00417692 76.7727 0.0172577 0.999789 -0.0111459 -4.02734 -0.00398419 0.0112162 0.999929 233.551
0.999265 -0.0383272 0.000724501 76.8077 0.0383323 0.998868 -0.0281669 -4.09448 0.000355876 0.028174 0.999603 236.032
0.998752 -0.0491994 -0.00858769 76.8168 0.0491332 0.998762 -0.00775904 -4.19206 0.0089588 0.00732742 0.999933 239.456
0.999556 -0.0266099 -0.0134098 76.74 0.02655 0.999637 -0.00462894 -4.23785 0.0135281 0.00427085 0.999899 243.021
0.999671 -0.0215186 -0.0139474 76.6964 0.0212374 0.999574 -0.0200092 -4.28978 0.014372 0.0197064 0.999703 245.772
0.999891 -0.0104502 -0.0104389 76.6446 0.0104033 0.999936 -0.00453747 -4.3483 0.0104857 0.00442838 0.999935 248.648
0.999891 -0.0101128 -0.0108013 76.6077 0.0100627 0.999938 -0.0046889 -4.37916 0.010848 0.0045797 0.999931 251.6
0.999846 -0.0129439 -0.0118088 76.5735 0.0127238 0.999747 -0.0185326 -4.39804 0.0120457 0.0183795 0.999759 253.618
0.999827 -0.0109807 -0.0149865 76.5418 0.0110077 0.999938 0.00172155 -4.44709 0.0149667 -0.00188622 0.999886 255.686
0.999826 -0.0106411 -0.0153378 76.4984 0.0106666 0.999942 0.00157543 -4.46709 0.0153201 -0.00173876 0.999881 257.767
0.999824 -0.0103016 -0.0156861 76.465 0.0103253 0.999946 0.00143072 -4.48552 0.0156705 -0.00159243 0.999876 259.875
0.999822 -0.00996207 -0.0160297 76.3897 0.00998399 0.999949 0.0012881 -4.50101 0.0160161 -0.00144791 0.999871 263.071
0.99982 -0.00962251 -0.0163704 76.3431 0.00964257 0.999953 0.00114689 -4.52079 0.0163586 -0.00130453 0.999865 265.206
0.999759 -0.0129936 -0.017717 76.2861 0.0128274 0.999873 -0.00946699 -4.56493 0.0178377 0.00923744 0.999798 268.381
0.999757 -0.0126577 -0.0180536 76.2467 0.0124858 0.999876 -0.00960441 -4.61602 0.0181729 0.00937666 0.999791 270.492
0.999755 -0.0123219 -0.0183857 76.1741 0.0121443 0.999879 -0.00973985 -4.68431 0.0185035 0.00951418 0.999784 273.627
0.999753 -0.0119862 -0.0187134 76.1112 0.0118029 0.999882 -0.00987329 -4.74787 0.0188295 0.00964998 0.999776 276.75
0.999751 -0.0116505 -0.0190381 76.056 0.0114615 0.999884 -0.0100054 -4.79523 0.0191524 0.00978469 0.999769 278.834
0.999749 -0.0113149 -0.0193598 76.0122 0.0111202 0.999887 -0.0101361 -4.83572 0.0194723 0.00991829 0.999761 280.923
0.999746 -0.0109794 -0.0196771 75.9364 0.010779 0.999889 -0.0102649 -4.90897 0.0197877 0.0100502 0.999754 284.017
0.999744 -0.010644 -0.01999 75.853 0.0104378 0.999892 -0.0103917 -4.97898 0.0200985 0.0101804 0.999746 287.097
0.999741 -0.0103086 -0.0202985 75.794 0.0100966 0.999894 -0.0105166 -5.03952 0.0204047 0.010309 0.999739 290.153
0.999541 -0.0133948 -0.0271671 75.7217 0.0129299 0.999768 -0.0172186 -5.12395 0.0273915 0.0168594 0.999483 293.172
0.999341 -0.00850939 -0.0352946 75.6007 0.00855244 0.999963 0.00106884 -5.19428 0.0352842 -0.00136999 0.999376 296.248
0.998909 -0.0155089 -0.0440499 75.4724 0.0149966 0.999816 -0.0119369 -5.24835 0.0442269 0.0112633 0.998958 299.256
0.998172 -0.0222544 -0.0561935 75.3206 0.0214007 0.999647 -0.0157481 -5.32595 0.0565241 0.0145167 0.998296 302.225
0.997545 -0.0222648 -0.0663921 75.1841 0.0206344 0.999471 -0.0251416 -5.38926 0.0669168 0.0237099 0.997477 304.195
0.996952 -0.0167023 -0.0762053 75.0222 0.0154879 0.999744 -0.0164987 -5.45807 0.0764614 0.0152681 0.996956 306.182
0.995824 -0.0087536 -0.0908775 74.7748 0.00758613 0.999884 -0.0131841 -5.52925 0.0909824 0.0124396 0.995775 309.107
0.995192 0.0229153 -0.0952286 74.4244 -0.0240297 0.999655 -0.0105723 -5.60744 0.0949535 0.0128098 0.995399 312.027
0.995468 0.0300074 -0.0902358 74.1318 -0.0319813 0.999278 -0.0205098 -5.67829 0.0895552 0.0233027 0.995709 314.957
0.996656 0.0323112 -0.0750545 73.8766 -0.0331394 0.999403 -0.00981452 -5.75293 0.0746926 0.012269 0.997131 317.938
0.997122 0.0430568 -0.0623991 73.7223 -0.0433179 0.999057 -0.00283694 -5.79198 0.0622181 0.00553177 0.998047 319.926
0.997617 0.051847 -0.0455312 73.5375 -0.0528584 0.998375 -0.0212968 -5.85666 0.0443531 0.0236528 0.998736 322.889
0.998478 0.0415108 -0.0363144 73.4588 -0.0420554 0.999012 -0.0143646 -5.91406 0.0356822 0.01587 0.999237 324.904
0.999039 0.0346778 -0.0268046 73.3719 -0.0351779 0.999211 -0.0184191 -5.99031 0.0261447 0.0193443 0.999471 327.924
0.99902 0.0350113 -0.0270605 73.3186 -0.0355191 0.999197 -0.0185181 -6.05117 0.0263904 0.0194612 0.999462 329.936
0.999103 0.035965 -0.0223598 73.2346 -0.0361725 0.999306 -0.00894405 -6.14263 0.0220226 0.00974484 0.99971 332.983
0.998948 0.0405038 -0.0214935 73.1487 -0.0409518 0.998944 -0.0208299 -6.21486 0.0206271 0.0216882 0.999552 335.99
0.999263 0.0324478 -0.0204895 73.0816 -0.0327164 0.999381 -0.0129143 -6.30956 0.0200578 0.0135751 0.999707 338.987
0.999248 0.0327828 -0.0207262 73.0266 -0.0330566 0.999369 -0.0130083 -6.38445 0.0202867 0.0136837 0.999701 341.944
0.999232 0.0331176 -0.020959 72.9674 -0.0333965 0.999356 -0.0131007 -6.46887 0.0205117 0.0137906 0.999694 344.808
0.999554 0.0252586 -0.0159049 72.9147 -0.0255116 0.999548 -0.0159096 -6.54624 0.0154959 0.0163082 0.999747 347.551
0.99909 0.042535 0.00310407 72.8604 -0.0424695 0.998922 -0.0187654 -6.65299 -0.00389891 0.0186165 0.999819 351.042
0.999074 0.0383107 0.0196006 72.8881 -0.0380759 0.9992 -0.0122154 -6.73134 -0.0200529 0.0114578 0.999733 353.508
0.999124 0.0305065 0.0286556 72.9321 -0.0304409 0.999533 -0.0027245 -6.7802 -0.0287254 0.00184981 0.999586 355.06
0.99902 0.0314269 0.0311548 72.9697 -0.0310611 0.999444 -0.0121562 -6.81845 -0.0315195 0.0111766 0.999441 356.509
0.999252 0.0229057 0.0311688 73.0302 -0.0223263 0.999574 -0.0188117 -6.8606 -0.0315864 0.0181017 0.999337 357.876
0.999262 0.0244465 0.0296177 73.0615 -0.0235793 0.999293 -0.0292834 -6.91121 -0.0303126 0.0285635 0.999132 359.229
0.999689 0.0148038 0.0200647 73.1077 -0.0144312 0.999723 -0.0185879 -6.98204 -0.0203344 0.0182926 0.999626 361.273
0.99976 0.0106249 -0.0191384 73.0771 -0.0109913 0.999756 -0.0191444 -7.06596 0.0189303 0.0193501 0.999634 363.906
0.996742 0.020535 -0.0779958 72.8556 -0.0218717 0.999628 -0.0163225 -7.14108 0.0776315 0.0179752 0.99682 366.565
0.992088 0.0396779 -0.119113 72.5008 -0.042704 0.998824 -0.0229607 -7.20983 0.118062 0.0278656 0.992615 369.364
0.991657 0.0546243 -0.116762 72.0931 -0.0565751 0.998308 -0.0134562 -7.28576 0.115829 0.0199498 0.993069 372.395
0.995076 0.0499985 -0.0855856 71.7756 -0.0524037 0.998285 -0.0260894 -7.35134 0.0841344 0.030446 0.995989 375.651
0.997748 0.0543865 -0.0392669 71.5575 -0.0553267 0.998197 -0.0232664 -7.44679 0.0379307 0.0253865 0.998958 379.176
0.998986 0.0443145 -0.00799859 71.5153 -0.0445523 0.998478 -0.0325195 -7.58445 0.00654534 0.0328428 0.999439 382.891
0.999265 0.037827 0.00620734 71.5216 -0.0376643 0.99899 -0.02451 -7.68546 -0.00712821 0.0242582 0.99968 385.85
0.999253 0.03816 0.00603237 71.5349 -0.0380009 0.998975 -0.0245862 -7.74202 -0.0069644 0.0243386 0.99968 387.877
0.999242 0.0384928 0.00586045 71.5344 -0.0383373 0.99896 -0.0246612 -7.80505 -0.00680363 0.0244178 0.999679 389.962
0.999372 0.0351372 -0.00459974 71.5111 -0.035228 0.99915 -0.0214217 -7.90405 0.00384313 0.0215703 0.99976 393.154
0.999529 0.0253827 -0.0172629 71.4698 -0.0259329 0.999137 -0.0324318 -8.01462 0.0164248 0.0328642 0.999325 396.345
0.999338 0.0280872 -0.0231137 71.4128 -0.0286377 0.999305 -0.0238444 -8.09996 0.0224279 0.0244905 0.999448 398.481
0.999078 0.033844 -0.0264187 71.3368 -0.0342941 0.999271 -0.0167758 -8.16906 0.0258317 0.0176663 0.99951 400.615
0.999063 0.0341781 -0.0265679 71.2159 -0.0346324 0.999258 -0.0168317 -8.26567 0.025973 0.017736 0.999505 403.797
0.998864 0.0380968 -0.0286397 71.1078 -0.0388257 0.998925 -0.0253377 -8.3685 0.0276436 0.0264209 0.999269 406.93
0.998943 0.0369149 -0.02739 71.0421 -0.0373139 0.999203 -0.0142044 -8.4371 0.0268438 0.0152114 0.999524 409.025
0.998927 0.037249 -0.0275264 70.9514 -0.0376516 0.999189 -0.0142551 -8.50446 0.0269731 0.0152762 0.999519 412.139
0.99864 0.0449321 -0.0264622 70.8732 -0.045627 0.998613 -0.0262684 -8.6042 0.0252452 0.0274401 0.999305 415.166
0.99917 0.0331187 -0.0237325 70.7685 -0.033468 0.999335 -0.0144753 -8.76075 0.0232373 0.0152576 0.999614 419.203
0.998859 0.0410037 -0.0244971 70.6922 -0.0415796 0.998859 -0.0234777 -8.86136 0.0235065 0.0244695 0.999424 422.076
0.998406 0.0426437 -0.0369632 70.5871 -0.0434081 0.998855 -0.0201307 -8.96505 0.0360625 0.0217031 0.999114 424.832
0.997631 0.0397432 -0.0561464 70.4392 -0.0404111 0.999125 -0.0108092 -9.05121 0.0556677 0.0130525 0.998364 427.461
0.995566 0.0442127 -0.083029 70.1596 -0.0455475 0.998861 -0.0142503 -9.13683 0.0823044 0.0179689 0.996445 430.722
0.991904 0.0478029 -0.117648 69.8123 -0.0501557 0.998595 -0.0171183 -9.24201 0.116664 0.0228805 0.992908 433.719
0.986866 0.0674558 -0.146781 69.394 -0.0690481 0.997597 -0.00577377 -9.32744 0.146039 0.0158329 0.989152 436.405
0.989501 0.0917583 -0.111658 69.0354 -0.092766 0.99568 -0.00385278 -9.38158 0.110822 0.0141704 0.993739 438.75
0.992241 0.0997011 0.0742776 69.0718 -0.0984853 0.99494 -0.0198639 -9.47689 -0.0758822 0.0123946 0.99704 441.316
0.919676 0.0797546 0.384494 69.8622 -0.0656104 0.996602 -0.0497884 -9.60884 -0.387159 0.0205624 0.921784 443.458
0.771758 0.0616967 0.632916 70.934 -0.0344255 0.997876 -0.0552957 -9.74779 -0.634983 0.0208865 0.772244 444.795
0.573016 0.0409592 0.81852 72.346 0.0018013 0.998685 -0.0512358 -9.86293 -0.819542 0.0308333 0.572189 445.711
0.401672 0.0360865 0.915072 73.4997 0.00789365 0.99905 -0.0428631 -9.93137 -0.915749 0.0244402 0.401006 446.172
0.23566 0.0396272 0.971026 74.7468 0.029869 0.998401 -0.0479933 -10.0067 -0.971375 0.0403137 0.2341 446.367
0.0754068 0.0553006 0.995619 76.6342 0.0281841 0.997944 -0.0575644 -10.1042 -0.996755 0.0324014 0.0736932 446.516
0.0092499 0.0555578 0.99841 78.7813 0.0467456 0.99734 -0.055931 -10.2316 -0.998862 0.0471886 0.00662821 446.504
0.0161771 0.0500993 0.998615 81.1959 0.0453552 0.997679 -0.0507873 -10.3733 -0.998842 0.046114 0.0138673 446.547
0.0162578 0.0504215 0.998597 83.1771 0.0453909 0.997661 -0.0511134 -10.4753 -0.998838 0.0461583 0.0139311 446.594
0.0273827 0.0660519 0.997441 86.0094 0.0430434 0.996811 -0.0671919 -10.6509 -0.998698 0.0447731 0.0244523 446.664
0.0343542 0.0530136 0.998003 89.1228 0.0355483 0.997895 -0.0542316 -10.8475 -0.998777 0.0373404 0.0323974 446.786
0.0344185 0.0533309 0.997984 91.5931 0.0355788 0.997877 -0.0545522 -10.9931 -0.998774 0.0373847 0.032448 446.883
0.0347616 0.0748576 0.996591 95.0378 0.0327003 0.996572 -0.0759971 -11.2221 -0.998863 0.0352307 0.0321946 447.012
0.0348225 0.0751708 0.996562 96.8416 0.0327312 0.996547 -0.0763133 -11.3639 -0.998856 0.0352761 0.0322418 447.083
0.0290527 0.0617125 0.997671 98.6857 0.0304472 0.997575 -0.0625931 -11.5088 -0.999114 0.0321948 0.0271033 447.141
0.0291014 0.0620238 0.99765 100.549 0.0304803 0.997554 -0.0629069 -11.642 -0.999111 0.0322393 0.0271397 447.188
0.0291473 0.0623337 0.997629 102.437 0.0305135 0.997533 -0.0632192 -11.7788 -0.999108 0.0322838 0.0271734 447.232
0.0291904 0.0626423 0.997609 104.349 0.030547 0.997512 -0.0635301 -11.9175 -0.999107 0.0323285 0.0272042 447.301
0.0292335 0.0629489 0.997587 107.203 0.0305806 0.997492 -0.0638389 -12.1294 -0.999103 0.032373 0.0272351 447.4
0.0292626 0.0632538 0.997569 110.098 0.0306149 0.997471 -0.0641456 -12.3611 -0.999103 0.0324176 0.0272521 447.513
0.0292974 0.0635569 0.997548 112.051 0.0306493 0.99745 -0.0644508 -12.5029 -0.999101 0.0324623 0.0272747 447.575
0.027644 0.0517733 0.998275 114.982 0.0333518 0.998054 -0.0526853 -12.7104 -0.99906 0.0347507 0.0258635 447.648
0.0276695 0.0520735 0.998259 116.916 0.0333871 0.998037 -0.0529872 -12.8351 -0.999059 0.0347951 0.0258766 447.7
0.027695 0.0523722 0.998242 118.841 0.0334224 0.99802 -0.0532876 -12.9593 -0.999056 0.0348394 0.0258897 447.744
0.0277065 0.0526692 0.998229 121.733 0.0334582 0.998003 -0.0535861 -13.1447 -0.999057 0.0348837 0.0258889 447.811
0.0293456 0.0720813 0.996969 124.576 0.0229021 0.997086 -0.0727641 -13.3573 -0.999309 0.0249681 0.0276092 447.916
0.0300239 0.0576563 0.997886 127.415 0.0223418 0.998047 -0.0583379 -13.5799 -0.9993 0.0240461 0.0286771 448.008
0.0325702 0.0532899 0.99805 130.202 0.0326435 0.997988 -0.0543521 -13.7741 -0.998938 0.0343501 0.0307651 448.083
0.0353274 0.068476 0.997025 132.921 0.0273544 0.99721 -0.0694578 -13.9741 -0.998999 0.0297267 0.0333558 448.18
0.0393035 0.0703716 0.996749 135.65 0.0183164 0.997299 -0.0711329 -14.1959 -0.999062 0.0210528 0.0379083 448.304
0.0575131 0.0548701 0.996837 138.379 0.0182285 0.998264 -0.0560005 -14.403 -0.99818 0.0213916 0.056413 448.449
0.0869549 0.0526629 0.994818 141.063 0.0190078 0.998332 -0.0545103 -14.5875 -0.99603 0.0236492 0.0858089 448.669
0.107922 0.0615734 0.992251 142.81 0.0139959 0.997887 -0.0634455 -14.713 -0.994061 0.0207346 0.106832 448.871
0.127623 0.0560628 0.990236 144.554 0.00719502 0.998323 -0.0574478 -14.8354 -0.991796 0.0144564 0.127006 449.103
0.145634 0.0542839 0.987849 146.278 0.00421318 0.99845 -0.0554877 -14.9582 -0.98933 0.0122429 0.145179 449.356
0.168625 0.0628435 0.983674 148.841 0.00290558 0.997929 -0.0642523 -15.1436 -0.985675 0.0136926 0.168093 449.792
0.192562 0.0496528 0.980028 151.408 0.0028324 0.998687 -0.0511547 -15.3261 -0.981281 0.0126263 0.192168 450.307
0.221979 0.058197 0.973313 153.912 0.00482111 0.998139 -0.060781 -15.4958 -0.97504 0.0181846 0.221286 450.851
0.2455 0.0448786 0.968356 155.578 0.0110084 0.998734 -0.0490773 -15.6136 -0.969333 0.0227085 0.244695 451.262
0.278521 0.0597458 0.958571 157.994 0.0236785 0.997333 -0.0690418 -15.7898 -0.96014 0.0419271 0.276363 451.93
0.29526 0.0623696 0.953379 159.59 0.0173967 0.997351 -0.070634 -15.926 -0.955259 0.037441 0.293392 452.436
0.315938 0.0437068 0.947773 161.971 0.0176751 0.998494 -0.0519378 -16.1191 -0.948616 0.0331612 0.31469 453.225
0.338046 0.0566376 0.939424 164.309 0.0143967 0.99776 -0.0653351 -16.2925 -0.941019 0.0356108 0.336473 454.045
0.359146 0.0509189 0.931891 166.622 0.00977995 0.99825 -0.0583139 -16.4812 -0.93323 0.0300571 0.35802 454.941
0.388419 0.0659466 0.919121 169.645 0.00910678 0.997112 -0.0753911 -16.74 -0.921439 0.0376536 0.386696 456.186
0.422554 0.0667503 0.903877 172.589 -0.00178151 0.997344 -0.07282 -17.0186 -0.906337 0.0291601 0.42155 457.551
0.455881 0.0705494 0.88724 175.426 -0.010042 0.997198 -0.0741329 -17.2826 -0.889984 0.024886 0.455312 458.99
0.480376 0.0755677 0.873801 177.471 -0.0125472 0.996771 -0.0793046 -17.488 -0.876973 0.0271323 0.479774 460.114
0.512655 0.0522746 0.857003 180.107 -0.00913962 0.998421 -0.0554334 -17.739 -0.858547 0.0205856 0.512323 461.662
0.5348 0.0631464 0.842615 181.918 -0.0144438 0.997741 -0.0656043 -17.8958 -0.844855 0.0229147 0.534504 462.825
0.550375 0.0634383 0.832505 183.592 -0.0209467 0.997845 -0.0621894 -18.0608 -0.834656 0.0167893 0.550517 463.935
0.551336 0.0732237 0.831063 185.585 -0.0276991 0.997198 -0.0694857 -18.2591 -0.833823 0.0152903 0.55182 465.269
0.507002 0.0593475 0.859899 187.74 -0.0259757 0.998226 -0.0535789 -18.4614 -0.861553 0.00482812 0.507644 466.615
0.380132 0.0720266 0.922124 190.273 -0.00954698 0.997216 -0.0739564 -18.6878 -0.924884 0.0193098 0.379761 467.768
0.123073 0.0671888 0.990121 192.798 0.0148329 0.997469 -0.0695313 -18.9096 -0.992287 0.0232437 0.121765 468.204
-0.173002 0.0720877 0.982279 195.068 0.0305859 0.99723 -0.067798 -19.0876 -0.984446 0.0183147 -0.174727 467.904
-0.387754 0.055884 0.920072 196.665 0.0317004 0.998379 -0.0472807 -19.2062 -0.921223 0.0108334 -0.388897 467.266
-0.547321 0.0513009 0.835348 197.876 0.0311896 0.998676 -0.0408957 -19.2796 -0.836341 0.00367111 -0.548196 466.46
-0.670886 0.0521703 0.739725 199.124 0.0400109 0.998616 -0.0341416 -19.3247 -0.740482 0.00669199 -0.672045 465.322
-0.738347 0.053089 0.672327 200.419 0.0463286 0.998535 -0.0279694 -19.3767 -0.672827 0.0104969 -0.739725 463.897
-0.773386 0.0558702 0.631468 201.783 0.0504065 0.998375 -0.0265979 -19.4363 -0.631928 0.0112596 -0.774945 462.24
-0.78892 0.0564606 0.611898 202.751 0.0517221 0.998338 -0.0254327 -19.4768 -0.612317 0.0115843 -0.790529 461.007
-0.801328 0.0581107 0.595397 204.779 0.0576087 0.998141 -0.0198847 -19.5596 -0.595446 0.0183659 -0.803186 458.306
-0.801385 0.0583473 0.595295 206.435 0.0578253 0.998127 -0.0199862 -19.6193 -0.595346 0.0184064 -0.803257 456.072
-0.805545 0.0549537 0.589985 208.192 0.0596369 0.998153 -0.0115464 -19.679 -0.58953 0.0258836 -0.807335 453.699
-0.805598 0.0551891 0.589885 209.978 0.0598543 0.998139 -0.0116426 -19.7365 -0.58943 0.0259279 -0.807403 451.26
-0.805655 0.0554231 0.589788 211.792 0.0600717 0.998125 -0.0117367 -19.8033 -0.589333 0.0259738 -0.807474 448.833
-0.805708 0.0556557 0.589692 213.599 0.0602889 0.998111 -0.0118287 -19.8702 -0.589237 0.0260214 -0.807541 446.39
-0.805761 0.0558871 0.589597 215.4 0.0605062 0.998097 -0.0119186 -19.9395 -0.589141 0.0260707 -0.807609 443.97
-0.805814 0.0561174 0.589503 217.194 0.0607235 0.998082 -0.0120065 -20.0211 -0.589046 0.0261216 -0.807677 441.547
-0.805867 0.0563468 0.589409 218.393 0.0609408 0.998068 -0.0120931 -20.0641 -0.588952 0.0261737 -0.807744 439.931
-0.80592 0.0565749 0.589316 220.172 0.061158 0.998054 -0.0121775 -20.145 -0.588858 0.0262273 -0.807812 437.525
-0.80597 0.0568018 0.589224 221.941 0.0613752 0.998039 -0.0122599 -20.2181 -0.588765 0.0262826 -0.807876 435.116
-0.806023 0.0570278 0.589132 223.115 0.0615923 0.998025 -0.0123409 -20.2704 -0.588672 0.026339 -0.807944 433.526
-0.806072 0.0572531 0.589042 224.276 0.0618095 0.998011 -0.0124206 -20.322 -0.588581 0.0263965 -0.808007 431.944
-0.806122 0.0574776 0.588951 225.441 0.0620268 0.997996 -0.012499 -20.3658 -0.58849 0.026455 -0.808071 430.363
-0.806171 0.0577012 0.588861 226.591 0.0622439 0.997982 -0.012576 -20.4152 -0.588398 0.0265146 -0.808135 428.799
-0.80622 0.057924 0.588773 227.757 0.062461 0.997967 -0.0126517 -20.4688 -0.588309 0.0265753 -0.808199 427.244
-0.80627 0.0581457 0.588685 229.526 0.0626781 0.997953 -0.0127253 -20.5362 -0.588219 0.0266376 -0.808263 424.869
-0.803204 0.0660713 0.592031 231.321 0.0685778 0.997478 -0.0182808 -20.6063 -0.591746 0.025917 -0.805709 422.428
-0.804594 0.0592335 0.590861 233.191 0.0586862 0.998073 -0.0201413 -20.694 -0.590916 0.0184699 -0.80652 419.914
-0.804643 0.0594505 0.590774 235.088 0.0589032 0.998059 -0.0202092 -20.7814 -0.590829 0.0185373 -0.806583 417.352
-0.804689 0.0596659 0.590689 236.983 0.0591198 0.998045 -0.0202749 -20.876 -0.590743 0.0186064 -0.806643 414.769
-0.804738 0.0598801 0.590604 238.87 0.0593366 0.998031 -0.0203382 -20.9891 -0.590658 0.0186774 -0.806707 412.22
-0.804784 0.0600929 0.590518 240.744 0.0595532 0.998017 -0.0203994 -21.1032 -0.590573 0.0187502 -0.806766 409.704
-0.804829 0.0603042 0.590436 242.613 0.0597697 0.998003 -0.0204583 -21.2199 -0.590491 0.0188248 -0.806826 407.216
-0.804875 0.0605149 0.590355 243.837 0.0599865 0.997988 -0.020516 -21.2875 -0.590409 0.0189005 -0.806886 405.579
-0.804917 0.0607244 0.590271 245.048 0.0602029 0.997974 -0.020572 -21.3598 -0.590324 0.0189773 -0.806942 403.954
-0.804962 0.0609332 0.590189 246.211 0.0604193 0.99796 -0.0206266 -21.4286 -0.590242 0.0190552 -0.807002 402.368
-0.805004 0.0611409 0.590107 247.34 0.0606356 0.997946 -0.0206798 -21.4999 -0.590159 0.0191342 -0.807058 400.832
-0.811721 0.0622796 0.580715 248.9 0.0618495 0.997874 -0.0205653 -21.6069 -0.580761 0.0192236 -0.813847 398.658
-0.832039 0.0663943 0.550732 250.719 0.0665469 0.997588 -0.0197277 -21.7376 -0.550713 0.0202352 -0.83445 395.993
-0.862924 0.0681514 0.500716 251.811 0.0669143 0.997549 -0.0204554 -21.8242 -0.500883 0.0158537 -0.865369 394.177
-0.92769 0.0720115 0.366341 252.805 0.0717195 0.997321 -0.0144268 -21.9093 -0.366398 0.0128902 -0.930369 391.898
-0.976748 0.0739439 0.201241 253.194 0.0765508 0.997052 0.00519179 -21.9394 -0.200264 0.0204762 -0.979529 390.149
-0.99694 0.0775898 -0.0097446 253.207 0.0772991 0.996634 0.0273124 -21.9321 0.011831 0.0264755 -0.999581 388.402
-0.969681 0.0827023 -0.229952 252.843 0.0744895 0.996242 0.044185 -21.8833 0.232743 0.0257163 -0.972198 386.779
-0.895862 0.0918435 -0.434734 252.127 0.0715583 0.995455 0.062842 -21.8017 0.438529 0.025189 -0.898363 385.292
-0.79525 0.100854 -0.597836 251.088 0.062383 0.994445 0.0847796 -21.683 0.603065 0.0301262 -0.797124 383.966
-0.690987 0.102355 -0.715585 249.837 0.0464867 0.994167 0.0973142 -21.5367 0.721372 0.0339776 -0.691715 382.754
-0.572805 0.102884 -0.813211 247.887 0.0209197 0.993603 0.110971 -21.3135 0.819426 0.0465524 -0.571293 381.281
-0.4795 0.0975084 -0.87211 246.206 -0.000386493 0.993784 0.111325 -21.1126 0.877544 0.0537173 -0.476481 380.315
-0.364788 0.0969403 -0.926031 243.631 -0.00850243 0.994177 0.107423 -20.8247 0.931053 0.0470602 -0.361839 379.245
-0.311078 0.096508 -0.945471 242.216 -0.00801605 0.994529 0.104153 -20.6724 0.95035 0.0399788 -0.308603 378.796
-0.23977 0.103684 -0.965277 239.931 0.00553949 0.99441 0.105438 -20.4335 0.970814 0.0199337 -0.239004 378.231
-0.200514 0.110355 -0.973456 238.293 0.00829718 0.993791 0.110951 -20.266 0.979656 0.0141703 -0.200185 377.902
-0.149915 0.102411 -0.983381 235.717 -0.00120075 0.994601 0.103763 -19.9988 0.988698 0.0167363 -0.148982 377.476
-0.115673 0.105662 -0.987651 233.892 -0.00412495 0.994266 0.106852 -19.8113 0.993279 0.0164339 -0.114574 377.251
-0.0888853 0.102065 -0.9908 232.002 0.00181002 0.994751 0.102309 -19.626 0.996041 0.00730034 -0.0886035 377.074
-0.0700946 0.0910729 -0.993374 230.059 0.00572097 0.995844 0.0908957 -19.441 0.997524 0.000688224 -0.0703243 376.942
-0.0584577 0.0919879 -0.994044 228.038 0.00438911 0.99576 0.0918886 -19.2681 0.998281 0.00100853 -0.0586136 376.822
-0.0470999 0.0954474 -0.994319 224.889 0.00404939 0.995434 0.0953626 -18.9874 0.998882 0.000465216 -0.0472714 376.659
-0.0470743 0.0956725 -0.994299 222.756 0.00396381 0.995413 0.095592 -18.7958 0.998883 0.000558723 -0.0472376 376.562
-0.0381648 0.0944086 -0.994801 219.515 -0.00229475 0.995516 0.0945644 -18.5221 0.999268 0.00589192 -0.037777 376.414
-0.038149 0.0946379 -0.994781 217.331 -0.00238186 0.995494 0.0947971 -18.3371 0.999269 0.00598583 -0.0377517 376.324
-0.0294662 0.096226 -0.994922 214.001 -0.0104482 0.995271 0.0965692 -18.0472 0.99951 0.0132407 -0.0283215 376.202
-0.0223899 0.0998831 -0.994748 210.65 -0.0147429 0.994855 0.100226 -17.7448 0.999641 0.0169095 -0.0208021 376.092
-0.0143489 0.0981319 -0.99507 207.276 -0.0193939 0.994958 0.0984005 -17.4458 0.999709 0.0207103 -0.0123734 376.03
-0.0143544 0.09837 -0.995046 205.028 -0.0194851 0.994932 0.0986399 -17.2516 0.999707 0.0208045 -0.0123649 375.995
-0.0143629 0.0986099 -0.995023 202.789 -0.019576 0.994907 0.098881 -17.0591 0.999705 0.0208988 -0.0123594 375.975
-0.0143744 0.0988514 -0.994999 200.562 -0.0196669 0.994881 0.0991238 -16.8677 0.999704 0.0209933 -0.0123568 375.936
-0.0143861 0.0990943 -0.994973 198.338 -0.0197572 0.994855 0.0993681 -16.6766 0.999701 0.0210875 -0.0123542 375.897
-0.0144064 0.0993397 -0.994949 195.039 -0.0198473 0.994828 0.099615 -16.3815 0.999699 0.0211821 -0.0123603 375.863
-0.014427 0.0995868 -0.994924 192.856 -0.0199371 0.994801 0.0998636 -16.1954 0.999696 0.0212767 -0.0123665 375.82
-0.0144533 0.0998353 -0.994899 190.684 -0.0200265 0.994774 0.100114 -16.0093 0.999695 0.0213713 -0.0123785 375.777
-0.0144827 0.100085 -0.994875 188.521 -0.0201158 0.994747 0.100365 -15.821 0.999694 0.0214661 -0.0123933 375.74
-0.0145151 0.100338 -0.994849 185.319 -0.0202046 0.99472 0.10062 -15.5309 0.999691 0.0215609 -0.0124112 375.699
-0.0145505 0.100592 -0.994821 182.17 -0.0202932 0.994692 0.100876 -15.2595 0.999688 0.0216559 -0.012432 375.633
-0.0145918 0.100849 -0.994794 180.091 -0.0203812 0.994664 0.101134 -15.0829 0.999685 0.0217509 -0.0124585 375.61
-0.0146361 0.101106 -0.994768 178.024 -0.0204691 0.994636 0.101394 -14.9062 0.999683 0.021846 -0.012488 375.581
-0.0146805 0.101365 -0.99474 175.979 -0.0205567 0.994607 0.101655 -14.7345 0.99968 0.0219411 -0.0125176 375.544
-0.0147307 0.101626 -0.994714 173.979 -0.0206442 0.994579 0.101918 -14.5623 0.999679 0.0220363 -0.0125529 375.518
-0.0147811 0.101888 -0.994686 172.032 -0.0207314 0.99455 0.102182 -14.3912 0.999676 0.0221316 -0.0125883 375.515
-0.00499542 0.105054 -0.994453 169.171 -0.0196433 0.994264 0.105133 -14.1426 0.999794 0.0200596 -0.00290316 375.489
0.00591481 0.104629 -0.994494 166.491 -0.0178819 0.994363 0.104509 -13.9005 0.999823 0.0171653 0.00775243 375.491
0.00370698 0.101057 -0.994873 163.97 -0.00854727 0.994847 0.101023 -13.6767 0.999956 0.00812906 0.00455165 375.515
-0.0135774 0.107531 -0.994109 161.631 0.000834277 0.994202 0.107529 -13.4771 0.999907 0.000630648 -0.0135884 375.492
-0.0650564 0.109194 -0.99189 158.783 0.0105971 0.994015 0.108733 -13.2278 0.997826 -0.00343749 -0.0658242 375.329
-0.173343 0.119458 -0.977588 156.374 0.0318821 0.992777 0.11566 -13.0114 0.984344 -0.0111185 -0.1759 374.981
-0.562191 0.129914 -0.816742 153.235 0.0783242 0.991509 0.103801 -12.6862 0.823292 -0.00561495 -0.567593 373.43
-0.819257 0.131564 -0.558129 151.79 0.0995081 0.991175 0.087578 -12.5047 0.564726 0.0162105 -0.825119 371.541
-0.915831 0.123274 -0.382179 151.3 0.0990958 0.991661 0.0823981 -12.4209 0.389149 0.0375903 -0.920409 370.153
-0.965504 0.113404 -0.234402 150.973 0.102086 0.99297 0.0599078 -12.3437 0.239548 0.0339119 -0.970294 368.649
-0.988955 0.0937275 -0.11482 150.752 0.0886882 0.99489 0.0482493 -12.2521 0.118756 0.0375332 -0.992214 366.464
-0.99343 0.0963506 -0.0617463 150.646 0.0936671 0.994587 0.0449798 -12.1848 0.0657459 0.0389007 -0.997077 364.685
-0.994714 0.0992288 -0.0264085 150.586 0.098248 0.994505 0.0361571 -12.1018 0.0298512 0.0333714 -0.998997 362.139
-0.994605 0.102266 -0.0172756 150.544 0.101696 0.994328 0.031152 -12.0433 0.0203634 0.0292271 -0.999364 360.043
-0.993567 0.11325 -0.000714423 150.531 0.113188 0.993196 0.0273888 -11.9798 0.00381134 0.0271318 -0.999625 357.78
-0.993371 0.113757 0.016476 150.566 0.114121 0.993198 0.0231261 -11.9262 -0.0137332 0.0248531 -0.999596 355.351
-0.992199 0.121315 0.0287304 150.659 0.122023 0.992229 0.0243163 -11.8635 -0.0255572 0.0276324 -0.999292 351.875
-0.991783 0.122171 0.0379468 150.759 0.123283 0.991963 0.0284804 -11.7996 -0.0341624 0.0329246 -0.998873 349.063
-0.993676 0.104 0.0423613 150.912 0.10554 0.993766 0.0359083 -11.7198 -0.0383628 0.040152 -0.998458 346.106
-0.993459 0.106751 0.0405833 151.006 0.107864 0.993818 0.0263023 -11.6709 -0.0375247 0.0305076 -0.998832 344.098
-0.993422 0.107027 0.0407152 151.081 0.108147 0.993784 0.0263989 -11.6295 -0.0376368 0.0306285 -0.998822 342.05
-0.993385 0.107302 0.0408514 151.224 0.108431 0.993751 0.0264974 -11.576 -0.0377529 0.0307518 -0.998812 338.911
-0.993353 0.107578 0.0409908 151.326 0.108716 0.993717 0.0265974 -11.5459 -0.037872 0.0308769 -0.998807 336.795
-0.993316 0.107854 0.0411332 151.399 0.109 0.993683 0.0266983 -11.5028 -0.0379939 0.0310034 -0.998797 334.651
-0.993279 0.108129 0.0412788 151.504 0.109283 0.993649 0.0268007 -11.4636 -0.0381187 0.0311316 -0.998788 332.528
-0.993243 0.108405 0.0414272 151.606 0.109568 0.993615 0.0269042 -11.4334 -0.0382462 0.0312615 -0.998779 330.403
-0.992228 0.11758 0.0407593 151.729 0.118817 0.992482 0.0293712 -11.3834 -0.0369994 0.0339857 -0.998739 327.208
-0.992188 0.117854 0.0409158 151.818 0.1191 0.992445 0.0294781 -11.3434 -0.0371326 0.0341209 -0.998728 325.079
-0.992932 0.112362 0.0381793 151.919 0.113237 0.993333 0.0216 -11.3146 -0.0354978 0.0257707 -0.999036 322.979
-0.993677 0.10644 0.0357012 152.057 0.107565 0.993708 0.0312127 -11.2773 -0.0321543 0.0348556 -0.998874 319.799
-0.993642 0.106715 0.0358689 152.142 0.107849 0.993674 0.0313255 -11.2367 -0.0322991 0.0349948 -0.998865 317.676
-0.993606 0.106989 0.0360396 152.222 0.108132 0.993639 0.0314394 -11.1892 -0.0324467 0.0351354 -0.998855 315.529
-0.99357 0.107262 0.0362136 152.301 0.108416 0.993605 0.0315548 -11.1379 -0.0325974 0.0352781 -0.998845 313.342
-0.992495 0.116927 0.035791 152.399 0.118075 0.992494 0.0318339 -11.0584 -0.0318001 0.035821 -0.998851 310.028
-0.991656 0.123719 0.0362419 152.524 0.124597 0.99194 0.023035 -10.9841 -0.0330999 0.0273583 -0.999079 306.672
-0.991616 0.123994 0.0364278 152.665 0.12488 0.991902 0.0231562 -10.9344 -0.0332616 0.0275111 -0.99907 303.275
-0.991571 0.124268 0.0366171 152.756 0.125164 0.991863 0.0232788 -10.8931 -0.0334263 0.0276657 -0.999057 300.968
-0.991531 0.124542 0.0368097 152.849 0.125448 0.991824 0.0234029 -10.8645 -0.0335941 0.0278224 -0.999048 298.65
-0.991491 0.124816 0.0370057 152.928 0.125731 0.991785 0.0235282 -10.8367 -0.033765 0.0279807 -0.999039 296.313
-0.991447 0.12509 0.0372066 153.06 0.126015 0.991746 0.0236557 -10.7857 -0.0339404 0.028142 -0.999027 292.788
-0.991407 0.125364 0.037411 153.159 0.126299 0.991707 0.0237846 -10.7626 -0.0341191 0.0283051 -0.999018 290.436
-0.991363 0.125637 0.0376188 153.263 0.126583 0.991668 0.0239147 -10.731 -0.0343008 0.0284701 -0.999006 288.069
-0.991811 0.12187 0.0381906 153.372 0.122443 0.99239 0.0130419 -10.7141 -0.0363106 0.0176112 -0.999185 285.745
-0.992105 0.11903 0.0394858 153.483 0.119283 0.992852 0.00410534 -10.7264 -0.0387149 0.00878291 -0.999211 283.433
-0.991749 0.120621 0.0434293 153.578 0.121409 0.992474 0.0159685 -10.7337 -0.0411763 0.0211094 -0.99893 281.109
-0.991704 0.120896 0.0436479 153.692 0.121694 0.992437 0.0161028 -10.7125 -0.0413711 0.0212809 -0.998917 278.798
-0.991659 0.12117 0.0438715 153.829 0.121979 0.9924 0.0162391 -10.6844 -0.0415704 0.0214551 -0.998903 275.333
-0.991828 0.120823 0.0409688 153.939 0.120987 0.992653 0.00153414 -10.6876 -0.0404825 0.0064783 -0.999159 273.044
-0.991785 0.1211 0.0411948 154.049 0.121272 0.992618 0.00167425 -10.7161 -0.0406879 0.00665625 -0.99915 270.75
-0.992949 0.111327 0.0407103 154.174 0.112225 0.993472 0.0204782 -10.7317 -0.0381648 0.0249026 -0.998961 268.462
-0.992909 0.111601 0.0409481 154.265 0.11251 0.993437 0.0206212 -10.708 -0.038378 0.0250821 -0.998948 266.184
-0.991057 0.127784 0.0384656 154.319 0.127698 0.991802 -0.00469948 -10.7148 -0.0387508 0.000254536 -0.99925 263.958
-0.991012 0.128063 0.0387026 154.395 0.127983 0.991766 -0.00455296 -10.7435 -0.038967 0.000441234 -0.999242 261.71
-0.99115 0.126003 0.0417862 154.486 0.12679 0.991788 0.0167422 -10.7586 -0.0393335 0.0218921 -0.998987 259.455
-0.991105 0.126276 0.042034 154.544 0.127075 0.991749 0.0168899 -10.7526 -0.0395544 0.0220811 -0.998974 258.347
-0.991057 0.126549 0.0422849 154.647 0.127359 0.99171 0.0170389 -10.751 -0.0397782 0.0222719 -0.998958 256.142
-0.991483 0.12382 0.0404181 154.746 0.123999 0.99228 0.00196031 -10.7643 -0.0398634 0.00695543 -0.999183 253.971
-0.99153 0.124827 0.0358229 154.833 0.124551 0.992164 -0.00984285 -10.7909 -0.0367708 -0.00529772 -0.999308 251.816
-0.991514 0.125563 0.0336291 154.932 0.125798 0.992043 0.00497206 -10.8449 -0.0327372 0.00916037 -0.999421 248.601
-0.99251 0.117046 0.0349741 155.028 0.117735 0.992876 0.0183168 -10.8607 -0.0325811 0.0222973 -0.99922 246.483
-0.993406 0.108838 0.0360986 155.115 0.109188 0.99399 0.00787507 -10.871 -0.0350246 0.0117647 -0.999319 244.429
-0.992564 0.115309 0.0389755 155.187 0.115109 0.993326 -0.00734375 -10.897 -0.0395622 -0.0028027 -0.999212 242.449
-0.991413 0.123379 0.0433747 155.261 0.123389 0.992355 -0.00244228 -10.9378 -0.0433445 0.00293066 -0.999058 240.527
-0.991365 0.123655 0.0436452 155.341 0.123674 0.99232 -0.00228238 -10.9796 -0.0435923 0.00313511 -0.999045 238.674
-0.991062 0.125534 0.0451823 155.418 0.12505 0.99206 -0.0134023 -11.0122 -0.046506 -0.00763249 -0.998891 236.905
-0.991012 0.125813 0.0454556 155.553 0.125335 0.992026 -0.0132401 -11.0883 -0.0467589 -0.0074239 -0.998878 234.36
-0.992341 0.113316 0.0491546 155.655 0.113157 0.993559 -0.00600895 -11.1372 -0.0495189 -0.00040073 -0.998771 232.744
-0.992094 0.11158 0.0574176 155.787 0.111886 0.993719 0.0021242 -11.1834 -0.0568199 0.00853163 -0.998347 230.477
-0.991536 0.113949 0.0621958 155.87 0.1138 0.993486 -0.00594944 -11.2131 -0.0624686 0.00117881 -0.998044 229.087
-0.992458 0.102759 0.0668817 156.015 0.103377 0.994625 0.00583605 -11.2539 -0.0659225 0.012706 -0.997747 227.208
-0.994398 0.0938532 0.0486178 156.156 0.0942766 0.995525 0.00648533 -11.2947 -0.0477916 0.0110325 -0.998797 224.961
-0.993933 0.0988573 -0.0482621 156.1 0.0983211 0.995065 0.0133659 -11.2961 0.0493452 0.00853961 -0.998748 222.522
-0.938718 0.127366 -0.320287 155.312 0.122236 0.991842 0.0361599 -11.2463 0.32228 -0.00520654 -0.946629 219.615
-0.801025 0.143129 -0.581266 153.924 0.11836 0.989695 0.0805896 -11.0986 0.586811 -0.00424446 -0.809711 217.502
-0.6898 0.138607 -0.71061 152.929 0.0980588 0.990345 0.0979832 -10.9819 0.71733 -0.00209279 -0.696732 216.552
-0.5599 0.126669 -0.818821 151.725 0.0801339 0.991891 0.0986484 -10.8329 0.824677 -0.0103821 -0.56551 215.728
-0.423961 0.12614 -0.896853 150.33 0.0597836 0.991992 0.11126 -10.6751 0.903705 -0.00644739 -0.428107 215.074
-0.293006 0.13191 -0.946968 148.75 0.0479666 0.991218 0.123232 -10.4817 0.954907 -0.00931503 -0.29676 214.599
-0.189302 0.120685 -0.974474 147.041 0.0349875 0.992617 0.116135 -10.2767 0.981296 -0.0121098 -0.192127 214.263
-0.116694 0.121736 -0.985679 145.156 0.0420832 0.992174 0.117556 -10.0574 0.992276 -0.0277624 -0.120904 214.052
-0.0838286 0.121641 -0.989027 143.813 0.0384839 0.992176 0.118767 -9.89564 0.995736 -0.0281056 -0.0878539 213.935
-0.0624489 0.126079 -0.990052 142.381 0.0427824 0.991415 0.123554 -9.71439 0.99713 -0.034641 -0.0673067 213.858
-0.0471285 0.127475 -0.990721 140.875 0.0389075 0.991305 0.125699 -9.53027 0.99813 -0.0326224 -0.0516785 213.773
-0.0256037 0.111533 -0.993431 138.467 0.0451024 0.992874 0.110308 -9.23871 0.998654 -0.0419819 -0.0304516 213.706
-0.01864 0.105548 -0.994239 136.749 0.0524119 0.993148 0.10445 -9.05339 0.998452 -0.0501631 -0.0240443 213.674
-0.0170814 0.11563 -0.993145 134.95 0.0480259 0.992239 0.114698 -8.85257 0.9987 -0.0457375 -0.022502 213.625
-0.0186863 0.131742 -0.991108 133.069 0.0435529 0.990447 0.130833 -8.62864 0.998876 -0.0407208 -0.0242455 213.568
-0.0182675 0.12146 -0.992428 131.16 0.0457599 0.991655 0.120523 -8.3971 0.998786 -0.0432118 -0.0236731 213.515
-0.018598 0.121773 -0.992383 129.208 0.0455816 0.991627 0.120826 -8.17719 0.998787 -0.0429873 -0.0239929 213.479
-0.0189317 0.122087 -0.992338 127.233 0.0454035 0.991598 0.12113 -7.94707 0.998788 -0.0427624 -0.0243158 213.422
-0.0249551 0.134613 -0.990584 125.246 0.0492487 0.989855 0.133273 -7.71561 0.998475 -0.0454591 -0.0313314 213.368
-0.0252894 0.13493 -0.990532 124.252 0.049073 0.989822 0.13358 -7.59528 0.998475 -0.0452302 -0.0316535 213.329
-0.0322312 0.123283 -0.991848 122.278 0.0492282 0.991355 0.121622 -7.36395 0.998267 -0.0449068 -0.0380216 213.249
-0.0325725 0.123604 -0.991796 120.289 0.0490554 0.991325 0.121934 -7.1457 0.998264 -0.0446812 -0.0383534 213.157
-0.0329169 0.123926 -0.991746 119.297 0.048883 0.991295 0.122247 -7.03237 0.998263 -0.0444557 -0.0386882 213.112
-0.0332614 0.124248 -0.991695 118.309 0.0487107 0.991265 0.122561 -6.92525 0.99826 -0.0442297 -0.0390231 213.068
-0.0336062 0.124571 -0.991641 117.329 0.0485389 0.991234 0.122875 -6.826 0.998256 -0.0440038 -0.0393582 213.031
-0.0339541 0.124895 -0.991589 116.35 0.0483671 0.991204 0.12319 -6.7125 0.998253 -0.0437775 -0.0396962 212.988
-0.0329128 0.0940808 -0.99502 114.453 0.0487186 0.994527 0.0924227 -6.47763 0.99827 -0.045434 -0.0373162 212.888
-0.0243346 0.0996726 -0.994723 112.372 0.0414845 0.994261 0.0986114 -6.30716 0.998843 -0.0388659 -0.0283298 212.768
0.00239566 0.094105 -0.995559 111.463 0.0428257 0.994639 0.094121 -6.22995 0.99908 -0.042861 -0.00164729 212.802
-0.0205244 0.0947444 -0.995289 110.577 0.0480981 0.994441 0.0936717 -6.16478 0.998631 -0.0459489 -0.0249673 212.85
-0.0157704 0.0984396 -0.995019 108.65 0.046076 0.994156 0.0976241 -6.02591 0.998814 -0.044307 -0.0202139 212.762
-0.0150402 0.0974446 -0.995128 106.705 0.0423813 0.994408 0.0967336 -5.85117 0.998989 -0.04072 -0.0190859 212.726
-0.0242095 0.111121 -0.993511 104.788 0.0545032 0.992472 0.109677 -5.68308 0.998219 -0.0514943 -0.0300837 212.725
-0.0141407 0.0947269 -0.995403 102.935 0.0530211 0.994173 0.0938566 -5.47389 0.998493 -0.0514502 -0.0190808 212.629
-0.0326412 0.107923 -0.993624 101.13 0.0528539 0.992948 0.106114 -5.36637 0.998069 -0.0490533 -0.0381152 212.628
-0.00781422 0.115878 -0.993234 99.2647 0.0524057 0.991946 0.115316 -5.19985 0.998596 -0.0511501 -0.013824 212.46
-0.0275255 0.103954 -0.994202 97.5443 0.0544159 0.993259 0.102349 -4.97518 0.99814 -0.0512832 -0.0329967 212.527
-0.0207017 0.106476 -0.994099 95.8277 0.0553125 0.992912 0.105197 -4.85148 0.998254 -0.0528083 -0.0264444 212.415
-0.0117536 0.110898 -0.993763 94.2672 0.0542679 0.992437 0.110108 -4.72794 0.998458 -0.0526353 -0.0176829 212.373
-0.00663964 0.108369 -0.994088 92.1427 0.054892 0.992651 0.107845 -4.52124 0.998469 -0.0538514 -0.0125394 212.366
-0.0672269 0.131198 -0.989074 89.6553 0.0604517 0.990031 0.127216 -4.30592 0.995905 -0.0512389 -0.0744879 212.46
0.10358 0.0523224 -0.993243 85.776 0.0354812 0.997785 0.0562617 -3.82191 0.993987 -0.041069 0.101494 212.341
0.423251 0.00492703 -0.905998 81.9709 -0.00281556 0.999988 0.00412283 -3.63195 0.906007 0.000805902 0.42326 213.579
