0.999773 0.0119609 -0.0176283 -7.76124 -0.0122847 0.999756 -0.018376 -1.76343 0.0174042 0.0185884 0.999676 285.086
0.999773 0.0119609 -0.0176283 -7.81434 -0.0122847 0.999756 -0.018376 -1.83355 0.0174042 0.0185884 0.999676 287.555
0.999811 0.0113298 -0.0158299 -7.85543 -0.011759 0.999558 -0.0272877 -1.92149 0.0155137 0.0274686 0.999502 290.032
0.999811 0.0113298 -0.0158299 -7.89642 -0.011759 0.999558 -0.0272877 -2.01624 0.0155137 0.0274686 0.999502 292.508
0.999811 0.0113298 -0.0158299 -7.94857 -0.011759 0.999558 -0.0272877 -2.10579 0.0155137 0.0274686 0.999502 295.019
1 0 0 -8.00741 0 1 0 -2.18833 0 0 1 297.526
0.999695 0.0209188 -0.0131486 -8.06393 -0.021223 0.9995 -0.0234406 -2.26614 0.0126517 0.0237125 0.999639 300.027
0.999466 0.0268491 -0.0186337 -8.11049 -0.0273898 0.999193 -0.0293955 -2.34456 0.0178294 0.0298901 0.999394 302.52
0.999311 0.0258274 -0.0266551 -8.17242 -0.0265387 0.999292 -0.0266864 -2.44978 0.025947 0.0273754 0.999288 305.01
0.99896 0.0248864 -0.0382037 -8.24757 -0.0257848 0.999398 -0.0232057 -2.53587 0.0376032 0.0241667 0.999 307.547
0.998313 0.0251146 -0.0523444 -8.36582 -0.0260777 0.999501 -0.0177979 -2.61764 0.0518713 0.0191329 0.99847 310.131
0.998059 0.0250763 -0.0569977 -8.52507 -0.0260331 0.999531 -0.0161069 -2.68754 0.0565671 0.0175595 0.998244 312.716
0.998319 0.0246948 -0.0524319 -8.70716 -0.0256817 0.999504 -0.0182333 -2.75752 0.0519556 0.0195492 0.998458 315.304
0.998991 0.0240209 -0.0379356 -8.8468 -0.024955 0.999392 -0.0243468 -2.84095 0.0373277 0.0252689 0.998984 317.884
0.999345 0.0241722 -0.0269355 -8.95481 -0.0249741 0.999243 -0.029843 -2.93193 0.0261937 0.0304962 0.999192 320.357
0.99951 0.024461 -0.019544 -9.03052 -0.0251137 0.99911 -0.0338817 -3.04292 0.0186978 0.034356 0.999235 322.837
0.999568 0.0248363 -0.0157258 -9.08752 -0.0253978 0.999008 -0.036578 -3.15794 0.0148017 0.0369616 0.999207 325.287
0.99956 0.0252828 -0.0154829 -9.13548 -0.0258543 0.998947 -0.0378991 -3.28119 0.0145084 0.0382827 0.999162 327.738
0.999597 0.019469 -0.0206826 -9.16611 -0.0201259 0.999284 -0.0320409 -3.38549 0.020044 0.0324442 0.999273 330.192
0.999692 0.0111476 -0.0221783 -9.22102 -0.0119904 0.999197 -0.0382369 -3.51826 0.0217342 0.0384911 0.999023 332.683
0.999699 0.0110319 -0.0219299 -9.28188 -0.0118345 0.999252 -0.0368147 -3.64916 0.0215074 0.0370631 0.999081 335.129
0.999705 0.0109784 -0.0216519 -9.32673 -0.0116769 0.999407 -0.0324017 -3.76702 0.0212833 0.0326449 0.99924 337.534
0.9997 0.0110474 -0.0218437 -9.41576 -0.0115653 0.999652 -0.0237238 -3.93557 0.021574 0.0239693 0.99948 341.013
0.999731 0.0110757 -0.0203623 -9.47967 -0.0115373 0.999676 -0.0226906 -4.02905 0.0201044 0.0229194 0.999535 343.195
0.999747 0.0111177 -0.0195614 -9.54386 -0.0115355 0.999705 -0.0213773 -4.15661 0.0193179 0.0215975 0.99958 346.372
0.999749 0.0111745 -0.019425 -9.59885 -0.011559 0.999737 -0.019798 -4.27456 0.0191987 0.0200176 0.999615 349.389
0.999742 0.0112425 -0.0197416 -9.62571 -0.0115991 0.99977 -0.0180439 -4.34705 0.0195342 0.0182682 0.999642 351.325
0.999726 0.011319 -0.0205032 -9.64901 -0.0116507 0.999802 -0.0161291 -4.41095 0.0203166 0.0163636 0.99966 353.168
1 0 0 -9.68745 0 1 0 -4.46952 0 0 1 354.921
1 0 0 -9.71621 0 1 0 -4.52572 0 0 1 356.559
1 0 0 -9.73934 0 1 0 -4.57651 0 0 1 358.107
1 0 0 -9.7727 0 1 0 -4.64913 0 0 1 360.235
0.999172 0.0154001 -0.0376569 -9.85146 -0.0161916 0.999652 -0.0208042 -4.71633 0.0373234 0.0213967 0.999074 362.116
0.995016 0.0191759 -0.0978504 -10.0416 -0.0211636 0.999589 -0.0193163 -4.79631 0.0974398 0.0212909 0.995014 364.325
0.947535 0.0182192 -0.319131 -10.7279 -0.0206642 0.999777 -0.00427699 -4.86696 0.318982 0.0106472 0.947701 366.672
0.824483 0.0342577 -0.564849 -11.7804 -0.0239101 0.999383 0.0257115 -4.87872 0.565381 -0.00769312 0.824794 368.19
0.559552 0.0505539 -0.827252 -13.6082 -0.0176252 0.998638 0.0491058 -4.81049 0.828608 -0.0128968 0.559681 369.589
0.198494 0.0318702 -0.979584 -16.0674 0.0176837 0.999192 0.0360914 -4.70555 0.979943 -0.0244866 0.19777 370.285
0.017654 0.0477047 -0.998705 -17.7602 0.0199953 0.998645 0.0480553 -4.64088 0.999644 -0.0208177 0.0166762 370.276
-0.087581 0.0608533 -0.994297 -19.4958 0.0139654 0.998109 0.0598565 -4.56378 0.996059 -0.00864347 -0.0882653 370.057
-0.128191 0.087493 -0.987883 -21.9818 0.00917731 0.996163 0.0870355 -4.4196 0.991708 0.00209105 -0.128503 369.678
-0.130875 0.0659995 -0.989199 -24.669 0.0139298 0.997806 0.0647308 -4.2152 0.9913 -0.00530769 -0.131507 369.329
-0.125975 0.0736131 -0.989297 -26.9201 0.00792944 0.997286 0.0731977 -4.06663 0.992 0.00137662 -0.126217 369.039
-0.11571 0.0714616 -0.990707 -28.5078 -0.00864194 0.997298 0.0729463 -3.9512 0.993243 0.0170025 -0.11478 368.83
-0.0995955 0.071982 -0.992421 -30.1725 -0.0204898 0.99702 0.0743718 -3.82699 0.994817 0.0277416 -0.0978238 368.649
-0.0830369 0.0766719 -0.993593 -31.9155 -0.0325032 0.996297 0.079597 -3.69702 0.996016 0.0389044 -0.0802373 368.487
-0.0606817 0.0711459 -0.995618 -34.6661 -0.0335766 0.996747 0.073273 -3.48408 0.997592 0.0378758 -0.0580954 368.312
-0.0505503 0.0829526 -0.99527 -37.5289 -0.0298605 0.995974 0.0845278 -3.26948 0.998274 0.0339923 -0.0478697 368.159
-0.049906 0.0814135 -0.995429 -39.4636 -0.0312658 0.996056 0.0830322 -3.11693 0.998264 0.0352668 -0.0471638 368.05
-0.0480056 0.0777755 -0.995813 -42.4999 -0.0327526 0.996305 0.0793928 -2.88826 0.998309 0.0364269 -0.0452809 367.894
-0.045398 0.0727908 -0.996313 -44.5686 -0.0342768 0.996641 0.0743766 -2.74002 0.998381 0.037527 -0.0427505 367.795
-0.0429826 0.0727507 -0.996423 -46.7285 -0.0344053 0.996646 0.0742511 -2.59474 0.998483 0.0374738 -0.0403354 367.693
-0.0405498 0.0729692 -0.996509 -48.9093 -0.0345334 0.996632 0.0743834 -2.457 0.99858 0.0374292 -0.0378934 367.601
-0.0381621 0.0734746 -0.996567 -51.0917 -0.0346606 0.996596 0.074804 -2.3184 0.99867 0.0373963 -0.0354855 367.503
-0.0358262 0.0743839 -0.996586 -53.2966 -0.0347897 0.996529 0.0756302 -2.16957 0.998752 0.0373805 -0.0331141 367.404
-0.0335429 0.0757013 -0.996566 -55.4932 -0.0349207 0.99643 0.0768663 -2.02214 0.998827 0.0373791 -0.0307796 367.306
-0.0352626 0.073949 -0.996639 -57.6652 -0.0352018 0.996548 0.0751878 -1.88441 0.998758 0.0377348 -0.0325378 367.227
-0.0362155 0.0733799 -0.996647 -59.8751 -0.0355403 0.996575 0.0746661 -1.74074 0.998712 0.0381252 -0.0334835 367.143
-0.036438 0.0739569 -0.996595 -62.0345 -0.0359332 0.996516 0.0752648 -1.60566 0.998689 0.0385534 -0.0336536 367.054
-0.0359595 0.0756587 -0.996485 -64.1901 -0.0363814 0.99637 0.0769629 -1.47491 0.99869 0.0390211 -0.0330764 366.96
-0.0347428 0.078516 -0.996306 -66.3393 -0.0368843 0.996129 0.0797882 -1.33485 0.998715 0.0395202 -0.0317123 366.878
-0.0224664 0.0776065 -0.996731 -69.5149 -0.0397823 0.996124 0.078456 -1.13263 0.998956 0.0414149 -0.019292 366.776
-0.0182193 0.0808455 -0.99656 -71.6335 -0.0392341 0.9959 0.0815093 -0.994322 0.999063 0.0405842 -0.0149727 366.734
-0.00573762 0.0908625 -0.995848 -74.7407 -0.0392566 0.995075 0.0910183 -0.774658 0.999213 0.0396157 -0.00214241 366.719
0.00392653 0.0818354 -0.996638 -77.6989 -0.0328124 0.99612 0.0816636 -0.563531 0.999454 0.0323815 0.00659651 366.723
0.00235006 0.0781524 -0.996938 -79.5843 -0.0318881 0.99644 0.0780382 -0.446959 0.999488 0.0316071 0.00483383 366.735
0.00362246 0.0750509 -0.997174 -82.239 -0.0319784 0.996678 0.0748975 -0.290488 0.999483 0.0316166 0.00601044 366.739
-0.0102575 0.0731519 -0.997268 -84.8328 -0.0194646 0.997117 0.073341 -0.137265 0.999758 0.0201637 -0.00880404 366.741
-0.0472641 0.0730719 -0.996208 -87.4226 -0.014758 0.997161 0.0738421 0.026168 0.998776 0.0181919 -0.0460516 366.662
-0.0872828 0.0601871 -0.994363 -89.9843 -0.0193102 0.997883 0.0620952 0.179246 0.995995 0.0246213 -0.0859358 366.456
-0.107823 0.0574765 -0.992505 -92.5932 -0.0276921 0.997766 0.0607896 0.31629 0.993782 0.0340393 -0.10599 366.162
-0.108601 0.0578237 -0.992402 -95.2631 -0.0276602 0.997745 0.061162 0.45961 0.9937 0.0340923 -0.106757 365.84
-0.101045 0.0869047 -0.991078 -98.073 -0.0326313 0.995352 0.0906063 0.640093 0.994346 0.0414956 -0.0977398 365.554
-0.0876906 0.0843005 -0.992574 -99.9982 -0.0453039 0.995044 0.0885127 0.803903 0.995117 0.0527293 -0.0834369 365.354
-0.070669 0.0754158 -0.994644 -101.976 -0.0495716 0.99564 0.0790134 0.976659 0.996267 0.05489 -0.0666224 365.186
-0.0570242 0.0905639 -0.994256 -104.111 -0.0440294 0.99468 0.0931277 1.14893 0.997401 0.0490871 -0.0527333 365.068
-0.047761 0.072018 -0.996259 -106.276 -0.0461659 0.996172 0.0742249 1.33277 0.997791 0.0495383 -0.0442534 364.963
-0.0384246 0.0805406 -0.99601 -108.483 -0.0593217 0.994805 0.0827317 1.48661 0.997499 0.062264 -0.0334472 364.847
-0.0266702 0.0636178 -0.997617 -110.746 -0.0596475 0.996093 0.0651152 1.64163 0.997863 0.0612421 -0.0227713 364.771
-0.0139243 0.0622899 -0.997961 -113.076 -0.0485094 0.99684 0.0628967 1.7853 0.998726 0.0492863 -0.0108586 364.737
0.000150391 0.0795184 -0.996833 -115.467 -0.0462878 0.995765 0.0794262 1.93777 0.998928 0.0461292 0.00383048 364.729
0.00901084 0.0771261 -0.99698 -117.814 -0.0475181 0.995928 0.0766152 2.10586 0.998829 0.0466842 0.012639 364.741
0.00993665 0.0766798 -0.997007 -120.143 -0.0474052 0.995971 0.0761276 2.25722 0.998827 0.0465068 0.0135316 364.772
0.0117921 0.0753841 -0.997085 -122.481 -0.0473509 0.996078 0.0747479 2.41751 0.998809 0.0463314 0.0153153 364.788
0.0108564 0.0622069 -0.998004 -124.796 -0.0378569 0.997373 0.0617557 2.5568 0.999224 0.0371109 0.0131829 364.814
0.00211341 0.0570937 -0.998367 -127.123 -0.0230265 0.998107 0.0570301 2.67259 0.999733 0.0228684 0.00342408 364.841
-0.00713174 0.0613335 -0.998092 -129.438 -0.0240186 0.997819 0.0614883 2.78361 0.999686 0.0244113 -0.00564304 364.82
-0.0102706 0.053872 -0.998495 -131.772 -0.0356643 0.997893 0.0542063 2.90217 0.999311 0.0361674 -0.00832764 364.774
-0.00778331 0.0541144 -0.998504 -134.122 -0.0358272 0.997878 0.0543598 3.00159 0.999328 0.0361968 -0.00582802 364.743
-0.0130197 0.0691672 -0.99752 -136.472 -0.0289281 0.997161 0.0695199 3.10837 0.999497 0.0297615 -0.0109819 364.726
-0.017148 0.0715294 -0.997291 -137.647 -0.0287548 0.99699 0.0720023 3.17503 0.999439 0.0299116 -0.0150396 364.709
-0.0265275 0.0619886 -0.997725 -139.939 -0.0346904 0.997417 0.0628918 3.29982 0.999046 0.0362798 -0.0243086 364.658
-0.032186 0.0615878 -0.997582 -141.081 -0.0352221 0.99741 0.0627136 3.36485 0.99886 0.0371555 -0.0299334 364.628
-0.0371132 0.0612684 -0.997432 -142.221 -0.0357894 0.997397 0.062598 3.41972 0.99867 0.0380206 -0.0348239 364.586
-0.0465905 0.0708267 -0.996399 -144.486 -0.0288587 0.996971 0.0722168 3.54944 0.998497 0.0321195 -0.0444054 364.516
-0.0485991 0.0708977 -0.996299 -146.734 -0.0296019 0.996937 0.0723871 3.68412 0.99838 0.0330103 -0.0463515 364.388
-0.049894 0.0710548 -0.996223 -147.846 -0.0303858 0.996896 0.0726246 3.74455 0.998291 0.0338946 -0.0475801 364.321
-0.0542758 0.0631207 -0.996529 -150.053 -0.0323688 0.997364 0.0649365 3.87103 0.998001 0.0357809 -0.0520897 364.196
-0.055562 0.0760626 -0.995555 -153.411 -0.0277732 0.996591 0.0776918 4.05308 0.99807 0.0319664 -0.0532601 363.998
-0.0519161 0.0768359 -0.995692 -155.603 -0.0288524 0.996504 0.078403 4.19993 0.998235 0.0327985 -0.0495177 363.87
-0.0496835 0.0777996 -0.99573 -158.847 -0.0308287 0.996367 0.0793876 4.40485 0.998289 0.0346413 -0.0471045 363.691
-0.0481898 0.0682643 -0.996504 -160.962 -0.027863 0.997182 0.0696583 4.53528 0.99845 0.0311223 -0.0461519 363.58
-0.0481871 0.0683028 -0.996501 -163.085 -0.0297024 0.99712 0.0697816 4.66142 0.998397 0.032961 -0.0460196 363.477
-0.0491983 0.0679504 -0.996475 -165.176 -0.0314827 0.997082 0.0695462 4.78071 0.998293 0.0347933 -0.0469154 363.367
-0.0428375 0.0603085 -0.99726 -167.268 -0.04488 0.997053 0.0622238 4.89524 0.998074 0.0474226 -0.0400046 363.235
-0.0332343 0.0656934 -0.997286 -169.4 -0.0490284 0.996529 0.0672774 5.00767 0.998244 0.0511313 -0.0298981 363.124
-0.0181728 0.0614349 -0.997946 -172.603 -0.0389594 0.997309 0.0621052 5.18612 0.999076 0.040008 -0.0157304 363.061
-0.00802428 0.0572575 -0.998327 -174.761 -0.0294797 0.997912 0.0574707 5.29584 0.999533 0.0298915 -0.00631959 363.037
-0.000146506 0.068141 -0.997675 -176.927 -0.0179963 0.997514 0.0681326 5.40888 0.999838 0.0179645 0.00108015 363.041
0.00107472 0.0677819 -0.9977 -179.115 -0.0177321 0.997545 0.0677522 5.54391 0.999843 0.0176185 0.002274 363.049
0.00226973 0.067422 -0.997721 -180.199 -0.0174636 0.997575 0.0673724 5.60255 0.999844 0.017271 0.00344166 363.038
0.00879649 0.0697603 -0.997526 -182.385 -0.0296093 0.997144 0.0694725 5.73075 0.999524 0.0289249 0.0108369 363.023
0.0186074 0.0651651 -0.9977 -184.608 -0.0399793 0.997124 0.0643818 5.86669 0.999027 0.0386894 0.0211591 363.03
0.0294805 0.0676961 -0.997271 -186.847 -0.0442851 0.996813 0.0663559 5.99016 0.998584 0.042208 0.0323845 363.059
0.0304343 0.0673765 -0.997263 -189.121 -0.0439933 0.996849 0.0660059 6.12207 0.998568 0.0418641 0.0333026 363.144
0.0313236 0.0670581 -0.997258 -191.398 -0.0436964 0.996885 0.0656605 6.25015 0.998554 0.0415198 0.0341562 363.219
0.032148 0.0667423 -0.997253 -193.671 -0.0433985 0.99692 0.065321 6.36856 0.998541 0.0411792 0.0349455 363.293
0.0329136 0.0664277 -0.997248 -195.94 -0.0430955 0.996955 0.0649859 6.48626 0.998528 0.040838 0.0356761 363.368
0.0336147 0.0661145 -0.997246 -198.193 -0.0427904 0.99699 0.0646552 6.60118 0.998518 0.0404991 0.0363425 363.446
0.0342541 0.065804 -0.997244 -200.449 -0.0424816 0.997024 0.0643303 6.71564 0.998509 0.040161 0.0369476 363.526
0.034832 0.0654963 -0.997244 -202.68 -0.0421694 0.997058 0.0640111 6.8261 0.998503 0.0398236 0.0374914 363.61
0.0435735 0.0714928 -0.996489 -204.9 -0.0423024 0.996674 0.0696563 6.94194 0.998155 0.0391187 0.0464529 363.692
0.0550024 0.0740347 -0.995738 -207.085 -0.047408 0.996316 0.071459 7.0601 0.99736 0.0432756 0.0583096 363.799
0.0690509 0.0705997 -0.995112 -209.214 -0.0494363 0.996509 0.0672685 7.17203 0.996387 0.0445497 0.0723001 363.933
0.0812359 0.0702775 -0.994214 -211.281 -0.0473544 0.996657 0.0665809 7.2735 0.995569 0.0416717 0.0842922 364.092
0.0815231 0.0699788 -0.994212 -213.269 -0.0470129 0.996692 0.0662984 7.36668 0.995562 0.0413359 0.0845433 364.27
0.0869392 0.0770725 -0.993228 -215.224 -0.0428971 0.996368 0.0735613 7.46497 0.99529 0.0362112 0.0899296 364.44
0.0871235 0.0767773 -0.993234 -217.109 -0.0425507 0.996403 0.0732898 7.55856 0.995288 0.0358776 0.090077 364.616
0.09259 0.067308 -0.993427 -218.915 -0.0465662 0.996914 0.0632041 7.66688 0.994616 0.040408 0.0954385 364.78
0.103128 0.0883504 -0.990737 -220.654 -0.0543528 0.99506 0.0830781 7.75042 0.993183 0.0452816 0.107421 364.943
0.120611 0.0831554 -0.989212 -222.289 -0.0605212 0.995248 0.0762837 7.85536 0.990854 0.0506675 0.12507 365.124
0.142846 0.0812842 -0.986401 -223.814 -0.0576963 0.995611 0.0736878 7.93449 0.988061 0.0463857 0.146909 365.354
0.206306 0.0651919 -0.976313 -226.551 -0.0439677 0.997388 0.0573083 8.06796 0.977499 0.0311033 0.208634 365.926
0.254681 0.0631287 -0.964962 -229.488 -0.0167564 0.998005 0.0608679 8.1802 0.966879 0.000667417 0.255231 366.723
0.2545 0.0628542 -0.965028 -231.047 -0.0163536 0.998023 0.0606904 8.25372 0.966935 0.000335984 0.255025 367.148
0.23324 0.0665604 -0.970139 -232.48 -0.0164602 0.997782 0.0644996 8.3097 0.97228 0.000924777 0.233819 367.493
0.197262 0.0619784 -0.978389 -233.755 -0.0113791 0.998077 0.0609313 8.37616 0.980284 -0.000886233 0.197588 367.741
0.113291 0.0648914 -0.99144 -235.4 -0.0138902 0.997871 0.063725 8.45226 0.993464 0.00655192 0.113951 367.912
0.0346902 0.0672641 -0.997131 -236.979 -0.0172491 0.997624 0.0666972 8.53204 0.999249 0.014886 0.0357681 367.952
-0.00465618 0.0646303 -0.997898 -238.605 -0.0322983 0.997379 0.0647474 8.62456 0.999467 0.0325319 -0.00255653 367.902
-0.00506866 0.0643617 -0.997914 -239.461 -0.0319432 0.997407 0.0644912 8.672 0.999477 0.0322034 -0.0029996 367.888
-0.00550124 0.0640942 -0.997929 -240.33 -0.0315861 0.997435 0.0642366 8.71807 0.999486 0.031874 -0.00346265 367.884
0.015749 0.0622953 -0.997934 -241.618 -0.0438798 0.997139 0.0615532 8.78813 0.998913 0.0428197 0.0184375 367.898
0.0572934 0.0670016 -0.996107 -243.334 -0.051672 0.996607 0.0640632 8.8792 0.99702 0.0478004 0.0605611 368.006
0.135965 0.0615448 -0.9888 -246.402 -0.0586948 0.996816 0.0539729 9.01482 0.988973 0.050699 0.139145 368.372
-0.0217081 0.0497728 -0.998524 -249.915 -0.0378452 0.998003 0.0505695 9.14615 0.999047 0.0388871 -0.0197811 368.671
-0.330477 0.0560776 -0.942145 -252.495 -0.0237786 0.997422 0.0677085 9.3096 0.943513 0.0447791 -0.328291 367.993
-0.587237 0.0562572 -0.807458 -254.493 0.00890747 0.99797 0.0630525 9.46084 0.809367 0.0298343 -0.586547 366.781
-0.72502 0.0658517 -0.685572 -255.578 0.025911 0.997322 0.0683945 9.54251 0.68824 0.0318235 -0.724785 365.592
-0.839883 0.076218 -0.537387 -256.567 0.0463548 0.996547 0.0688927 9.64607 0.540782 0.0329514 -0.840515 364.119
-0.892541 0.0739633 -0.444855 -257.088 0.0491411 0.996536 0.0670928 9.74259 0.448276 0.0380225 -0.893084 362.971
-0.92832 0.0741843 -0.364302 -257.566 0.0532399 0.996317 0.0672168 9.82281 0.367947 0.0430034 -0.92885 361.705
-0.953748 0.0766977 -0.290661 -257.985 0.0599099 0.996004 0.0662363 9.91033 0.29458 0.0457592 -0.954532 360.33
-0.969861 0.0808038 -0.229878 -258.335 0.0698616 0.996019 0.0553607 9.99684 0.233437 0.0376324 -0.971645 358.862
-0.98057 0.0854367 -0.17658 -258.632 0.078783 0.995904 0.0443673 10.0811 0.179647 0.0295938 -0.983284 357.297
-0.987523 0.0961816 -0.124683 -258.873 0.09096 0.994748 0.0469302 10.1543 0.128542 0.0350036 -0.991085 355.625
-0.99189 0.0952267 -0.0841975 -259.02 0.0915958 0.994734 0.045992 10.2332 0.0881337 0.0379068 -0.995389 353.868
-0.994669 0.0811199 -0.0636428 -259.113 0.0787726 0.996146 0.0385676 10.3058 0.0665262 0.0333487 -0.997226 352.027
-0.994764 0.0808737 -0.0624599 -259.268 0.0785917 0.996176 0.0381719 10.4203 0.0653081 0.0330633 -0.997316 349.078
-0.99486 0.0806276 -0.0612508 -259.402 0.0784107 0.996205 0.0377775 10.4958 0.0640643 0.0327806 -0.997407 347.009
-0.994956 0.0803834 -0.0600115 -259.526 0.0782318 0.996234 0.0373842 10.5714 0.0627905 0.0325008 -0.997498 344.872
-0.995052 0.0801392 -0.058746 -259.638 0.0780529 0.996263 0.0369901 10.6453 0.0614908 0.0322217 -0.997589 342.681
-0.995145 0.0798948 -0.0574484 -259.76 0.077874 0.996291 0.0365969 10.7083 0.0601592 0.0319456 -0.997676 340.448
-0.995241 0.0796505 -0.0561226 -259.876 0.0776951 0.99632 0.036205 10.7659 0.0587998 0.0316723 -0.997767 338.17
-0.995338 0.0794083 -0.0547665 -259.991 0.0775182 0.996347 0.0358162 10.8421 0.0574106 0.0314038 -0.997858 335.847
-0.995496 0.0829973 -0.045847 -260.105 0.0808442 0.995619 0.0469768 10.92 0.0495451 0.0430587 -0.997845 333.463
-0.995581 0.0827397 -0.0444324 -260.207 0.0806664 0.995652 0.0465884 11.0042 0.0480939 0.0427983 -0.997926 331.072
-0.996341 0.0753581 -0.0403497 -260.295 0.0745616 0.996997 0.0208959 11.0663 0.0418032 0.0178109 -0.998969 328.704
-0.996996 0.0703358 -0.0324513 -260.368 0.0693068 0.997088 0.0318137 11.0886 0.0345944 0.029469 -0.998967 326.333
-0.997481 0.0677885 -0.020893 -260.422 0.066819 0.996792 0.044052 11.1564 0.0238122 0.042545 -0.99881 323.983
-0.997677 0.0674538 -0.00949138 -260.443 0.0670213 0.99694 0.0402257 11.232 0.0121757 0.0394961 -0.999145 321.603
-0.997707 0.0672364 0.00781128 -260.422 0.0674984 0.996901 0.040401 11.2922 -0.00507066 0.0408356 -0.999154 319.269
-0.997363 0.0702299 0.0183701 -260.413 0.0709525 0.996587 0.0421979 11.3588 -0.0153439 0.04339 -0.998942 316.904
-0.996914 0.0718921 0.0315487 -260.346 0.0731747 0.996452 0.0415832 11.4245 -0.0284473 0.0437634 -0.998638 314.577
-0.99617 0.0752199 0.044589 -260.269 0.0770246 0.996217 0.0402385 11.4924 -0.0413936 0.0435188 -0.998195 312.239
-0.995491 0.0767004 0.0558184 -260.143 0.0788883 0.996155 0.0381066 11.5523 -0.052681 0.0423382 -0.997714 309.931
-0.994362 0.0823606 0.0667696 -260.006 0.0848331 0.995778 0.0350765 11.6025 -0.0635988 0.0405431 -0.99715 307.641
-0.9931 0.0871907 0.0784278 -259.84 0.0901105 0.995334 0.034487 11.6555 -0.0750549 0.0413162 -0.996324 305.356
-0.991902 0.0899835 0.0896206 -259.648 0.0933896 0.99503 0.0345574 11.7123 -0.0860656 0.0426473 -0.995376 303.078
-0.991768 0.0897214 0.0913725 -259.432 0.0931711 0.995062 0.034208 11.7534 -0.0878522 0.0424396 -0.99523 300.823
-0.991625 0.0894591 0.0931442 -259.203 0.0929524 0.995095 0.0338579 11.7987 -0.0896584 0.0422324 -0.995077 298.564
-0.991479 0.0891969 0.0949357 -258.974 0.0927335 0.995127 0.0335074 11.8478 -0.0914843 0.0420256 -0.994919 296.297
-0.991329 0.0889366 0.0967492 -258.759 0.0925166 0.995159 0.0331601 11.8979 -0.0933317 0.0418235 -0.994758 294.006
-0.991171 0.088674 0.0985844 -258.519 0.0922975 0.995191 0.0328144 11.9501 -0.0952005 0.0416237 -0.994589 291.725
-0.991006 0.0884115 0.100437 -258.287 0.0920781 0.995222 0.0324682 11.9951 -0.0970869 0.0414243 -0.994412 289.434
-0.99084 0.088151 0.102312 -258.036 0.0918607 0.995254 0.0321234 12.0418 -0.0989949 0.0412276 -0.994235 287.129
-0.990667 0.0878885 0.104197 -257.915 0.091641 0.995285 0.0317806 12.0695 -0.100912 0.0410327 -0.99405 285.972
-0.990485 0.0876261 0.106103 -257.666 0.0914209 0.995316 0.0314373 12.1162 -0.102851 0.0408383 -0.993857 283.635
-0.9903 0.0873654 0.108029 -257.397 0.0912029 0.995347 0.0310973 12.1567 -0.10481 0.0406483 -0.99366 281.313
-0.990111 0.0871029 0.109975 -257.114 0.0909826 0.995377 0.0307571 12.2062 -0.106788 0.0404588 -0.993459 278.969
-0.989586 0.0808252 0.119098 -256.832 0.0847155 0.996013 0.0279645 12.2558 -0.116363 0.0377627 -0.992487 276.611
-0.98937 0.0805685 0.121073 -256.674 0.0844929 0.996041 0.0276286 12.2779 -0.118368 0.0375647 -0.99226 275.426
-0.988105 0.0786197 0.132177 -256.372 0.0829712 0.996166 0.0277342 12.322 -0.129489 0.0383711 -0.99084 273.053
-0.987853 0.0783615 0.134178 -256.204 0.0827451 0.996194 0.0274026 12.3405 -0.13152 0.0381724 -0.990577 271.869
-0.987597 0.0781035 0.13619 -256.038 0.0825185 0.996222 0.0270711 12.3558 -0.133561 0.0379736 -0.990311 270.67
-0.985782 0.0775938 0.149051 -255.695 0.0830171 0.996081 0.0305055 12.3954 -0.1461 0.0424455 -0.98836 268.281
-0.983983 0.0745427 0.16193 -255.307 0.0809044 0.996174 0.033046 12.4399 -0.158847 0.0456176 -0.986249 265.888
-0.981915 0.0725915 0.174851 -254.893 0.0787477 0.996486 0.0285218 12.4972 -0.172166 0.0417751 -0.984182 263.49
-0.979273 0.0734282 0.188762 -254.456 0.0795089 0.996525 0.0248355 12.5326 -0.186282 0.039329 -0.981708 261.087
-0.97711 0.0701702 0.200832 -253.957 0.0771291 0.996655 0.0270282 12.5719 -0.198263 0.0418994 -0.979254 258.673
-0.9767 0.0699032 0.202915 -253.693 0.0768841 0.996682 0.0267167 12.5931 -0.200374 0.041695 -0.978834 257.451
-0.976282 0.0696346 0.205007 -253.429 0.0766366 0.996709 0.0264055 12.6125 -0.202494 0.0414902 -0.978406 256.229
-0.973326 0.0733315 0.217388 -252.917 0.0803015 0.996496 0.0233912 12.6481 -0.214911 0.0402239 -0.975804 253.799
-0.972873 0.0730673 0.219495 -252.64 0.0800519 0.996523 0.0230853 12.6639 -0.217045 0.0400301 -0.97534 252.596
-0.96912 0.0785929 0.233733 -252.079 0.0863162 0.996003 0.0229833 12.6834 -0.230992 0.0424485 -0.97203 250.173
-0.966153 0.0780511 0.24588 -251.488 0.087156 0.995846 0.0263507 12.7056 -0.242802 0.0468887 -0.968942 247.799
-0.965629 0.0777688 0.248012 -250.864 0.0868972 0.995876 0.026057 12.7373 -0.244963 0.046713 -0.968405 245.403
-0.963088 0.0811364 0.256668 -250.236 0.0883603 0.995948 0.0167185 12.7634 -0.254271 0.0387806 -0.966355 243.013
-0.962535 0.0808713 0.258822 -249.593 0.0880987 0.995976 0.0164286 12.7781 -0.256452 0.038615 -0.965787 240.602
-0.96197 0.0806058 0.260987 -248.932 0.0878371 0.996004 0.0161428 12.7931 -0.258643 0.0384532 -0.965206 238.215
-0.961402 0.0803406 0.263161 -248.281 0.0875751 0.996032 0.0158572 12.8015 -0.260842 0.0382914 -0.964622 235.831
-0.958021 0.0829466 0.274431 -247.616 0.0893443 0.995941 0.0108729 12.8109 -0.272416 0.0349354 -0.961544 233.457
-0.954395 0.0850837 0.28617 -246.913 0.0910474 0.995818 0.00757309 12.8029 -0.284329 0.0332827 -0.95815 231.112
-0.953758 0.0848292 0.288355 -246.544 0.0907793 0.995844 0.00729945 12.7994 -0.286538 0.0331386 -0.957495 229.931
-0.94979 0.0871104 0.300513 -245.835 0.095739 0.995307 0.0140774 12.7964 -0.297876 0.0421414 -0.953672 227.571
-0.945985 0.0914422 0.311049 -245.085 0.099808 0.994945 0.0110493 12.8013 -0.308467 0.0414976 -0.95033 225.203
-0.943203 0.0922389 0.319156 -244.297 0.0984925 0.995132 0.00347345 12.7849 -0.317282 0.0347107 -0.947696 222.864
-0.942482 0.0919746 0.321355 -243.483 0.098213 0.99516 0.00321918 12.7613 -0.319504 0.0345952 -0.946954 220.526
-0.941754 0.0917123 0.323558 -242.666 0.0979354 0.995188 0.00296688 12.743 -0.321729 0.0344818 -0.946204 218.195
-0.941017 0.0914479 0.325767 -241.875 0.0976556 0.995217 0.00271713 12.7136 -0.323961 0.0343699 -0.945446 215.882
-0.940273 0.0911831 0.327981 -241.058 0.0973761 0.995245 0.00247165 12.6824 -0.326196 0.0342616 -0.944681 213.576
-0.939522 0.0909163 0.3302 -240.247 0.0970945 0.995273 0.00222882 12.6634 -0.328436 0.0341547 -0.943908 211.276
-0.938762 0.0906494 0.332425 -239.419 0.0968128 0.995301 0.00198821 12.6349 -0.330683 0.0340495 -0.943127 208.99
-0.937995 0.090382 0.334657 -238.603 0.0965314 0.995328 0.0017518 12.6083 -0.332935 0.0339481 -0.942338 206.692
-0.934514 0.0874324 0.34502 -237.768 0.095167 0.995446 0.0055087 12.5826 -0.342968 0.0379825 -0.938579 204.402
-0.933715 0.0871534 0.34725 -237.334 0.0948814 0.995475 0.00527912 12.5712 -0.345218 0.0378767 -0.937759 203.263
-0.930743 0.0799095 0.356831 -236.467 0.0858499 0.996308 0.000812343 12.5509 -0.355449 0.03139 -0.934167 200.991
-0.927092 0.0752473 0.367198 -235.578 0.0800313 0.99679 -0.00220387 12.5217 -0.366185 0.0273442 -0.930138 198.732
-0.92623 0.0749905 0.369422 -235.125 0.0797392 0.996813 -0.00242144 12.5097 -0.368426 0.0272146 -0.929258 197.613
-0.925361 0.0747352 0.371646 -234.667 0.0794495 0.996835 -0.00263488 12.4877 -0.370667 0.0270889 -0.92837 196.492
-0.924488 0.0744788 0.373869 -234.204 0.079157 0.996858 -0.00284921 12.4726 -0.372906 0.0269603 -0.927478 195.373
-0.923603 0.0742223 0.376093 -233.747 0.0788644 0.996881 -0.00306109 12.4573 -0.375147 0.0268332 -0.926575 194.293
-0.918423 0.0750569 0.388414 -232.833 0.0791367 0.996849 -0.00550791 12.4188 -0.387603 0.0256792 -0.921469 192.056
-0.913505 0.0746398 0.399925 -231.884 0.078136 0.996914 -0.0075813 12.3775 -0.399257 0.0243229 -0.916518 189.824
-0.912553 0.074387 0.402132 -231.404 0.0778384 0.996936 -0.00777645 12.3532 -0.401478 0.0242049 -0.915547 188.747
-0.911598 0.0741321 0.404342 -230.437 0.0775391 0.996957 -0.00796869 12.3024 -0.403702 0.024088 -0.914572 186.597
-0.906799 0.0765001 0.414568 -229.467 0.0816264 0.996649 -0.00536721 12.2648 -0.413589 0.0289727 -0.910004 184.429
-0.902029 0.0809561 0.424019 -228.47 0.0865951 0.996226 -0.00598868 12.2166 -0.422903 0.031316 -0.905634 182.275
-0.897124 0.0829464 0.433923 -227.449 0.0903388 0.995905 -0.00359883 12.168 -0.432444 0.0359715 -0.900943 180.128
-0.892373 0.0863428 0.44296 -226.419 0.0915881 0.995751 -0.00958343 12.1216 -0.441905 0.0320179 -0.896489 178.016
-0.891321 0.0860635 0.445129 -225.343 0.0912812 0.995777 -0.00974825 12.0729 -0.444088 0.0319431 -0.895413 175.883
-0.890262 0.0857836 0.447296 -224.257 0.0909749 0.995804 -0.00990849 12.0199 -0.446269 0.0318716 -0.89433 173.749
-0.885388 0.0850178 0.457009 -223.162 0.0883066 0.995992 -0.0142038 11.9715 -0.456384 0.0277811 -0.889347 171.603
-0.880041 0.0902093 0.466252 -222.045 0.0919139 0.995583 -0.0191374 11.9068 -0.465919 0.0260134 -0.884446 169.468
-0.873563 0.0954939 0.477248 -220.918 0.0990592 0.994923 -0.017757 11.8401 -0.47652 0.0317639 -0.878588 167.321
-0.867803 0.0976776 0.487215 -219.726 0.0995614 0.994786 -0.0221025 11.7658 -0.486834 0.0293272 -0.873003 165.168
-0.866647 0.0973968 0.489325 -219.124 0.0992479 0.994814 -0.0222326 11.7272 -0.488952 0.0292966 -0.871819 164.095
-0.861335 0.0934424 0.499371 -217.906 0.0977963 0.995052 -0.0175115 11.6531 -0.498536 0.0337533 -0.866212 161.975
-0.860154 0.0931491 0.501458 -217.282 0.0974811 0.995081 -0.0176332 11.6115 -0.500634 0.0337154 -0.865003 160.912
-0.858965 0.0928541 0.503541 -216.647 0.0971638 0.99511 -0.0177535 11.5788 -0.502727 0.0336764 -0.863787 159.852
-0.857777 0.0925604 0.505619 -216.016 0.0968494 0.995139 -0.0178695 11.5468 -0.504815 0.0336408 -0.862572 158.811
-0.856586 0.092263 0.507692 -215.391 0.0965311 0.995167 -0.0179837 11.5007 -0.506897 0.0336034 -0.861352 157.769
-0.855387 0.0919667 0.50976 -214.759 0.0962155 0.995196 -0.0180937 11.4616 -0.508975 0.0335697 -0.860126 156.717
-0.854188 0.0916688 0.51182 -213.497 0.095898 0.995225 -0.0182021 11.3844 -0.511045 0.0335345 -0.8589 154.63
-0.849508 0.086491 0.520436 -212.24 0.0919717 0.995643 -0.0153399 11.3128 -0.519495 0.034834 -0.853762 152.539
-0.848288 0.0861858 0.522471 -210.941 0.0916529 0.995671 -0.0154354 11.2424 -0.52154 0.0347923 -0.852516 150.467
-0.842504 0.0893571 0.531227 -209.665 0.0930189 0.995465 -0.0199219 11.1713 -0.530598 0.0326299 -0.846995 148.405
-0.837583 0.0893915 0.538949 -208.365 0.0892835 0.995657 -0.0263865 11.0915 -0.538967 0.0260184 -0.841926 146.372
-0.836321 0.0891028 0.540948 -207.705 0.0889628 0.995683 -0.0264657 11.0446 -0.540971 0.0259904 -0.840638 145.367
-0.830168 0.0895956 0.55027 -206.393 0.0913623 0.995522 -0.0242582 10.9519 -0.549979 0.0301355 -0.834636 143.361
-0.822676 0.090408 0.561276 -205.071 0.0911264 0.995479 -0.0267814 10.8609 -0.561159 0.0291146 -0.827195 141.372
-0.816413 0.0850612 0.571168 -203.702 0.0886315 0.99583 -0.0216161 10.7708 -0.570625 0.0329758 -0.820547 139.39
-0.808583 0.0898485 0.581481 -202.324 0.0950167 0.99524 -0.0216547 10.6921 -0.580658 0.0377407 -0.813271 137.425
-0.80068 0.0903021 0.592244 -200.927 0.0961547 0.995129 -0.0217357 10.6154 -0.591322 0.0395437 -0.805463 135.493
-0.793624 0.0846273 0.602496 -199.482 0.0908195 0.995662 -0.0202222 10.5387 -0.601593 0.0386695 -0.797867 133.566
-0.786085 0.0906658 0.611432 -198.017 0.0939241 0.995218 -0.026822 10.4602 -0.61094 0.0363439 -0.790842 131.657
-0.779071 0.0943892 0.619791 -196.541 0.0969118 0.99485 -0.0296906 10.3731 -0.619402 0.036934 -0.784206 129.751
-0.777676 0.0940622 0.621588 -195.011 0.0965905 0.994881 -0.0297054 10.2767 -0.6212 0.0369384 -0.78278 127.834
-0.77086 0.0941898 0.630001 -193.468 0.0990169 0.994704 -0.0275598 10.1764 -0.62926 0.041136 -0.776104 125.911
-0.763388 0.100945 0.638005 -191.914 0.102368 0.994137 -0.0348072 10.0836 -0.637779 0.0387397 -0.769246 124.003
-0.756528 0.0997486 0.646311 -190.322 0.0987113 0.994393 -0.0379255 9.977 -0.646471 0.0351065 -0.762132 122.105
-0.750556 0.0949931 0.653941 -188.685 0.0911569 0.995036 -0.0399166 9.85553 -0.654487 0.0296516 -0.75549 120.222
-0.743287 0.0922699 0.662577 -187.033 0.0897967 0.99524 -0.037861 9.73027 -0.662917 0.0313556 -0.748035 118.364
-0.741857 0.091942 0.664225 -185.354 0.0894787 0.99527 -0.0378286 9.60619 -0.664562 0.0313706 -0.746575 116.497
-0.740428 0.0916117 0.665865 -184.508 0.0891599 0.9953 -0.0377926 9.54698 -0.666198 0.0313858 -0.745116 115.563
-0.732778 0.0880894 0.674743 -182.819 0.0872063 0.995566 -0.0352667 9.42108 -0.674858 0.0329992 -0.737211 113.712
-0.724568 0.0917458 0.683072 -181.126 0.0880179 0.995303 -0.0403179 9.3021 -0.683562 0.0309095 -0.72924 111.856
-0.71406 0.0879487 0.69454 -178.458 0.0870123 0.995534 -0.0366056 9.11205 -0.694658 0.0342949 -0.718524 109.066
-0.707782 0.0820175 0.701654 -176.662 0.0789278 0.9962 -0.0368303 8.9855 -0.702008 0.0293122 -0.711566 107.234
-0.702992 0.0783803 0.706863 -174.82 0.0701787 0.996703 -0.0407245 8.85963 -0.707724 0.0209777 -0.706175 105.403
-0.701556 0.0780564 0.708328 -172.96 0.0698682 0.996728 -0.0406375 8.72434 -0.709182 0.0209801 -0.704715 103.565
-0.700132 0.0777319 0.709772 -171.118 0.0695591 0.996753 -0.0405471 8.59275 -0.710619 0.0209828 -0.703266 101.735
-0.698719 0.0774036 0.711196 -169.234 0.0692512 0.996779 -0.040449 8.46272 -0.712037 0.0209887 -0.701829 99.9127
-0.697322 0.0770722 0.712603 -167.355 0.0689437 0.996804 -0.0403451 8.33063 -0.713435 0.0209959 -0.700407 98.0784
-0.695936 0.0767396 0.713992 -165.454 0.0686385 0.99683 -0.0402362 8.20291 -0.714816 0.0210055 -0.698997 96.243
-0.695149 0.067438 0.715696 -163.549 0.0607355 0.99754 -0.0350035 8.07768 -0.716296 0.0191356 -0.697535 94.4071
-0.69379 0.0671039 0.717045 -161.66 0.0604329 0.997563 -0.0348829 7.95011 -0.717638 0.0191318 -0.696154 92.5767
-0.692634 0.0820312 0.71661 -159.784 0.0790783 0.996159 -0.0375991 7.82259 -0.716942 0.0306259 -0.696461 90.7227
-0.692236 0.0894163 0.716112 -157.912 0.0913187 0.995171 -0.0359868 7.69156 -0.715872 0.040483 -0.697059 88.8699
-0.690931 0.0890332 0.717418 -156.059 0.0910178 0.995204 -0.0358497 7.56808 -0.717169 0.0405281 -0.69572 87.0415
-0.68964 0.0886499 0.718704 -154.173 0.0907185 0.995236 -0.0357091 7.4475 -0.718445 0.0405732 -0.694397 85.2339
-0.688365 0.0882628 0.719975 -152.283 0.0904204 0.995269 -0.0355609 7.3173 -0.719707 0.0406216 -0.693089 83.4263
-0.687101 0.0878753 0.721226 -150.39 0.0901238 0.995301 -0.0354091 7.1898 -0.720948 0.04067 -0.691792 81.601
-0.685853 0.087484 0.722461 -148.514 0.0898285 0.995333 -0.0352496 7.05696 -0.722173 0.0407215 -0.690511 79.7936
-0.684619 0.0870906 0.723677 -146.632 0.0895329 0.995366 -0.0350859 6.94012 -0.723379 0.0407725 -0.689244 78.0011
-0.683401 0.0866961 0.724878 -144.767 0.0892397 0.995398 -0.0349171 6.82631 -0.724569 0.0408255 -0.687993 76.2312
-0.682194 0.0862977 0.72606 -142.87 0.0889477 0.99543 -0.0347405 6.70522 -0.72574 0.0408815 -0.686753 74.4481
-0.681003 0.0858998 0.727225 -140.983 0.0886564 0.995462 -0.0345625 6.58663 -0.726894 0.040936 -0.685528 72.6833
-0.679826 0.0854981 0.728373 -139.121 0.0883665 0.995495 -0.0343767 6.46697 -0.728031 0.0409936 -0.684319 70.9142
-0.678665 0.0850934 0.729503 -137.221 0.0880771 0.995527 -0.0341849 6.34787 -0.729149 0.0410524 -0.683124 69.1399
-0.677515 0.0846882 0.730615 -135.311 0.0877891 0.995559 -0.0339899 6.23044 -0.730248 0.0411114 -0.681941 67.3664
-0.676384 0.0842812 0.731711 -133.397 0.0875044 0.995591 -0.0337879 6.1078 -0.731333 0.0411744 -0.680777 65.6042
-0.675268 0.0838701 0.732788 -131.485 0.0872176 0.995623 -0.033581 5.98299 -0.732397 0.0412359 -0.679627 63.8274
-0.674167 0.0834579 0.733849 -129.594 0.0869332 0.995655 -0.033369 5.875 -0.733445 0.0412995 -0.678493 62.065
-0.673081 0.0830444 0.734892 -127.678 0.0866511 0.995687 -0.0331519 5.76167 -0.734475 0.0413653 -0.677373 60.3
-0.67201 0.0826279 0.735918 -125.754 0.0863695 0.995719 -0.032929 5.6409 -0.735488 0.0414323 -0.676269 58.549
-0.67218 0.080085 0.736044 -123.837 0.0774587 0.996284 -0.0376624 5.52102 -0.736325 0.031697 -0.675885 56.8256
-0.67113 0.0796798 0.737045 -122.882 0.0771782 0.996314 -0.0374326 5.45584 -0.737311 0.0317616 -0.674806 55.9578
-0.670098 0.0792708 0.738029 -120.971 0.0768992 0.996345 -0.0371953 5.32414 -0.73828 0.0318294 -0.673745 54.2278
-0.669078 0.0788604 0.738996 -119.056 0.0766225 0.996375 -0.0369529 5.19892 -0.739231 0.0318993 -0.672695 52.5022
-0.668065 0.0784474 0.739954 -118.103 0.0763453 0.996406 -0.0367072 5.1288 -0.740174 0.0319692 -0.671653 51.6421
-0.667064 0.0780339 0.740903 -117.151 0.0760697 0.996436 -0.0364587 5.06457 -0.741107 0.0320399 -0.670623 50.7828
-0.666078 0.0776171 0.741834 -115.237 0.0757946 0.996466 -0.0362046 4.94146 -0.742023 0.032112 -0.669607 49.0425
-0.665107 0.0771991 0.742748 -113.321 0.075522 0.996496 -0.0359455 4.8083 -0.742921 0.0321862 -0.668606 47.3185
-0.664143 0.0767777 0.743654 -112.352 0.0752497 0.996526 -0.0356812 4.75321 -0.74381 0.0322624 -0.667613 46.4483
-0.663399 0.0683999 0.745131 -110.397 0.0735865 0.99695 -0.0260008 4.6408 -0.744637 0.0375828 -0.666409 44.7155
-0.66247 0.0679676 0.745998 -108.455 0.0733154 0.996977 -0.0257277 4.53626 -0.745491 0.0376493 -0.66545 42.9993
-0.661556 0.067534 0.746847 -106.533 0.0730466 0.997004 -0.0254498 4.45572 -0.746328 0.0377181 -0.664507 41.2523
-0.66066 0.0670991 0.74768 -104.581 0.0727801 0.99703 -0.0251671 4.36979 -0.747148 0.0377893 -0.663582 39.5194
-0.65978 0.0666602 0.748495 -102.623 0.0725114 0.997057 -0.0248797 4.27148 -0.747951 0.0378593 -0.662672 37.7773
-0.658911 0.0662225 0.749301 -101.645 0.072246 0.997084 -0.0245906 4.22089 -0.748745 0.037931 -0.661773 36.9141
-0.658056 0.0657824 0.750089 -99.704 0.0719802 0.99711 -0.0242975 4.13812 -0.749519 0.0380024 -0.660889 35.204
-0.65722 0.0653385 0.750861 -97.7391 0.0717157 0.997136 -0.0239971 4.0441 -0.750279 0.0380772 -0.660024 33.4711
-0.656403 0.0648942 0.751616 -95.7738 0.0714527 0.997163 -0.0236936 3.94859 -0.751021 0.0381524 -0.659177 31.7389
-0.6556 0.0644468 0.752352 -93.7833 0.0711901 0.997189 -0.0233844 3.86121 -0.751744 0.0382291 -0.658345 30.0027
-0.654819 0.063999 0.75307 -91.7877 0.070929 0.997214 -0.0230722 3.77331 -0.752449 0.0383064 -0.657535 28.2692
-0.654054 0.0635481 0.753773 -89.8324 0.0706684 0.99724 -0.0227545 3.68844 -0.753139 0.0383853 -0.656739 26.556
-0.65331 0.0630942 0.754457 -87.8388 0.0704083 0.997266 -0.0224311 3.59942 -0.75381 0.0384656 -0.655966 24.8422
-0.652581 0.0626398 0.755124 -85.8377 0.0701496 0.997292 -0.0221047 3.50916 -0.754464 0.0385466 -0.655208 23.1106
-0.651874 0.0621843 0.755772 -83.8327 0.0698933 0.997317 -0.0217735 3.4171 -0.755099 0.0386299 -0.654471 21.3865
-0.651186 0.0617239 0.756404 -81.8346 0.0696356 0.997342 -0.0214358 3.32012 -0.755717 0.0387139 -0.653753 19.6643
-0.650516 0.061264 0.757019 -79.8483 0.0693819 0.997367 -0.0210942 3.21998 -0.756318 0.0388012 -0.653054 17.9704
-0.649864 0.0607993 0.757617 -77.8328 0.0691269 0.997392 -0.0207463 3.14513 -0.756902 0.0388894 -0.652372 16.2517
-0.649231 0.0603341 0.758195 -75.8556 0.0688732 0.997417 -0.0203953 3.05361 -0.757467 0.038978 -0.651709 14.5747
-0.64862 0.0598678 0.758756 -73.8733 0.0686219 0.997441 -0.0200396 2.97253 -0.758014 0.0390692 -0.651068 12.8832
-0.648023 0.0593983 0.7593 -71.9262 0.0683709 0.997466 -0.0196784 2.88263 -0.758545 0.039162 -0.650442 11.2152
-0.647449 0.0589258 0.759828 -69.9852 0.0681203 0.99749 -0.0193116 2.79232 -0.759059 0.0392565 -0.649838 9.54715
-0.646893 0.0584529 0.760339 -68.042 0.0678712 0.997514 -0.0189419 2.70606 -0.759556 0.0393517 -0.649252 7.88533
-0.646355 0.0579769 0.760833 -66.0956 0.0676224 0.997538 -0.0185668 2.632 -0.760036 0.0394486 -0.648684 6.20849
-0.645824 0.0575002 0.761317 -65.1275 0.0673748 0.997562 -0.0181892 2.59838 -0.760507 0.0395465 -0.648124 5.37369
-0.64671 0.0661338 0.759865 -63.1948 0.0701374 0.997169 -0.0270945 2.50501 -0.759506 0.0357727 -0.649518 3.72992
-0.646222 0.0656554 0.760322 -61.2791 0.0698915 0.997197 -0.0267072 2.40334 -0.759944 0.0358813 -0.648999 2.0859
-0.64574 0.0651771 0.760769 -60.328 0.069646 0.997225 -0.0263193 2.35999 -0.760373 0.0359892 -0.648487 1.27745
-0.645281 0.0646949 0.761202 -58.4324 0.0694019 0.997252 -0.0259241 2.25183 -0.760787 0.0361005 -0.647998 -0.324314
-0.644829 0.0642128 0.761627 -57.5017 0.0691581 0.997279 -0.0255284 2.19325 -0.761194 0.0362112 -0.647516 -1.10412
-0.644396 0.0637268 0.762034 -55.6546 0.0689156 0.997306 -0.0251253 2.1011 -0.761582 0.0363254 -0.647051 -2.68159
-0.64398 0.0632377 0.762425 -53.8519 0.0686735 0.997333 -0.0247168 1.98911 -0.761955 0.0364413 -0.646606 -4.19633
-0.643583 0.062748 0.762801 -52.0778 0.0684328 0.99736 -0.0243055 1.89618 -0.762312 0.036558 -0.646178 -5.67172
-0.643201 0.0622562 0.763162 -50.3558 0.0681951 0.997386 -0.0238878 1.79099 -0.762654 0.0366792 -0.645765 -7.1083
-0.642841 0.0617621 0.763507 -48.6446 0.0679569 0.997412 -0.0234666 1.7037 -0.762981 0.0368003 -0.645374 -8.53782
-0.642495 0.061264 0.763836 -46.99 0.0677199 0.997438 -0.0230381 1.61697 -0.763291 0.036925 -0.644998 -9.94182
-0.642168 0.0607655 0.764153 -45.3926 0.0674842 0.997464 -0.0226071 1.54144 -0.763589 0.0370508 -0.64464 -11.2783
-0.641851 0.0602645 0.764456 -43.8475 0.0672479 0.99749 -0.0221726 1.46299 -0.763874 0.0371766 -0.644293 -12.5663
-0.635743 0.0541956 0.769998 -42.3705 0.0625703 0.997868 -0.0185735 1.38065 -0.769363 0.0363711 -0.637778 -13.7949
-0.635446 0.0536922 0.770278 -41.6591 0.0623396 0.99789 -0.0181305 1.34932 -0.769626 0.0364979 -0.637452 -14.3704
