0.999804 0.0159657 -0.0116968 -7.85298 -0.016219 0.999629 -0.0218945 -1.71399 0.0113429 0.0220799 0.999692 285.006
0.999804 0.0159657 -0.0116968 -7.89153 -0.016219 0.999629 -0.0218945 -1.79275 0.0113429 0.0220799 0.999692 287.474
0.999832 0.015388 -0.00993315 -7.91808 -0.0156875 0.999402 -0.0308143 -1.8894 0.00945304 0.030965 0.999476 289.952
0.999832 0.015388 -0.00993315 -7.94457 -0.0156875 0.999402 -0.0308143 -1.99286 0.00945304 0.030965 0.999476 292.427
0.999832 0.015388 -0.00993315 -7.98199 -0.0156875 0.999402 -0.0308143 -2.0912 0.00945304 0.030965 0.999476 294.939
0.999832 0.0182843 0.000973425 -8.02521 -0.0182581 0.999586 -0.0222442 -2.18245 -0.00137974 0.0222227 0.999752 297.436
0.999724 0.0233862 0.00232358 -8.04753 -0.0233111 0.999328 -0.0282984 -2.27235 -0.00298381 0.0282364 0.999597 299.929
0.999566 0.0286846 -0.00664261 -8.05489 -0.0288878 0.999043 -0.0328301 -2.36273 0.00569454 0.0330078 0.999439 302.413
0.999364 0.0270275 -0.0232793 -8.08653 -0.0276543 0.999252 -0.0270388 -2.47631 0.0225311 0.0276654 0.999363 304.894
0.998517 0.0256107 -0.0480369 -8.15291 -0.0265602 0.999462 -0.0192319 -2.56307 0.0475185 0.0204793 0.99866 307.423
0.997001 0.0263952 -0.0727416 -8.30088 -0.0271906 0.999581 -0.00996496 -2.63656 0.0724481 0.011913 0.997301 310.073
0.996557 0.026601 -0.078524 -8.51889 -0.0272689 0.9996 -0.0074444 -2.68761 0.0782946 0.00956003 0.996884 312.719
0.997311 0.026101 -0.068473 -8.76449 -0.0269411 0.999572 -0.011374 -2.73583 0.0681469 0.0131882 0.997588 315.367
0.999026 0.0249407 -0.0363911 -8.95614 -0.025814 0.999385 -0.0237294 -2.80122 0.0357769 0.0246457 0.999056 318.009
0.999551 0.0258497 -0.0151426 -9.05803 -0.026335 0.999116 -0.0327754 -2.88859 0.014282 0.0331595 0.999348 320.433
0.999634 0.0270322 -0.000538199 -9.10238 -0.0270322 0.998845 -0.0397307 -3.00469 -0.00053643 0.0397307 0.99921 322.862
0.999587 0.028412 0.00424776 -9.11125 -0.0282008 0.998656 -0.0434763 -3.13168 -0.0054773 0.0433386 0.999045 325.262
0.99955 0.0299477 -0.00175123 -9.10969 -0.0299953 0.998623 -0.0430318 -3.26908 0.000460117 0.043065 0.999072 327.662
0.999479 0.0252693 -0.0200745 -9.10725 -0.0259476 0.999076 -0.034276 -3.38301 0.0191898 0.0347791 0.999211 330.065
0.999484 0.0177377 -0.0267652 -9.16307 -0.0188248 0.998985 -0.040929 -3.52389 0.026012 0.0414117 0.998804 332.608
0.9994 0.0184018 -0.0293279 -9.23746 -0.0195454 0.99904 -0.0391933 -3.6642 0.0285785 0.039743 0.998801 335.107
0.999392 0.0191544 -0.0291363 -9.30251 -0.0201119 0.999255 -0.0329322 -3.79116 0.0284838 0.0334981 0.999033 337.564
0.999423 0.0201127 -0.0273542 -9.42034 -0.0206467 0.999599 -0.0193804 -3.96551 0.0269534 0.019934 0.999438 341.094
0.999493 0.020953 -0.0239787 -9.49694 -0.0214252 0.999578 -0.0196066 -4.04906 0.0235578 0.0201104 0.99952 343.271
0.999553 0.0218012 -0.02048 -9.57344 -0.0221993 0.999565 -0.0194147 -4.1665 0.0200479 0.0198606 0.999602 346.443
0.999599 0.0226562 -0.0170068 -9.63203 -0.0229755 0.999559 -0.0188233 -4.27825 0.0165728 0.0192065 0.999678 349.455
0.99963 0.0235143 -0.013698 -9.65488 -0.023759 0.999556 -0.0179886 -4.34868 0.013269 0.0183074 0.999744 351.386
0.999646 0.0243747 -0.0106362 -9.66769 -0.0245528 0.999555 -0.0169564 -4.41237 0.0102181 0.0172116 0.9998 353.225
0.999756 0.0217266 -0.00391858 -9.68792 -0.0217674 0.999706 -0.0106792 -4.47263 0.00368541 0.0107619 0.999935 354.979
0.999782 0.0207291 0.00234358 -9.69036 -0.0206936 0.999684 -0.0142555 -4.52667 -0.00263834 0.0142039 0.999896 356.619
0.999833 0.0182191 0.00138313 -9.68461 -0.0182024 0.999771 -0.0112421 -4.57283 -0.00158764 0.0112151 0.999936 358.169
0.999864 0.0158135 -0.00469315 -9.67948 -0.0158617 0.99982 -0.0104198 -4.63665 0.00452753 0.0104929 0.999935 360.299
0.999264 0.0204784 -0.0324317 -9.73217 -0.0210261 0.99964 -0.0166395 -4.69532 0.0320793 0.0173091 0.999335 362.182
0.99418 0.0227119 -0.105309 -9.90956 -0.0245661 0.999565 -0.0163436 -4.76592 0.104892 0.0188355 0.994305 364.394
0.938643 0.0202691 -0.344293 -10.612 -0.0227676 0.999736 -0.003215 -4.82835 0.344137 0.0108565 0.938857 366.737
0.801916 0.0280491 -0.596778 -11.7224 -0.0186252 0.999585 0.021954 -4.83678 0.597146 -0.00649021 0.802106 368.23
0.539867 0.0390419 -0.840845 -13.6209 -0.00998845 0.999151 0.0399792 -4.78047 0.841691 -0.0131847 0.539798 369.559
0.19744 0.0191708 -0.980128 -16.1137 0.0237034 0.999423 0.0243231 -4.70377 0.980028 -0.0280347 0.196872 370.198
0.0334762 0.0365383 -0.998771 -17.8248 0.0261352 0.998958 0.0374211 -4.66066 0.999097 -0.0273557 0.0324863 370.189
-0.0653863 0.0550213 -0.996341 -19.5821 0.0216287 0.998322 0.0537112 -4.60376 0.997624 -0.0180376 -0.0664667 370
-0.115828 0.0932718 -0.988881 -22.0944 0.0202545 0.995596 0.0915328 -4.47697 0.993064 -0.00942732 -0.117207 369.677
-0.124492 0.0744068 -0.989425 -24.7812 0.0237755 0.997122 0.071994 -4.26065 0.991934 -0.0145613 -0.125903 369.36
-0.124289 0.0832025 -0.988751 -27.0295 0.0164056 0.996514 0.0817935 -4.09581 0.99211 -0.00605502 -0.125221 369.082
-0.117847 0.0810751 -0.989716 -28.6131 -0.00165784 0.996644 0.08184 -3.96695 0.993029 0.0112855 -0.117317 368.874
-0.104522 0.0804122 -0.991267 -30.2728 -0.0151304 0.996482 0.0824307 -3.82807 0.994408 0.0236141 -0.102938 368.688
-0.0897292 0.0827015 -0.992526 -32.0105 -0.0288109 0.995914 0.0855884 -3.68424 0.995549 0.0362754 -0.0869798 368.517
-0.0676142 0.0730036 -0.995037 -34.7552 -0.0316014 0.996662 0.0752702 -3.4549 0.997211 0.0365339 -0.0650815 368.323
-0.0559418 0.0846182 -0.99484 -37.5508 -0.0288564 0.995849 0.0863265 -3.2402 0.998016 0.0335369 -0.0532678 368.154
-0.0523882 0.081581 -0.995288 -39.4191 -0.0313077 0.996033 0.08329 -3.0902 0.998135 0.0355237 -0.0496263 368.039
-0.0478208 0.075839 -0.995972 -42.3893 -0.0338068 0.996419 0.0774962 -2.86717 0.998283 0.0373766 -0.0450856 367.881
-0.0441045 0.0696779 -0.996593 -44.3928 -0.0362206 0.996797 0.0712951 -2.72943 0.998369 0.0392417 -0.0414395 367.787
-0.0408359 0.0705127 -0.996674 -46.5769 -0.0361156 0.996751 0.0719979 -2.58914 0.998512 0.0389356 -0.0381566 367.687
-0.037833 0.0713202 -0.996735 -48.7818 -0.0359965 0.996705 0.0726843 -2.45466 0.998635 0.0386288 -0.0351411 367.598
-0.0352828 0.0721789 -0.996768 -50.9883 -0.0358518 0.996655 0.0734398 -2.31811 0.998735 0.038327 -0.0325771 367.505
-0.0331644 0.0735066 -0.996744 -53.2173 -0.0356852 0.996569 0.0746811 -2.17066 0.998813 0.0380457 -0.0304275 367.412
-0.0315059 0.0753019 -0.996663 -55.4379 -0.0354961 0.996445 0.0764075 -2.02371 0.998873 0.037785 -0.028721 367.319
-0.0359156 0.0714127 -0.996801 -57.6234 -0.0358703 0.996709 0.0726985 -1.8861 0.998712 0.0383664 -0.0332358 367.244
-0.0386046 0.0698705 -0.99681 -59.8468 -0.0363737 0.996793 0.0712781 -1.74711 0.998594 0.0390092 -0.0359393 367.158
-0.0398326 0.0704651 -0.996717 -62.0195 -0.0369795 0.996723 0.0719433 -1.61857 0.99852 0.039724 -0.0370963 367.063
-0.0397574 0.0731071 -0.99653 -64.1884 -0.0376785 0.996501 0.0746081 -1.49423 0.998498 0.0405141 -0.0368637 366.961
-0.0381692 0.0780439 -0.996219 -66.3508 -0.038487 0.996091 0.0795085 -1.35853 0.998529 0.0413762 -0.0350163 366.87
-0.0240004 0.0809907 -0.996425 -69.5393 -0.0418333 0.995759 0.0819441 -1.1566 0.998836 0.0436505 -0.0205105 366.756
-0.0166109 0.0880598 -0.995976 -71.6788 -0.0407929 0.995225 0.0886737 -1.00905 0.999029 0.0421018 -0.0129394 366.711
-0.00243552 0.0983841 -0.995147 -74.8056 -0.0403314 0.994329 0.098402 -0.765126 0.999185 0.0403752 0.00154625 366.703
0.00833457 0.0864542 -0.996221 -77.7834 -0.0333233 0.995726 0.0861324 -0.529883 0.99941 0.0324795 0.0111799 366.718
0.00771751 0.0770706 -0.996995 -79.6894 -0.0317464 0.996542 0.0767898 -0.40243 0.999466 0.0310584 0.0101375 366.737
0.00934483 0.0703198 -0.997481 -82.3132 -0.0318373 0.997039 0.0699904 -0.251383 0.999449 0.0311031 0.011556 366.757
-0.00924419 0.066976 -0.997713 -84.8767 -0.0191615 0.997559 0.0671433 -0.112887 0.999775 0.0197383 -0.00793826 366.774
-0.0518995 0.0676529 -0.99636 -87.4364 -0.0144163 0.997548 0.0684846 0.0326368 0.99855 0.017918 -0.0507969 366.697
-0.0924928 0.0579232 -0.994025 -89.9669 -0.0191421 0.998019 0.059937 0.170315 0.995527 0.0245716 -0.0912008 366.48
-0.115083 0.0560478 -0.991772 -92.5468 -0.027527 0.997844 0.0595851 0.300217 0.992973 0.0341579 -0.113292 366.175
-0.11464 0.0582829 -0.991695 -95.1868 -0.027642 0.997704 0.0618315 0.43891 0.993021 0.0345009 -0.112766 365.837
-0.104338 0.0889227 -0.990558 -97.9671 -0.0328818 0.995142 0.0927976 0.619941 0.993998 0.0422537 -0.100907 365.537
-0.0872958 0.0861646 -0.992448 -99.8636 -0.0459223 0.994845 0.0904121 0.786621 0.995122 0.0534683 -0.0828889 365.335
-0.0671924 0.0751333 -0.994907 -101.814 -0.05047 0.995628 0.0785963 0.961686 0.996462 0.0554941 -0.0631067 365.172
-0.0517255 0.0897725 -0.994617 -103.977 -0.0451773 0.994721 0.0921314 1.13482 0.997638 0.0496998 -0.0473968 365.06
-0.042435 0.0718843 -0.99651 -106.171 -0.0474109 0.99614 0.0738765 1.3182 0.997974 0.0503804 -0.0388631 364.967
-0.0352167 0.0810438 -0.996088 -108.406 -0.0605234 0.994704 0.083071 1.47302 0.997545 0.0632122 -0.0301252 364.861
-0.0262826 0.0646894 -0.997559 -110.697 -0.0607715 0.995955 0.0661865 1.63055 0.997805 0.0623628 -0.022245 364.793
-0.0156635 0.0635078 -0.997858 -113.055 -0.0496142 0.996702 0.064213 1.77848 0.998646 0.0505137 -0.0124609 364.759
-0.00222418 0.0806978 -0.996737 -115.474 -0.0474806 0.995606 0.0807122 1.9359 0.998871 0.047505 0.00161716 364.747
0.00406112 0.0797173 -0.996809 -117.807 -0.0482571 0.995672 0.0794297 2.10618 0.998827 0.0477806 0.00789047 364.753
0.00371795 0.0797712 -0.996808 -120.123 -0.0477744 0.995689 0.0795035 2.26326 0.998853 0.0473261 0.00751293 364.773
0.00594807 0.0779017 -0.996945 -122.447 -0.0474608 0.995859 0.0775338 2.43058 0.998857 0.0468545 0.00962071 364.775
0.00679833 0.0634789 -0.997959 -124.749 -0.0377881 0.997287 0.0631787 2.57541 0.999262 0.0372816 0.00917864 364.787
0.0010761 0.0568329 -0.998383 -127.064 -0.0228446 0.998125 0.0567936 2.69356 0.999739 0.0227466 0.00237241 364.805
-0.00327304 0.0594187 -0.998228 -129.366 -0.0238299 0.997945 0.05948 2.80304 0.999711 0.0239824 -0.00185037 364.781
-0.000111338 0.051138 -0.998692 -131.741 -0.0355195 0.998061 0.0511097 2.91878 0.999369 0.0354787 0.00170528 364.743
0.00436153 0.050946 -0.998692 -134.132 -0.0355409 0.998078 0.0507595 3.01268 0.999359 0.0352731 0.00616382 364.736
-0.00197626 0.0662375 -0.997802 -136.523 -0.0284005 0.997398 0.0662669 3.11262 0.999595 0.028469 -8.99423e-05 364.747
-0.00935438 0.0700606 -0.997498 -137.739 -0.0278557 0.997137 0.0702964 3.1769 0.999567 0.0284437 -0.007376 364.744
-0.0277271 0.0641096 -0.997558 -140.073 -0.0330816 0.997336 0.0650149 3.29889 0.999068 0.0348034 -0.0255324 364.713
-0.0364596 0.0630317 -0.997344 -141.212 -0.0337004 0.997364 0.0642649 3.3662 0.998766 0.0359541 -0.0342393 364.682
-0.043849 0.0621198 -0.997105 -142.349 -0.0343925 0.99738 0.0636494 3.42269 0.998446 0.0370839 -0.0415977 364.635
-0.0545962 0.0712735 -0.99596 -144.61 -0.0276528 0.996959 0.0728607 3.55466 0.998124 0.0315191 -0.0524592 364.55
-0.0565981 0.0710179 -0.995868 -146.854 -0.0286738 0.99694 0.0727239 3.69061 0.997985 0.0326714 -0.0543886 364.404
-0.0572484 0.0709217 -0.995836 -147.963 -0.0297699 0.996909 0.0727095 3.75125 0.997915 0.0338086 -0.0549601 364.328
-0.0597233 0.0628722 -0.996233 -150.167 -0.0321375 0.997376 0.064871 3.87774 0.997698 0.0358907 -0.057546 364.187
-0.0571837 0.0759544 -0.995471 -153.521 -0.0280356 0.996586 0.0776501 4.05941 0.997971 0.0323489 -0.0548591 363.97
-0.0484648 0.0769477 -0.995857 -155.71 -0.0296909 0.996477 0.0784406 4.20601 0.998384 0.0333694 -0.0460094 363.84
-0.0447107 0.0787137 -0.995894 -158.92 -0.0332632 0.996221 0.0802329 4.40894 0.998446 0.0367139 -0.0419234 363.675
-0.044648 0.0694842 -0.996585 -161.001 -0.0317082 0.996977 0.0709322 4.53905 0.998501 0.0347668 -0.0423098 363.577
-0.0492959 0.0695139 -0.996362 -163.089 -0.034761 0.996851 0.0712678 4.66575 0.998179 0.0381477 -0.0467243 363.484
-0.0572848 0.0690273 -0.995968 -165.145 -0.0376151 0.996749 0.071245 4.78604 0.997648 0.0415448 -0.0545021 363.374
-0.0509798 0.0613388 -0.996815 -167.235 -0.050969 0.996652 0.0639355 4.90437 0.997399 0.054066 -0.0476827 363.226
-0.0414169 0.0667446 -0.99691 -169.366 -0.0550822 0.996096 0.0689786 5.02064 0.997622 0.0577689 -0.0375788 363.099
-0.0263769 0.0626289 -0.997689 -172.568 -0.0449924 0.99695 0.063772 5.20439 0.99864 0.0465704 -0.0234786 363.011
-0.0162395 0.0585863 -0.998151 -174.725 -0.0354817 0.997619 0.0591324 5.31768 0.999239 0.0363764 -0.0141221 362.97
-0.00836238 0.0696154 -0.997539 -176.89 -0.0239659 0.997273 0.0697978 5.43426 0.999678 0.0244906 -0.00667118 362.957
-0.00715343 0.0693054 -0.99757 -179.078 -0.0236545 0.997304 0.0694566 5.57296 0.999694 0.0240939 -0.00549476 362.948
-0.00597091 0.0689955 -0.997598 -180.161 -0.0233411 0.997335 0.069117 5.63356 0.999709 0.0236978 -0.00434457 362.929
0.000537801 0.0712808 -0.997456 -182.346 -0.0354483 0.996831 0.071217 5.76577 0.999371 0.0353199 0.00306289 362.897
0.0103338 0.0666491 -0.997721 -184.568 -0.0457877 0.996761 0.0661107 5.90576 0.998896 0.0450003 0.013352 362.886
0.0212052 0.069192 -0.997378 -186.806 -0.0500642 0.996424 0.0680614 6.0333 0.998521 0.0484897 0.0245934 362.898
0.0221685 0.0689149 -0.997375 -189.079 -0.0497283 0.996462 0.0677465 6.16912 0.998516 0.048096 0.0255171 362.964
0.0230725 0.0686385 -0.997374 -191.354 -0.0493886 0.9965 0.0674358 6.30128 0.998513 0.0477031 0.0263817 363.022
0.02392 0.0683625 -0.997373 -193.626 -0.0490457 0.996538 0.067129 6.42387 0.99851 0.0473112 0.0271901 363.078
0.0247112 0.068087 -0.997373 -195.894 -0.0486995 0.996575 0.066826 6.54583 0.998507 0.0469202 0.0279424 363.135
0.0254432 0.067812 -0.997374 -198.146 -0.04835 0.996612 0.0665269 6.66507 0.998507 0.0465304 0.0286358 363.195
0.026119 0.0675376 -0.997374 -200.4 -0.0479973 0.996649 0.0662316 6.78391 0.998505 0.0461415 0.0292731 363.258
0.0267386 0.0672638 -0.997378 -202.629 -0.0476416 0.996686 0.0659399 6.89878 0.998507 0.0457534 0.0298546 363.324
0.0355317 0.0732956 -0.996678 -204.847 -0.0477489 0.996292 0.071565 7.01908 0.998228 0.0450474 0.0388997 363.389
0.0470097 0.0758336 -0.996011 -207.03 -0.0528309 0.995907 0.0733321 7.14157 0.997496 0.0491729 0.0508237 363.479
0.0611179 0.0724158 -0.9955 -209.158 -0.0548409 0.996102 0.0690926 7.25765 0.996622 0.0503713 0.064851 363.596
0.0733752 0.0721431 -0.99469 -211.223 -0.0527389 0.996265 0.068367 7.36307 0.995908 0.0474425 0.0769059 363.74
0.0737321 0.0718742 -0.994684 -213.209 -0.0523563 0.996303 0.0681102 7.45997 0.995903 0.0470561 0.0772226 363.903
0.0792332 0.0790313 -0.993719 -215.163 -0.0482093 0.99599 0.075368 7.56203 0.99569 0.0419348 0.0827255 364.057
0.0794976 0.0787624 -0.993718 -217.045 -0.0478202 0.996027 0.0751198 7.65923 0.995687 0.041548 0.0829482 364.22
0.085045 0.0692809 -0.993967 -218.85 -0.0518032 0.996538 0.0650278 7.77111 0.995031 0.0459602 0.0883395 364.37
0.0956634 0.090307 -0.99131 -220.588 -0.0595658 0.994611 0.0848595 7.85809 0.993632 0.05093 0.100527 364.521
0.11324 0.0850924 -0.989917 -222.22 -0.0657217 0.994785 0.0779927 7.96617 0.991391 0.0562271 0.118242 364.69
0.135597 0.0832742 -0.987258 -223.744 -0.0628951 0.995175 0.0753035 8.04799 0.988766 0.0518828 0.14018 364.909
0.199263 0.0673149 -0.977632 -226.48 -0.0492258 0.997066 0.0586197 8.18558 0.978709 0.0364439 0.201992 365.461
0.247887 0.0654806 -0.966573 -229.416 -0.0220418 0.997836 0.0619456 8.30144 0.968538 0.00594946 0.248794 366.237
0.247824 0.0652218 -0.966607 -230.975 -0.021601 0.997855 0.061792 8.37693 0.968564 0.0055662 0.248701 366.65
0.226645 0.0689328 -0.971535 -232.407 -0.0216446 0.997602 0.065733 8.43496 0.973737 0.00613038 0.227594 366.985
0.190749 0.0643742 -0.979525 -233.681 -0.0164757 0.997917 0.0623744 8.50358 0.981499 0.0042406 0.191412 367.224
0.106813 0.0672495 -0.992002 -235.324 -0.0188061 0.997668 0.0656086 8.58319 0.994101 0.0116478 0.107829 367.385
0.0283083 0.0695767 -0.997174 -236.899 -0.0219599 0.997377 0.0689674 8.66695 0.999357 0.0199455 0.029762 367.415
-0.0109395 0.0668438 -0.997703 -238.521 -0.0368727 0.997058 0.0672048 8.76402 0.99926 0.0375232 -0.00844262 367.355
-0.0112072 0.0665881 -0.997717 -239.376 -0.0364753 0.997089 0.0669558 8.81381 0.999271 0.0371425 -0.00874572 367.336
-0.0114978 0.0663331 -0.997732 -240.242 -0.0360766 0.99712 0.0667082 8.86222 0.999284 0.0367617 -0.00907164 367.327
0.00987048 0.0644817 -0.99787 -241.527 -0.0483804 0.996781 0.0639328 8.9357 0.99878 0.0476463 0.0129584 367.334
0.0515622 0.0691703 -0.996271 -243.239 -0.0562259 0.996217 0.0662566 9.03094 0.997085 0.0526 0.0552563 367.432
0.130416 0.0637083 -0.98941 -246.301 -0.063369 0.996429 0.0558074 9.17332 0.989432 0.0554197 0.133988 367.781
-0.0270884 0.0520122 -0.998279 -249.807 -0.0421328 0.997699 0.0531253 9.31298 0.998744 0.0434993 -0.0248347 368.061
-0.335358 0.0582924 -0.940282 -252.377 -0.0270245 0.997078 0.0714519 9.48643 0.941699 0.049373 -0.332803 367.372
-0.591204 0.0585551 -0.804395 -254.364 0.0069051 0.997692 0.0675509 9.64835 0.806494 0.0343819 -0.590243 366.154
-0.728224 0.0681424 -0.681942 -255.439 0.0247926 0.997013 0.0731503 9.73805 0.684889 0.0363627 -0.727738 364.963
-0.842239 0.078505 -0.533357 -256.419 0.0461626 0.996209 0.0737355 9.85054 0.537124 0.0374818 -0.84267 363.49
-0.894384 0.0762303 -0.440749 -256.933 0.0494811 0.996185 0.071887 9.95328 0.444548 0.042486 -0.894744 362.343
-0.929737 0.076435 -0.360203 -257.404 0.0540137 0.995947 0.0719222 10.0401 0.364241 0.0474129 -0.930097 361.078
-0.954785 0.0789427 -0.286624 -257.816 0.0610576 0.995618 0.0708243 10.1343 0.290959 0.0501215 -0.955422 359.705
-0.970586 0.0830862 -0.225963 -258.16 0.0713043 0.995659 0.059826 10.2278 0.229953 0.0419541 -0.972297 358.24
-0.981038 0.0877522 -0.172807 -258.45 0.0804723 0.995566 0.0487057 10.3191 0.176315 0.033876 -0.98375 356.679
-0.98775 0.0984783 -0.121029 -258.684 0.092873 0.994364 0.0511271 10.3997 0.125382 0.0392606 -0.99133 355.011
-0.991961 0.0975168 -0.0806666 -258.825 0.0936801 0.994343 0.0500612 10.4858 0.085092 0.0421019 -0.995485 353.258
-0.994687 0.0834304 -0.060255 -258.912 0.0809469 0.99581 0.0425488 10.5658 0.0635524 0.0374454 -0.997273 351.422
-0.994771 0.0831885 -0.0592376 -259.056 0.0807708 0.995843 0.0421053 10.6922 0.0624941 0.0371005 -0.997355 348.48
-0.994855 0.082947 -0.0581895 -259.184 0.0805954 0.995876 0.0416616 10.7759 0.0614052 0.0367574 -0.997438 346.417
-0.994936 0.0827056 -0.05711 -259.302 0.0804205 0.995908 0.041218 10.8598 0.0602853 0.0364164 -0.997516 344.286
-0.99502 0.082465 -0.0559983 -259.408 0.0802466 0.995941 0.0407743 10.9422 0.0591335 0.0360776 -0.997599 342.1
-0.995101 0.0822243 -0.0548539 -259.524 0.080073 0.995973 0.0403309 11.0138 0.0579492 0.0357411 -0.997678 339.873
-0.995186 0.081984 -0.0536766 -259.635 0.0799 0.996004 0.0398879 11.08 0.0567323 0.0354071 -0.997761 337.601
-0.995272 0.0817442 -0.0524654 -259.744 0.0797276 0.996036 0.0394451 11.1649 0.0554819 0.0350756 -0.997844 335.284
-0.995401 0.0853106 -0.0436323 -259.854 0.0830837 0.995261 0.0505334 11.2515 0.0477365 0.0466757 -0.997771 332.906
-0.995478 0.0850566 -0.0423548 -259.951 0.0829101 0.995297 0.0500922 11.3444 0.0464163 0.0463539 -0.997849 330.521
-0.996235 0.0777255 -0.0384431 -260.034 0.0768263 0.996747 0.0243428 11.4149 0.0402101 0.0212976 -0.998966 328.159
-0.996886 0.0726832 -0.0305981 -260.104 0.0715978 0.996813 0.0351885 11.4455 0.0330582 0.0328881 -0.998913 325.794
-0.997359 0.0701154 -0.0189885 -260.154 0.0691525 0.996482 0.0473413 11.5213 0.022241 0.0459032 -0.998699 323.45
-0.997536 0.0697776 -0.00716416 -260.172 0.0694033 0.996643 0.043416 11.6049 0.0101696 0.0428119 -0.999031 321.076
-0.997558 0.0696595 0.00515262 -260.148 0.0698185 0.996603 0.043674 11.6726 -0.00209281 0.043927 -0.999033 318.748
-0.997185 0.0725882 0.0188233 -260.137 0.0733768 0.996276 0.0452765 11.7468 -0.0154667 0.0465302 -0.998798 316.388
-0.996721 0.0742454 0.0321589 -260.067 0.0756399 0.996139 0.0445655 11.8197 -0.0287259 0.0468519 -0.998489 314.068
-0.995963 0.0775747 0.0451831 -259.989 0.0795264 0.995899 0.04313 11.8946 -0.041652 0.0465491 -0.998048 311.735
-0.995276 0.0790573 0.056346 -259.861 0.0814185 0.99584 0.0409159 11.9613 -0.0528769 0.0453103 -0.997572 309.433
-0.994134 0.084719 0.0672121 -259.723 0.0873874 0.995457 0.0378025 12.018 -0.0637042 0.0434543 -0.997021 307.148
-0.992861 0.0895513 0.0787878 -259.557 0.0926906 0.995003 0.0371275 12.0773 -0.0750692 0.0441653 -0.9962 304.868
-0.991658 0.0923441 0.0898962 -259.364 0.0959906 0.99469 0.0371139 12.1402 -0.0859916 0.0454336 -0.995257 302.596
-0.991536 0.092085 0.0915523 -259.148 0.0957705 0.994727 0.036703 12.1871 -0.0876897 0.0451603 -0.995127 300.345
-0.991399 0.0918254 0.0932318 -258.92 0.0955498 0.994763 0.0362931 12.2381 -0.0894109 0.0448893 -0.994981 298.091
-0.991261 0.0915658 0.0949355 -258.69 0.0953291 0.994799 0.0358838 12.2928 -0.091156 0.0446204 -0.994835 295.829
-0.99112 0.0913063 0.0966642 -258.476 0.0951085 0.994835 0.0354756 12.3485 -0.0929257 0.0443541 -0.994685 293.543
-0.990971 0.0910468 0.0984162 -258.237 0.0948877 0.99487 0.0350682 12.4061 -0.0947185 0.0440901 -0.994527 291.267
-0.990814 0.0907869 0.100192 -258.006 0.0946664 0.994905 0.0346616 12.4564 -0.0965349 0.0438282 -0.994361 288.98
-0.990658 0.090527 0.101993 -257.755 0.0944452 0.994941 0.0342562 12.5082 -0.0983756 0.0435689 -0.994195 286.679
-0.990493 0.0902673 0.103805 -257.635 0.0942235 0.994975 0.0338512 12.5385 -0.100228 0.0433102 -0.994022 285.524
-0.990321 0.0900073 0.105641 -257.388 0.0940013 0.99501 0.0334473 12.5901 -0.102103 0.043054 -0.99384 283.192
-0.990145 0.0897471 0.107501 -257.12 0.0937788 0.995045 0.0330445 12.6354 -0.104003 0.0428002 -0.993655 280.874
-0.989965 0.0894871 0.109385 -256.84 0.0935564 0.995079 0.0326426 12.6896 -0.105926 0.0425486 -0.993465 278.534
-0.989468 0.0832091 0.118448 -256.56 0.0873 0.995737 0.0297699 12.7437 -0.115465 0.0397968 -0.992514 276.18
-0.989261 0.082954 0.120365 -256.402 0.0870737 0.995769 0.0293716 12.768 -0.11742 0.0395367 -0.992298 274.996
-0.988015 0.081008 0.131422 -256.102 0.0855642 0.995899 0.0293902 12.8164 -0.128503 0.0402829 -0.990894 272.627
-0.987768 0.0807506 0.133371 -255.936 0.0853328 0.99593 0.028996 12.8369 -0.130487 0.0400223 -0.990639 271.445
-0.987521 0.0804935 0.135332 -255.77 0.0851009 0.995962 0.0286028 12.8542 -0.132483 0.0397628 -0.990384 270.248
-0.985726 0.0799893 0.148161 -255.43 0.0856101 0.995816 0.0319464 12.8976 -0.144986 0.0441744 -0.98845 267.862
-0.983949 0.0769417 0.161009 -255.045 0.0835056 0.995914 0.0343959 12.9457 -0.157704 0.0472889 -0.986353 265.472
-0.981908 0.074988 0.173883 -254.634 0.0813565 0.99624 0.0297817 13.0063 -0.170995 0.0433893 -0.984317 263.077
-0.979286 0.0758234 0.187753 -254.2 0.0821248 0.996283 0.0260026 13.0449 -0.185084 0.0408831 -0.981873 260.676
-0.977148 0.0725701 0.1998 -253.704 0.0797483 0.996419 0.0281054 13.0871 -0.197044 0.0433968 -0.979436 258.265
-0.976747 0.072303 0.201851 -253.442 0.079493 0.99645 0.0277333 13.1096 -0.199129 0.043134 -0.979027 257.044
-0.976338 0.0720359 0.203911 -253.179 0.0792368 0.99648 0.027362 13.1303 -0.201222 0.0428717 -0.97861 255.823
-0.973393 0.0757311 0.216262 -252.671 0.0828997 0.996263 0.0242578 13.1684 -0.213617 0.0415405 -0.976034 253.396
-0.97295 0.0754661 0.218346 -252.396 0.0826385 0.996293 0.0238919 13.1853 -0.215733 0.0412894 -0.97558 252.194
-0.969204 0.0809938 0.232567 -251.838 0.0888994 0.995759 0.0236976 13.2069 -0.229661 0.0436428 -0.972293 249.773
-0.966253 0.080458 0.244704 -251.25 0.0897337 0.9956 0.0269776 13.2308 -0.241457 0.0480254 -0.969222 247.401
-0.965739 0.0801764 0.24682 -250.63 0.0894626 0.995634 0.0266235 13.2641 -0.243608 0.0477925 -0.968695 245.007
-0.963209 0.0835333 0.255445 -250.006 0.0909155 0.99571 0.0172077 13.2916 -0.252912 0.0397985 -0.966671 242.618
-0.962662 0.0832681 0.257589 -249.367 0.0906409 0.995741 0.0168596 13.3077 -0.255088 0.0395782 -0.966109 240.209
-0.962103 0.0830021 0.259743 -248.71 0.0903651 0.995772 0.0165141 13.3237 -0.257275 0.03936 -0.965535 237.823
-0.961541 0.082736 0.261913 -248.063 0.090089 0.995802 0.0161708 13.3331 -0.259476 0.0391444 -0.964958 235.44
-0.958172 0.0853362 0.273177 -247.401 0.0918454 0.995711 0.0111041 13.3433 -0.271058 0.0357297 -0.961901 233.067
-0.954555 0.0874708 0.284912 -246.701 0.093535 0.995586 0.00772018 13.3358 -0.282979 0.0340186 -0.958523 230.724
-0.95392 0.0872138 0.287101 -246.334 0.0932497 0.995615 0.00738948 13.3325 -0.285198 0.0338211 -0.95787 229.543
-0.949957 0.0895048 0.299284 -245.629 0.0981926 0.995068 0.014085 13.3297 -0.296547 0.0427676 -0.95406 227.183
-0.946154 0.0938329 0.309825 -244.883 0.102243 0.994699 0.0109791 13.3348 -0.307152 0.0420651 -0.950732 224.816
-0.943381 0.0946198 0.31793 -244.098 0.100909 0.99489 0.00333178 13.3181 -0.31599 0.0352251 -0.948108 222.478
-0.942662 0.0943556 0.32014 -243.288 0.100613 0.994921 0.0030207 13.2941 -0.318229 0.0350575 -0.947368 220.14
-0.941932 0.0940904 0.322356 -242.474 0.100315 0.994952 0.00271302 13.2754 -0.320473 0.0348927 -0.946616 217.81
-0.941191 0.0938241 0.324582 -241.687 0.100017 0.994983 0.00240882 13.2454 -0.322728 0.0347309 -0.945853 215.497
-0.940446 0.0935567 0.326815 -240.874 0.0997178 0.995014 0.00210841 13.2134 -0.324988 0.0345722 -0.945086 213.191
-0.939689 0.0932883 0.329057 -240.066 0.0994178 0.995044 0.00181127 13.1935 -0.327257 0.0344162 -0.944307 210.891
-0.938925 0.0930189 0.331305 -239.241 0.099117 0.995075 0.00151776 13.164 -0.329532 0.034263 -0.94352 208.606
-0.938153 0.0927486 0.333561 -238.428 0.0988153 0.995105 0.00122778 13.1363 -0.331814 0.0341128 -0.942726 206.308
-0.934677 0.0898008 0.343964 -237.596 0.0974265 0.995231 0.00491301 13.1093 -0.341882 0.0381033 -0.938969 204.017
-0.933874 0.0895193 0.346222 -237.164 0.0971211 0.995262 0.00463156 13.0971 -0.344167 0.0379507 -0.938144 202.879
-0.930922 0.0822661 0.355827 -236.3 0.0880637 0.996115 9.58813e-05 13.0752 -0.354436 0.0314247 -0.93455 200.607
-0.927284 0.0775971 0.366222 -235.414 0.0822175 0.99661 -0.00298956 13.0442 -0.365212 0.0273377 -0.93052 198.348
-0.926413 0.0773378 0.368478 -234.962 0.0819045 0.996635 -0.00325681 13.0313 -0.36749 0.0271629 -0.92963 197.229
-0.925535 0.0770781 0.370735 -234.506 0.0815908 0.99666 -0.00352155 13.0083 -0.369768 0.0269892 -0.928733 196.107
-0.92465 0.0768182 0.372992 -234.044 0.0812763 0.996684 -0.00378401 12.9921 -0.372046 0.0268165 -0.927827 194.989
-0.923757 0.0765581 0.375249 -233.588 0.0809612 0.996709 -0.00404429 12.9756 -0.374324 0.0266447 -0.926915 193.908
-0.91857 0.0773886 0.387605 -232.676 0.0811997 0.996676 -0.00656245 12.9348 -0.386825 0.0254454 -0.9218 191.671
-0.913652 0.0769666 0.399153 -231.73 0.0801642 0.996744 -0.00870379 12.8909 -0.398523 0.0240455 -0.916847 189.44
-0.912684 0.0767092 0.401396 -231.251 0.0798413 0.996767 -0.00894665 12.8653 -0.400784 0.0238825 -0.915858 188.363
-0.911717 0.0764509 0.403641 -230.286 0.0795181 0.996791 -0.00918524 12.8117 -0.403048 0.0237225 -0.91487 186.212
-0.906898 0.078817 0.413919 -229.318 0.083569 0.99648 -0.0066467 12.7712 -0.412986 0.0285629 -0.910292 184.045
-0.902103 0.0832675 0.423409 -228.323 0.0884999 0.996049 -0.00732737 12.7199 -0.422347 0.0308616 -0.905908 181.891
-0.897178 0.0852564 0.433363 -227.304 0.092207 0.995727 -0.00499818 12.6681 -0.431937 0.0354748 -0.901206 179.744
-0.892408 0.0886435 0.442432 -226.276 0.0934178 0.995566 -0.0110378 12.6185 -0.441448 0.0314808 -0.896732 177.632
-0.89134 0.0883588 0.444642 -225.201 0.0930845 0.995595 -0.0112443 12.5662 -0.443676 0.0313667 -0.895639 175.499
-0.890261 0.0880726 0.446851 -224.117 0.0927505 0.995624 -0.0114464 12.5096 -0.445904 0.0312554 -0.894534 173.366
-0.885377 0.0872987 0.456599 -223.023 0.0900416 0.995813 -0.0157955 12.4575 -0.456066 0.027128 -0.88953 171.22
-0.880003 0.0924825 0.465877 -221.908 0.0936068 0.995392 -0.0207826 12.3889 -0.465653 0.0253205 -0.884605 169.086
-0.873489 0.0977615 0.476923 -220.783 0.100707 0.994726 -0.0194563 12.3182 -0.47631 0.0310347 -0.878727 166.939
-0.867706 0.099936 0.486927 -219.592 0.101163 0.994584 -0.0238532 12.2397 -0.486673 0.0285615 -0.873116 164.787
-0.866527 0.0996486 0.489081 -218.99 0.100821 0.994615 -0.0240208 12.199 -0.488841 0.0284948 -0.871907 163.714
-0.861197 0.0956889 0.499182 -217.773 0.0993251 0.994867 -0.0193499 12.1205 -0.498471 0.0329172 -0.866281 161.595
-0.859993 0.0953876 0.501315 -217.15 0.0989804 0.994898 -0.019506 12.0767 -0.500618 0.0328453 -0.865047 160.532
-0.858781 0.0950854 0.503441 -216.515 0.0986352 0.994929 -0.0196592 12.0416 -0.502758 0.0327741 -0.863805 159.473
-0.857566 0.0947825 0.505564 -215.885 0.0982896 0.994961 -0.0198096 12.0073 -0.504894 0.0327037 -0.86256 158.433
-0.856351 0.0944789 0.507681 -215.26 0.0979439 0.994992 -0.0199566 11.9589 -0.507024 0.0326344 -0.861316 157.392
-0.855125 0.0941742 0.509794 -214.629 0.0975977 0.995023 -0.0201006 11.9173 -0.509149 0.0325662 -0.86006 156.34
-0.853903 0.093868 0.5119 -213.367 0.0972515 0.995054 -0.0202393 11.8353 -0.511268 0.0325006 -0.858809 154.254
-0.849204 0.0886808 0.520564 -212.111 0.0932797 0.995488 -0.0174178 11.7587 -0.51976 0.0337667 -0.853645 152.165
-0.847958 0.0883673 0.522645 -210.813 0.0929316 0.995518 -0.0175437 11.6832 -0.521853 0.033694 -0.852369 150.094
-0.842141 0.0915284 0.531434 -209.537 0.0942486 0.995304 -0.0220688 11.607 -0.530958 0.0315019 -0.846813 148.035
-0.837197 0.091556 0.539183 -208.238 0.0904669 0.99549 -0.0285699 11.5221 -0.539367 0.0248596 -0.841704 146.004
-0.835909 0.0912591 0.541224 -207.577 0.0901167 0.995518 -0.0286767 11.4726 -0.541416 0.0248022 -0.840387 144.999
-0.82972 0.0917408 0.550593 -206.266 0.0924671 0.995363 -0.0265056 11.3747 -0.550472 0.0289195 -0.834356 142.996
-0.822194 0.0925411 0.561631 -204.944 0.0921734 0.995319 -0.0290642 11.2783 -0.561691 0.027871 -0.826875 141.009
-0.815908 0.087184 0.571572 -203.576 0.0896287 0.995688 -0.0239329 11.1828 -0.571194 0.0317022 -0.820204 139.03
-0.808028 0.0919558 0.581922 -202.197 0.095957 0.995096 -0.0240047 11.0986 -0.581276 0.036443 -0.81289 137.068
-0.800087 0.0923953 0.59272 -200.801 0.0970375 0.994989 -0.0241149 11.0165 -0.591978 0.0382221 -0.805043 135.139
-0.793008 0.0867121 0.60301 -199.356 0.0916478 0.995534 -0.0226324 10.9342 -0.602279 0.0373169 -0.797414 133.214
-0.785427 0.0927388 0.611966 -197.892 0.0946974 0.995076 -0.0292568 10.85 -0.611666 0.0349725 -0.790342 131.309
-0.778371 0.0964484 0.620351 -196.416 0.0976317 0.994703 -0.0321491 10.7572 -0.620166 0.035542 -0.783665 129.406
-0.77695 0.0961076 0.622183 -194.886 0.0972784 0.994737 -0.0321791 10.6549 -0.622001 0.0355234 -0.78221 127.493
-0.770094 0.0962184 0.630631 -193.343 0.0996532 0.994568 -0.0300546 10.5487 -0.630097 0.0396995 -0.7755 125.574
-0.762578 0.10296 0.638652 -191.79 0.102949 0.993986 -0.0373207 10.45 -0.638654 0.0372884 -0.768592 123.67
-0.75569 0.101755 0.646979 -190.198 0.0992394 0.994241 -0.0404577 10.3374 -0.64737 0.0336324 -0.761436 121.776
-0.749699 0.0969921 0.654631 -188.561 0.0916336 0.994887 -0.0424644 10.2099 -0.655402 0.0281506 -0.754753 119.897
-0.742398 0.094253 0.663294 -186.91 0.0902202 0.995101 -0.0404223 10.0785 -0.663855 0.0298331 -0.747264 118.043
-0.740938 0.0939108 0.664973 -185.231 0.0898708 0.995134 -0.0404001 9.94833 -0.665531 0.0298277 -0.745772 116.181
-0.739483 0.0935673 0.666643 -184.385 0.089522 0.995166 -0.0403743 9.88603 -0.667199 0.0298232 -0.744285 115.25
-0.7318 0.0900277 0.675545 -182.696 0.0875129 0.995444 -0.037859 9.75398 -0.675876 0.0314137 -0.736345 113.404
-0.723553 0.0936708 0.683885 -181.004 0.0882687 0.995172 -0.0429189 9.62882 -0.684603 0.0293115 -0.728328 111.553
-0.71301 0.0898549 0.695375 -178.337 0.0871998 0.995419 -0.0392149 9.42929 -0.695713 0.0326759 -0.717579 108.772
-0.706715 0.0839164 0.702505 -176.542 0.0790658 0.996089 -0.0394463 9.29644 -0.703067 0.0276669 -0.710586 106.946
-0.701909 0.0802735 0.707725 -174.701 0.0702724 0.996586 -0.0433421 9.16421 -0.708788 0.0193113 -0.705154 105.12
-0.700452 0.0799345 0.709212 -172.841 0.0699332 0.996613 -0.0432581 9.02252 -0.710268 0.0192973 -0.703669 103.288
-0.699002 0.0795925 0.710677 -171 0.0695953 0.996641 -0.0431672 8.88457 -0.711726 0.0192858 -0.702193 101.464
-0.697568 0.0792477 0.712122 -169.117 0.0692588 0.996669 -0.0430698 8.74815 -0.713163 0.0192766 -0.700732 99.6486
-0.696148 0.0788998 0.713549 -167.239 0.0689236 0.996696 -0.0429655 8.60965 -0.714581 0.0192699 -0.699287 97.8209
-0.694745 0.078549 0.714957 -165.339 0.0685899 0.996724 -0.0428548 8.47549 -0.715981 0.0192656 -0.697856 95.9923
-0.69395 0.0692339 0.716686 -163.435 0.0606608 0.997449 -0.0376199 8.34381 -0.717463 0.0173684 -0.69638 94.1633
-0.692573 0.0688809 0.718054 -161.547 0.0603298 0.997474 -0.0374962 8.20984 -0.718823 0.0173513 -0.694979 92.3398
-0.691369 0.0837704 0.717629 -159.672 0.0789535 0.996067 -0.0402087 8.07588 -0.718174 0.0288602 -0.695264 90.4931
-0.690938 0.0911179 0.717152 -157.801 0.0911729 0.995087 -0.038591 7.93843 -0.717145 0.0387208 -0.695851 88.6475
-0.689618 0.0907165 0.718468 -155.949 0.0908465 0.995122 -0.0384493 7.80861 -0.718452 0.038755 -0.694496 86.8264
-0.688313 0.0903126 0.719765 -154.064 0.0905213 0.995158 -0.0383012 7.68173 -0.719739 0.0387909 -0.693156 85.0262
-0.687031 0.0899064 0.721047 -152.175 0.0901979 0.995193 -0.0381467 7.54524 -0.721011 0.038829 -0.691838 83.2262
-0.685757 0.0894975 0.722306 -150.284 0.0898759 0.995228 -0.0379857 7.41142 -0.722259 0.0388689 -0.690528 81.4087
-0.684501 0.089086 0.723547 -148.409 0.0895554 0.995264 -0.0378181 7.27234 -0.723489 0.038911 -0.689237 79.609
-0.68326 0.0886723 0.724771 -146.528 0.0892365 0.995299 -0.0376446 7.1493 -0.724702 0.038955 -0.687961 77.8243
-0.682035 0.0882563 0.725975 -144.665 0.0889191 0.995334 -0.0374649 7.02939 -0.725894 0.0390006 -0.6867 76.0622
-0.680825 0.0878378 0.727161 -142.769 0.0886031 0.995369 -0.0372791 6.90216 -0.727068 0.0390481 -0.685455 74.2871
-0.679634 0.0874171 0.728326 -140.884 0.0882886 0.995404 -0.0370871 6.77751 -0.728221 0.0390972 -0.684228 72.5303
-0.678454 0.0869938 0.729474 -139.024 0.0879756 0.995439 -0.0368891 6.65182 -0.729356 0.0391484 -0.683013 70.7692
-0.677296 0.0865684 0.730603 -137.125 0.0876644 0.995474 -0.0366849 6.52669 -0.730472 0.0392013 -0.68182 69.0031
-0.67615 0.0861403 0.731711 -135.217 0.0873544 0.995509 -0.0364746 6.40324 -0.731567 0.0392559 -0.680638 67.2378
-0.675022 0.0857099 0.732802 -133.305 0.0870459 0.995544 -0.0362582 6.27464 -0.732645 0.0393123 -0.679475 65.4838
-0.67391 0.085277 0.733872 -131.395 0.086739 0.995579 -0.0360355 6.14386 -0.733701 0.0393707 -0.678328 63.7154
-0.67282 0.084842 0.734926 -129.506 0.0864338 0.995614 -0.0358071 6.03 -0.73474 0.0394307 -0.677202 61.9612
-0.671741 0.0844046 0.73596 -127.592 0.0861299 0.995649 -0.0355728 5.9108 -0.73576 0.0394924 -0.676088 60.2046
-0.670685 0.0839649 0.736976 -125.671 0.0858277 0.995683 -0.0353324 5.78422 -0.736761 0.039556 -0.674996 58.462
-0.670881 0.0814173 0.737083 -123.756 0.0768997 0.996234 -0.0400501 5.65866 -0.737568 0.0298126 -0.674615 56.7469
-0.669845 0.0809879 0.738071 -122.802 0.0765996 0.996267 -0.0398007 5.59065 -0.738539 0.0298756 -0.673549 55.8833
-0.668829 0.0805557 0.739042 -120.893 0.0763012 0.9963 -0.039545 5.45333 -0.739494 0.029941 -0.672501 54.1616
-0.667827 0.0801207 0.739992 -118.981 0.0760043 0.996333 -0.0392831 5.32254 -0.740427 0.0300083 -0.671467 52.4442
-0.666836 0.0796843 0.740932 -118.029 0.0757086 0.996366 -0.0390178 5.24967 -0.741348 0.0300765 -0.670446 51.5883
-0.665853 0.0792467 0.741863 -117.079 0.0754141 0.996399 -0.0387493 5.18271 -0.742262 0.0301456 -0.669432 50.733
-0.664888 0.0788063 0.742776 -115.167 0.0751212 0.996432 -0.0384746 5.05412 -0.743157 0.0302168 -0.668436 49.001
-0.663939 0.0783632 0.743669 -113.253 0.0748301 0.996465 -0.0381938 4.91556 -0.744033 0.0302905 -0.667455 47.2853
-0.663 0.0779187 0.744552 -112.286 0.0745398 0.996497 -0.0379097 4.85778 -0.744898 0.0303646 -0.666486 46.4191
-0.662289 0.0695094 0.746016 -110.334 0.0728597 0.996943 -0.0282068 4.74001 -0.745697 0.0356735 -0.665329 44.6945
-0.661386 0.0690532 0.746858 -108.395 0.0725721 0.996973 -0.0279113 4.63021 -0.746524 0.0357409 -0.664395 42.9864
-0.660504 0.0685953 0.74768 -106.476 0.0722861 0.997002 -0.0276109 4.54438 -0.747332 0.0358097 -0.663483 41.2474
-0.659642 0.0681352 0.748485 -104.528 0.0720012 0.997031 -0.0273056 4.45323 -0.748123 0.0358799 -0.662589 39.5223
-0.658797 0.0676731 0.749269 -102.573 0.0717179 0.99706 -0.0269949 4.34974 -0.748893 0.0359518 -0.661714 37.7882
-0.657964 0.0672098 0.750046 -101.596 0.0714354 0.997088 -0.0266814 4.2966 -0.749655 0.0360244 -0.66085 36.9289
-0.657146 0.0667445 0.750801 -99.6589 0.0711542 0.997117 -0.026363 4.20883 -0.750396 0.0360983 -0.660001 35.2264
-0.65635 0.0662773 0.751538 -97.6976 0.0708744 0.997145 -0.0260394 4.1098 -0.751119 0.0361739 -0.659174 33.5011
-0.655576 0.065808 0.752258 -95.7359 0.0705961 0.997174 -0.0257105 4.00933 -0.751823 0.0362512 -0.658369 31.7765
-0.654817 0.0653364 0.752956 -93.7493 0.0703188 0.997202 -0.0253767 3.91703 -0.752507 0.0363299 -0.657579 30.0477
-0.654084 0.064863 0.753637 -91.7576 0.070043 0.99723 -0.0250378 3.82427 -0.753173 0.0364101 -0.656815 28.3215
-0.653365 0.0643877 0.754299 -89.8061 0.0697684 0.997258 -0.0246942 3.73465 -0.75382 0.0364919 -0.656065 26.6153
-0.652672 0.0639103 0.754942 -87.8167 0.0694951 0.997285 -0.0243454 3.64093 -0.754449 0.0365752 -0.655341 24.9086
-0.651994 0.063431 0.755563 -85.8198 0.0692232 0.997313 -0.0239917 3.54598 -0.755055 0.0366601 -0.654632 23.1838
-0.651341 0.0629495 0.756168 -83.8191 0.0689526 0.99734 -0.0236328 3.44931 -0.755644 0.0367467 -0.653949 21.4665
-0.650707 0.0624661 0.756753 -81.8254 0.0686834 0.997367 -0.0232689 3.34779 -0.756214 0.0368352 -0.653284 19.7507
-0.650095 0.0619806 0.75732 -79.8435 0.0684157 0.997394 -0.0228996 3.24324 -0.756765 0.0369256 -0.652641 18.0631
-0.649505 0.0614933 0.757867 -77.8325 0.0681491 0.997421 -0.0225258 3.16396 -0.757298 0.0370174 -0.65202 16.3506
-0.648933 0.0610039 0.758395 -75.8599 0.0678837 0.997447 -0.022147 3.06818 -0.75781 0.0371108 -0.651418 14.6794
-0.648387 0.0605127 0.758905 -73.8824 0.0676196 0.997474 -0.0217634 2.98286 -0.758305 0.0372057 -0.650841 12.9936
-0.647855 0.0600196 0.759394 -71.94 0.0673567 0.9975 -0.021375 2.88885 -0.758779 0.0373024 -0.650278 11.331
-0.647346 0.0595245 0.759867 -70.0038 0.0670951 0.997526 -0.0209818 2.79447 -0.759236 0.0374009 -0.649738 9.66811
-0.646858 0.0590276 0.760322 -68.0655 0.0668349 0.997552 -0.0205839 2.70423 -0.759676 0.0375012 -0.64922 8.01123
-0.646393 0.0585289 0.760759 -66.1241 0.0665757 0.997577 -0.0201814 2.62621 -0.760097 0.0376029 -0.648723 6.33914
-0.645935 0.0580292 0.761184 -65.1585 0.066317 0.997603 -0.0197767 2.59065 -0.760507 0.037705 -0.648234 5.50656
-0.646892 0.0666377 0.759667 -63.2309 0.0690722 0.9972 -0.028656 2.4935 -0.75945 0.0339346 -0.649683 3.86701
-0.646475 0.0661365 0.760064 -61.3205 0.0688155 0.99723 -0.0282421 2.38813 -0.759826 0.0340463 -0.649235 2.22698
-0.64607 0.0656342 0.76045 -60.3719 0.0685593 0.997259 -0.0278258 2.34299 -0.760192 0.0341585 -0.648799 1.42035
-0.645686 0.06513 0.760819 -58.4816 0.0683048 0.997288 -0.0274044 2.23133 -0.760541 0.034273 -0.648384 -0.178006
-0.645314 0.0646244 0.76118 -57.5536 0.0680512 0.997317 -0.0269801 2.17107 -0.760882 0.0343886 -0.64798 -0.956283
-0.644959 0.0641169 0.761524 -55.7119 0.0677988 0.997346 -0.0265511 2.07558 -0.761205 0.034506 -0.647594 -2.5309
-0.644623 0.0636071 0.761849 -53.9145 0.0675478 0.997374 -0.0261169 1.96045 -0.76151 0.0346257 -0.647227 -4.04313
-0.644309 0.0630954 0.76216 -52.1457 0.0672981 0.997402 -0.0256781 1.86451 -0.7618 0.0347472 -0.646882 -5.51635
-0.64401 0.0625816 0.76245 -50.4289 0.0670496 0.99743 -0.0252344 1.75644 -0.76207 0.0348708 -0.646551 -6.95104
-0.643736 0.0620659 0.76273 -48.723 0.0668023 0.997458 -0.0247863 1.66631 -0.76233 0.0349963 -0.646246 -8.37894
-0.643473 0.0615483 0.762991 -47.0737 0.0665561 0.997486 -0.0243339 1.57686 -0.76257 0.0351234 -0.645952 -9.78158
-0.643232 0.0610291 0.763238 -45.4812 0.0663109 0.997513 -0.0238776 1.49877 -0.762797 0.0352521 -0.64568 -11.117
